4 5 7 9 14 19 21 23 24
4 6 9 11 13 15 17 19 22 24
5 8 9 12 13 14 15 16 19 20 23
5 6 9 12 13 14 15 16 19 22 23
3 9 10 11 12 14 16 17 18 19 25
3 9 11 12 13 14 15 16 17 19 25
4 6 9 11 13 14 15 17 19 22 24
4 7 9 11 13 14 15 17 19 21 24
3 6 8 10 13 14 15 18 20 22 25
4 6 8 11 13 14 15 17 20 22 24
4 6 8 9 13 14 15 19 20 22 24
5 8 9 11 12 14 16 17 19 20 23
3 5 9 12 13 14 15 16 19 23 25
5 7 8 9 11 14 17 19 20 21 23
4 9 10 12 13 14 15 16 18 19 24
4 9 10 11 12 14 16 17 18 19 24
4 5 9 11 13 14 15 17 19 23 24
5 7 8 9 13 14 15 19 20 21 23
4 5 7 9 11 14 17 19 21 23 24
4 6 7 10 13 14 15 18 21 22 24
5 6 8 10 11 14 17 18 20 22 23
4 5 7 9 13 14 15 19 21 23 24
3 5 9 11 12 14 16 17 19 23 25
