8 10
6 12
8 9 10
4 5 13 14
7 8 10 11
3 8 10 15
7 8 9 10 11
3 8 9 10 15
3 4 5 13 14 15
8 10
6 12
8 9 10
4 5 13 14
7 8 10 11
3 8 10 15
7 8 9 10 11
3 8 9 10 15
3 4 5 13 14 15
8 10
6 12
8 9 10
4 5 13 14
7 8 10 11
3 8 10 15
7 8 9 10 11
3 8 9 10 15
3 4 5 13 14 15
8 10
6 12
8 9 10
4 5 13 14
7 8 10 11
3 8 10 15
7 8 9 10 11
3 8 9 10 15
3 4 5 13 14 15
8 10
6 12
8 9 10
4 5 13 14
7 8 10 11
3 8 10 15
7 8 9 10 11
3 8 9 10 15
3 4 5 13 14 15
8 10
6 12
8 9 10
4 5 13 14
7 8 10 11
3 8 10 15
7 8 9 10 11
3 8 9 10 15
3 4 5 13 14 15
