8 12
9 10 11
8 10 12
8 9 11 12
6 9 11 14
7 8 12 13
5 6 14 15
5 8 12 15
4 6 14 16
8 9 10 11 12
7 9 10 11 13
7 8 10 12 13
4 5 6 14 15 16
2 3 7 13 17 18
3 7 8 12 13 17
4 6 9 11 14 16
7 8 9 11 12 13
7 8 9 10 11 12 13
2 3 7 8 12 13 17 18
8 12
9 10 11
8 10 12
8 9 11 12
6 9 11 14
7 8 12 13
5 6 14 15
5 8 12 15
4 6 14 16
8 9 10 11 12
7 9 10 11 13
7 8 10 12 13
4 5 6 14 15 16
2 3 7 13 17 18
3 7 8 12 13 17
4 6 9 11 14 16
7 8 9 11 12 13
7 8 9 10 11 12 13
2 3 7 8 12 13 17 18
8 12
9 10 11
8 10 12
8 9 11 12
6 9 11 14
7 8 12 13
5 6 14 15
5 8 12 15
4 6 14 16
8 9 10 11 12
7 9 10 11 13
7 8 10 12 13
4 5 6 14 15 16
2 3 7 13 17 18
3 7 8 12 13 17
4 6 9 11 14 16
7 8 9 11 12 13
7 8 9 10 11 12 13
2 3 7 8 12 13 17 18
8 12
9 10 11
8 10 12
8 9 11 12
6 9 11 14
7 8 12 13
5 6 14 15
5 8 12 15
4 6 14 16
8 9 10 11 12
7 9 10 11 13
7 8 10 12 13
4 5 6 14 15 16
2 3 7 13 17 18
3 7 8 12 13 17
4 6 9 11 14 16
7 8 9 11 12 13
7 8 9 10 11 12 13
2 3 7 8 12 13 17 18
8 12
9 10 11
8 10 12
8 9 11 12
6 9 11 14
7 8 12 13
5 6 14 15
5 8 12 15
4 6 14 16
8 9 10 11 12
7 9 10 11 13
7 8 10 12 13
4 5 6 14 15 16
2 3 7 13 17 18
3 7 8 12 13 17
4 6 9 11 14 16
7 8 9 11 12 13
7 8 9 10 11 12 13
2 3 7 8 12 13 17 18
8 12
9 10 11
8 10 12
8 9 11 12
6 9 11 14
7 8 12 13
5 6 14 15
5 8 12 15
4 6 14 16
8 9 10 11 12
7 9 10 11 13
7 8 10 12 13
4 5 6 14 15 16
2 3 7 13 17 18
3 7 8 12 13 17
4 6 9 11 14 16
7 8 9 11 12 13
7 8 9 10 11 12 13
2 3 7 8 12 13 17 18
