7 8 9 23 24 25 39 40 41
20 21 22 23 24 25 26 27 28
19 21 22 23 24 25 26 27 29
19 20 22 23 24 25 26 28 29
19 20 21 23 24 25 27 28 29
19 20 21 22 24 26 27 28 29
18 21 22 23 24 25 26 27 30
8 15 17 22 24 26 31 33 40
8 11 18 21 24 27 30 37 40
8 13 14 19 24 29 34 35 40
18 20 21 22 24 26 27 28 30
18 19 21 23 24 25 27 29 30
18 19 21 22 24 26 27 29 30
18 19 20 22 24 26 28 29 30
18 19 20 21 24 27 28 29 30
18 19 20 23 24 25 28 29 30
18 20 22 23 24 25 26 28 30
8 10 15 17 24 31 33 38 40
7 10 22 23 24 25 26 38 41
17 21 22 23 24 25 26 27 31
17 19 21 23 24 25 27 29 31
17 20 22 23 24 25 26 28 31
8 10 15 22 24 26 33 38 40
17 18 22 23 24 25 26 30 31
17 19 21 22 24 26 27 29 31
17 19 20 23 24 25 28 29 31
17 19 20 21 24 27 28 29 31
17 19 20 22 24 26 28 29 31
17 18 21 23 24 25 27 30 31
17 18 21 22 24 26 27 30 31
17 18 19 23 24 25 29 30 31
17 18 20 23 24 25 28 30 31
17 18 20 21 24 27 28 30 31
17 18 19 22 24 26 29 30 31
17 18 19 21 24 27 29 30 31
17 18 19 20 24 28 29 30 31
17 18 20 22 24 26 28 30 31
17 20 21 23 24 25 27 28 31
17 19 22 23 24 25 26 29 31
17 20 21 22 24 26 27 28 31
7 9 22 23 24 25 26 39 41
6 7 9 23 24 25 39 41 42
8 13 18 19 24 29 30 35 40
8 14 18 21 24 27 30 34 40
8 13 14 18 24 30 34 35 40
11 14 18 21 24 27 30 34 37
6 10 15 22 24 26 33 38 42
18 19 22 23 24 25 26 29 30
6 10 22 23 24 25 26 38 42
8 10 22 23 24 25 26 38 40
8 14 18 19 24 29 30 34 40
13 14 18 19 24 29 30 34 35
6 10 15 17 24 31 33 38 42
10 15 17 22 24 26 31 33 38
15 20 21 22 24 26 27 28 33
13 18 19 23 24 25 29 30 35
9 13 14 19 24 29 34 35 39
6 15 17 19 24 29 31 33 42
15 17 22 23 24 25 26 31 33
13 14 19 23 24 25 29 34 35
11 17 18 21 24 27 30 31 37
15 20 22 23 24 25 26 28 33
15 20 21 23 24 25 27 28 33
15 19 21 23 24 25 27 29 33
15 19 21 22 24 26 27 29 33
15 19 20 22 24 26 28 29 33
15 19 20 21 24 27 28 29 33
15 19 22 23 24 25 26 29 33
11 14 15 21 24 27 33 34 37
8 13 19 23 24 25 29 35 40
15 19 20 23 24 25 28 29 33
9 21 22 23 24 25 26 27 39
8 21 22 23 24 25 26 27 40
8 15 19 22 24 26 29 33 40
8 13 18 23 24 25 30 35 40
13 17 21 23 24 25 27 31 35
15 17 20 23 24 25 28 31 33
15 17 19 21 24 27 29 31 33
7 9 21 23 24 25 27 39 41
8 9 13 19 24 29 35 39 40
8 13 15 17 24 31 33 35 40
8 11 15 21 24 27 33 37 40
7 9 11 23 24 25 37 39 41
8 15 17 19 24 29 31 33 40
8 14 15 21 24 27 33 34 40
10 13 15 17 24 31 33 35 38
8 14 19 23 24 25 29 34 40
8 18 19 23 24 25 29 30 40
15 17 21 22 24 26 27 31 33
15 17 21 23 24 25 27 31 33
15 17 19 23 24 25 29 31 33
15 17 20 22 24 26 28 31 33
7 9 19 23 24 25 29 39 41
13 14 18 23 24 25 30 34 35
8 13 17 19 24 29 31 35 40
8 13 15 19 24 29 33 35 40
15 17 19 20 24 28 29 31 33
8 14 18 23 24 25 30 34 40
8 10 21 22 24 26 27 38 40
5 9 11 21 24 27 37 39 43
10 21 22 23 24 25 26 27 38
8 11 15 17 24 31 33 37 40
8 11 21 23 24 25 27 37 40
8 15 17 21 24 27 31 33 40
15 17 20 21 24 27 28 31 33
6 15 19 22 24 26 29 33 42
9 10 21 22 24 26 27 38 39
18 20 21 23 24 25 27 28 30
8 11 14 15 24 33 34 37 40
8 17 19 22 24 26 29 31 40
8 17 18 21 24 27 30 31 40
14 18 22 23 24 25 26 30 34
14 18 19 22 24 26 29 30 34
14 18 19 21 24 27 29 30 34
11 15 17 21 24 27 31 33 37
9 11 21 23 24 25 27 37 39
7 13 19 23 24 25 29 35 41
13 17 19 21 24 27 29 31 35
11 17 19 23 24 25 29 31 37
13 17 19 23 24 25 29 31 35
11 15 21 23 24 25 27 33 37
11 19 21 23 24 25 27 29 37
11 15 19 21 24 27 29 33 37
13 15 21 23 24 25 27 33 35
13 15 17 21 24 27 31 33 35
13 15 19 23 24 25 29 33 35
11 15 17 19 24 29 31 33 37
11 15 17 23 24 25 31 33 37
11 17 21 23 24 25 27 31 37
9 19 21 23 24 25 27 29 39
13 15 19 21 24 27 29 33 35
13 17 20 23 24 25 28 31 35
13 20 21 23 24 25 27 28 35
13 19 20 21 24 27 28 29 35
13 18 20 23 24 25 28 30 35
9 13 19 21 24 27 29 35 39
13 18 20 21 24 27 28 30 35
11 20 21 23 24 25 27 28 37
14 15 21 22 24 26 27 33 34
14 18 19 23 24 25 29 30 34
13 15 17 19 24 29 31 33 35
9 13 19 23 24 25 29 35 39
13 19 21 23 24 25 27 29 35
11 19 20 21 24 27 28 29 37
13 15 17 23 24 25 31 33 35
13 17 19 20 24 28 29 31 35
10 17 22 23 24 25 26 31 38
11 18 21 23 24 25 27 30 37
13 18 19 20 24 28 29 30 35
7 20 22 23 24 25 26 28 41
14 15 21 23 24 25 27 33 34
10 18 22 23 24 25 26 30 38
9 20 22 23 24 25 26 28 39
8 17 18 19 24 29 30 31 40
8 19 22 23 24 25 26 29 40
8 17 21 22 24 26 27 31 40
15 17 19 22 24 26 29 31 33
8 15 21 22 24 26 27 33 40
8 14 21 23 24 25 27 34 40
8 18 21 23 24 25 27 30 40
7 18 19 20 24 28 29 30 41
7 9 20 23 24 25 28 39 41
10 15 21 22 24 26 27 33 38
9 13 17 19 24 29 31 35 39
10 18 21 22 24 26 27 30 38
10 11 15 17 24 31 33 37 38
15 21 22 23 24 25 26 27 33
14 19 21 23 24 25 27 29 34
13 18 21 23 24 25 27 30 35
13 19 20 23 24 25 28 29 35
11 18 20 23 24 25 28 30 37
9 20 21 22 24 26 27 28 39
11 15 20 21 24 27 28 33 37
14 18 21 22 24 26 27 30 34
14 18 21 23 24 25 27 30 34
14 19 22 23 24 25 26 29 34
14 19 21 22 24 26 27 29 34
14 21 22 23 24 25 26 27 34
13 18 19 21 24 27 29 30 35
6 15 17 20 24 28 31 33 42
10 18 21 23 24 25 27 30 38
11 18 20 21 24 27 28 30 37
6 8 10 22 24 26 38 40 42
16 21 22 23 24 25 26 27 32
16 19 22 23 24 25 26 29 32
16 20 21 23 24 25 27 28 32
16 18 22 23 24 25 26 30 32
16 18 20 21 24 27 28 30 32
16 18 19 22 24 26 29 30 32
16 18 19 23 24 25 29 30 32
16 19 20 21 24 27 28 29 32
16 20 22 23 24 25 26 28 32
16 17 22 23 24 25 26 31 32
16 17 20 22 24 26 28 31 32
16 20 21 22 24 26 27 28 32
16 19 21 22 24 26 27 29 32
16 19 20 23 24 25 28 29 32
16 19 20 22 24 26 28 29 32
16 19 21 23 24 25 27 29 32
16 17 21 23 24 25 27 31 32
16 17 20 23 24 25 28 31 32
16 17 21 22 24 26 27 31 32
16 17 18 22 24 26 30 31 32
16 17 19 22 24 26 29 31 32
16 17 19 20 24 28 29 31 32
16 17 19 23 24 25 29 31 32
16 17 18 20 24 28 30 31 32
16 17 18 19 24 29 30 31 32
16 17 19 21 24 27 29 31 32
16 17 18 21 24 27 30 31 32
16 18 21 22 24 26 27 30 32
16 18 20 23 24 25 28 30 32
16 18 21 23 24 25 27 30 32
15 16 21 23 24 25 27 32 33
15 16 21 22 24 26 27 32 33
15 16 20 21 24 27 28 32 33
15 16 19 22 24 26 29 32 33
15 16 20 23 24 25 28 32 33
15 16 19 23 24 25 29 32 33
15 16 19 21 24 27 29 32 33
16 17 20 21 24 27 28 31 32
16 18 19 20 24 28 29 30 32
15 16 20 22 24 26 28 32 33
14 16 19 23 24 25 29 32 34
14 16 21 23 24 25 27 32 34
14 16 21 22 24 26 27 32 34
13 16 20 23 24 25 28 32 35
14 15 16 21 24 27 32 33 34
14 16 22 23 24 25 26 32 34
13 16 17 23 24 25 31 32 35
15 16 22 23 24 25 26 32 33
13 16 21 23 24 25 27 32 35
16 18 19 21 24 27 29 30 32
11 14 15 16 24 32 33 34 37
13 16 18 23 24 25 30 32 35
13 16 18 20 24 28 30 32 35
16 17 18 23 24 25 30 31 32
16 18 20 22 24 26 28 30 32
12 19 20 21 24 27 28 29 36
8 12 15 17 24 31 33 36 40
10 12 15 17 24 31 33 36 38
8 12 17 21 24 27 31 36 40
12 15 19 22 24 26 29 33 36
12 13 15 17 24 31 33 35 36
12 15 17 23 24 25 31 33 36
9 12 13 19 24 29 35 36 39
12 15 17 20 24 28 31 33 36
12 13 14 19 24 29 34 35 36
12 17 20 21 24 27 28 31 36
12 15 22 23 24 25 26 33 36
12 15 19 23 24 25 29 33 36
12 15 20 22 24 26 28 33 36
8 12 21 23 24 25 27 36 40
11 12 15 17 24 31 33 36 37
8 12 22 23 24 25 26 36 40
12 17 20 23 24 25 28 31 36
12 17 21 23 24 25 27 31 36
12 20 21 23 24 25 27 28 36
12 19 21 22 24 26 27 29 36
12 19 20 22 24 26 28 29 36
12 17 20 22 24 26 28 31 36
12 13 19 20 24 28 29 35 36
11 12 20 21 24 27 28 36 37
8 12 21 22 24 26 27 36 40
12 14 19 23 24 25 29 34 36
8 12 19 22 24 26 29 36 40
7 9 12 23 24 25 36 39 41
12 21 22 23 24 25 26 27 36
12 15 20 23 24 25 28 33 36
11 12 14 15 24 33 34 36 37
12 13 15 19 24 29 33 35 36
12 17 22 23 24 25 26 31 36
12 19 20 23 24 25 28 29 36
8 12 15 22 24 26 33 36 40
12 20 21 22 24 26 27 28 36
12 19 22 23 24 25 26 29 36
8 12 13 19 24 29 35 36 40
12 19 21 23 24 25 27 29 36
8 12 17 22 24 26 31 36 40
12 20 22 23 24 25 26 28 36
12 17 21 22 24 26 27 31 36
8 12 19 23 24 25 29 36 40
12 15 17 22 24 26 31 33 36
12 13 19 21 24 27 29 35 36
12 14 21 23 24 25 27 34 36
11 15 18 21 24 27 30 33 37
15 18 21 22 24 26 27 30 33
11 14 17 18 24 30 31 34 37
10 15 19 22 24 26 29 33 38
9 14 18 19 24 29 30 34 39
8 14 15 18 24 30 33 34 40
8 14 17 18 24 30 31 34 40
8 10 19 22 24 26 29 38 40
7 14 18 19 24 29 30 34 41
10 13 17 22 24 26 31 35 38
11 14 15 18 24 30 33 34 37
15 18 22 23 24 25 26 30 33
15 18 19 21 24 27 29 30 33
15 18 21 23 24 25 27 30 33
8 15 18 21 24 27 30 33 40
8 11 15 18 24 30 33 37 40
7 13 14 19 24 29 34 35 41
8 13 17 22 24 26 31 35 40
15 18 20 21 24 27 28 30 33
10 15 17 19 24 29 31 33 38
15 18 20 22 24 26 28 30 33
15 17 18 22 24 26 30 31 33
15 17 18 19 24 29 30 31 33
6 10 19 22 24 26 29 38 42
15 17 18 20 24 28 30 31 33
14 18 20 23 24 25 28 30 34
14 19 20 21 24 27 28 29 34
14 19 20 23 24 25 28 29 34
14 17 18 23 24 25 30 31 34
13 19 20 22 24 26 28 29 35
14 17 22 23 24 25 26 31 34
14 17 19 23 24 25 29 31 34
13 17 21 22 24 26 27 31 35
14 15 20 21 24 27 28 33 34
13 17 22 23 24 25 26 31 35
11 14 15 17 24 31 33 34 37
8 13 19 22 24 26 29 35 40
8 14 15 17 24 31 33 34 40
13 15 19 22 24 26 29 33 35
14 17 21 22 24 26 27 31 34
13 19 21 22 24 26 27 29 35
13 17 20 22 24 26 28 31 35
8 15 17 18 24 30 31 33 40
11 15 17 18 24 30 31 33 37
14 15 17 21 24 27 31 33 34
13 18 22 23 24 25 26 30 35
14 17 21 23 24 25 27 31 34
15 17 18 21 24 27 30 31 33
13 15 21 22 24 26 27 33 35
10 13 17 19 24 29 31 35 38
14 19 20 22 24 26 28 29 34
14 15 18 21 24 27 30 33 34
10 17 19 22 24 26 29 31 38
14 17 19 22 24 26 29 31 34
10 19 21 22 24 26 27 29 38
14 15 18 23 24 25 30 33 34
13 20 21 22 24 26 27 28 35
11 14 20 21 24 27 28 34 37
8 17 19 20 24 28 29 31 40
13 14 18 20 24 28 30 34 35
13 14 19 20 24 28 29 34 35
13 14 15 17 24 31 33 34 35
13 15 17 22 24 26 31 33 35
8 13 20 23 24 25 28 35 40
11 20 22 23 24 25 26 28 37
11 17 18 22 24 26 30 31 37
8 20 21 23 24 25 27 28 40
11 15 18 20 24 28 30 33 37
8 17 20 21 24 27 28 31 40
13 20 22 23 24 25 26 28 35
14 20 21 22 24 26 27 28 34
13 18 21 22 24 26 27 30 35
8 17 20 22 24 26 28 31 40
8 15 20 22 24 26 28 33 40
14 15 20 23 24 25 28 33 34
8 19 20 23 24 25 28 29 40
14 18 20 21 24 27 28 30 34
8 19 20 22 24 26 28 29 40
14 15 17 22 24 26 31 33 34
13 14 20 23 24 25 28 34 35
10 15 20 21 24 27 28 33 38
8 13 18 20 24 28 30 35 40
8 20 21 22 24 26 27 28 40
11 14 15 20 24 28 33 34 37
13 21 22 23 24 25 26 27 35
13 15 18 19 24 29 30 33 35
13 14 17 19 24 29 31 34 35
11 17 22 23 24 25 26 31 37
13 17 19 22 24 26 29 31 35
10 11 15 18 24 30 33 37 38
14 20 21 23 24 25 27 28 34
8 18 19 20 24 28 29 30 40
8 20 22 23 24 25 26 28 40
14 20 22 23 24 25 26 28 34
8 18 20 21 24 27 28 30 40
8 15 20 21 24 27 28 33 40
14 18 20 22 24 26 28 30 34
15 18 19 22 24 26 29 30 33
15 18 19 23 24 25 29 30 33
8 11 22 23 24 25 26 37 40
8 14 17 21 24 27 31 34 40
9 13 18 19 24 29 30 35 39
15 18 20 23 24 25 28 30 33
15 18 19 20 24 28 29 30 33
15 17 18 23 24 25 30 31 33
6 10 21 22 24 26 27 38 42
14 17 18 22 24 26 30 31 34
14 18 19 20 24 28 29 30 34
13 18 19 22 24 26 29 30 35
14 15 20 22 24 26 28 33 34
9 13 18 23 24 25 30 35 39
14 17 18 19 24 29 30 31 34
10 19 21 23 24 25 27 29 38
14 15 18 22 24 26 30 33 34
13 19 22 23 24 25 26 29 35
8 15 17 20 24 28 31 33 40
8 11 20 21 24 27 28 37 40
14 17 19 21 24 27 29 31 34
11 18 22 23 24 25 26 30 37
10 15 17 20 24 28 31 33 38
10 15 20 22 24 26 28 33 38
13 14 19 22 24 26 29 34 35
13 14 18 22 24 26 30 34 35
11 19 22 23 24 25 26 29 37
11 19 20 22 24 26 28 29 37
10 19 22 23 24 25 26 29 38
11 15 18 23 24 25 30 33 37
13 15 18 23 24 25 30 33 35
13 18 20 22 24 26 28 30 35
9 17 18 20 24 28 30 31 39
14 17 18 21 24 27 30 31 34
10 18 19 22 24 26 29 30 38
8 17 18 20 24 28 30 31 40
10 20 22 23 24 25 26 28 38
8 18 20 23 24 25 28 30 40
10 20 21 22 24 26 27 28 38
10 15 17 18 24 30 31 33 38
10 15 18 22 24 26 30 33 38
13 14 15 18 24 30 33 34 35
14 15 17 23 24 25 31 33 34
11 18 21 22 24 26 27 30 37
11 20 21 22 24 26 27 28 37
11 21 22 23 24 25 26 27 37
13 14 17 23 24 25 31 34 35
11 14 19 20 24 28 29 34 37
9 18 20 23 24 25 28 30 39
8 13 19 20 24 28 29 35 40
10 17 20 22 24 26 28 31 38
8 14 17 19 24 29 31 34 40
8 13 14 17 24 31 34 35 40
8 15 18 19 24 29 30 33 40
11 13 19 21 24 27 29 35 37
9 15 21 23 24 25 27 33 39
8 9 15 21 24 27 33 39 40
9 14 15 21 24 27 33 34 39
9 11 13 23 24 25 35 37 39
9 11 15 21 24 27 33 37 39
9 15 21 22 24 26 27 33 39
11 13 15 17 24 31 33 35 37
11 13 15 23 24 25 33 35 37
9 15 20 21 24 27 28 33 39
6 18 19 22 24 26 29 30 42
10 14 21 22 24 26 27 34 38
8 11 13 17 24 31 35 37 40
7 13 17 19 24 29 31 35 41
11 13 19 23 24 25 29 35 37
6 18 20 23 24 25 28 30 42
10 14 22 23 24 25 26 34 38
6 17 18 19 24 29 30 31 42
9 15 19 21 24 27 29 33 39
9 15 17 21 24 27 31 33 39
4 18 19 20 24 28 29 30 44
11 13 17 23 24 25 31 35 37
8 11 13 15 24 33 35 37 40
9 11 13 17 24 31 35 37 39
7 17 19 20 24 28 29 31 41
11 13 18 23 24 25 30 35 37
7 17 18 19 24 29 30 31 41
4 15 17 20 24 28 31 33 44
10 14 15 22 24 26 33 34 38
4 18 20 23 24 25 28 30 44
11 13 14 19 24 29 34 35 37
7 17 20 23 24 25 28 31 41
9 15 19 22 24 26 29 33 39
9 13 14 15 24 33 34 35 39
9 15 19 23 24 25 29 33 39
7 11 15 17 24 31 33 37 41
11 13 15 19 24 29 33 35 37
11 13 17 21 24 27 31 35 37
9 11 13 19 24 29 35 37 39
6 8 18 23 24 25 30 40 42
8 9 15 19 24 29 33 39 40
10 11 13 15 24 33 35 37 38
10 14 18 23 24 25 30 34 38
10 13 14 18 24 30 34 35 38
10 11 13 17 24 31 35 37 38
11 13 14 15 24 33 34 35 37
8 10 14 21 24 27 34 38 40
8 10 14 23 24 25 34 38 40
10 14 15 21 24 27 33 34 38
6 10 14 22 24 26 34 38 42
6 10 18 22 24 26 30 38 42
6 14 18 22 24 26 30 34 42
12 18 19 21 24 27 29 30 36
12 18 21 23 24 25 27 30 36
8 12 18 23 24 25 30 36 40
12 17 18 22 24 26 30 31 36
12 14 18 23 24 25 30 34 36
12 14 18 21 24 27 30 34 36
12 18 19 22 24 26 29 30 36
11 12 18 21 24 27 30 36 37
12 17 18 21 24 27 30 31 36
12 18 20 21 24 27 28 30 36
8 12 18 19 24 29 30 36 40
12 18 22 23 24 25 26 30 36
12 13 18 20 24 28 30 35 36
12 13 14 18 24 30 34 35 36
8 12 18 21 24 27 30 36 40
12 18 21 22 24 26 27 30 36
12 18 19 20 24 28 29 30 36
12 18 19 23 24 25 29 30 36
12 13 18 19 24 29 30 35 36
8 12 14 18 24 30 34 36 40
12 18 20 22 24 26 28 30 36
14 17 20 22 24 26 28 31 34
14 17 18 20 24 28 30 31 34
10 17 19 20 24 28 29 31 38
12 17 18 20 24 28 30 31 36
12 14 18 19 24 29 30 34 36
12 18 20 23 24 25 28 30 36
12 17 18 23 24 25 30 31 36
10 19 20 21 24 27 28 29 38
14 17 20 23 24 25 28 31 34
14 17 19 20 24 28 29 31 34
8 14 19 20 24 28 29 34 40
8 14 15 20 24 28 33 34 40
14 15 17 20 24 28 31 33 34
8 13 14 20 24 28 34 35 40
14 17 20 21 24 27 28 31 34
8 14 20 21 24 27 28 34 40
13 14 17 20 24 28 31 34 35
10 19 20 22 24 26 28 29 38
8 10 20 22 24 26 28 38 40
8 14 20 23 24 25 28 34 40
10 13 19 20 24 28 29 35 38
8 14 18 20 24 28 30 34 40
7 9 15 23 24 25 33 39 41
7 9 17 23 24 25 31 39 41
11 13 21 23 24 25 27 35 37
6 17 18 22 24 26 30 31 42
7 17 19 23 24 25 29 31 41
6 18 19 20 24 28 29 30 42
8 11 13 23 24 25 35 37 40
7 15 17 19 24 29 31 33 41
9 15 20 22 24 26 28 33 39
9 13 15 19 24 29 33 35 39
11 13 20 23 24 25 28 35 37
10 14 21 23 24 25 27 34 38
9 15 22 23 24 25 26 33 39
9 15 17 20 24 28 31 33 39
11 13 19 20 24 28 29 35 37
7 11 17 23 24 25 31 37 41
11 13 17 19 24 29 31 35 37
9 15 20 23 24 25 28 33 39
9 13 15 17 24 31 33 35 39
9 13 15 23 24 25 33 35 39
9 15 17 19 24 29 31 33 39
7 15 17 20 24 28 31 33 41
11 13 20 21 24 27 28 35 37
4 17 19 20 24 28 29 31 44
6 18 22 23 24 25 26 30 42
10 13 14 15 24 33 34 35 38
4 19 20 21 24 27 28 29 44
10 14 18 22 24 26 30 34 38
12 16 19 21 24 27 29 32 36
12 16 19 23 24 25 29 32 36
12 16 17 21 24 27 31 32 36
12 15 16 22 24 26 32 33 36
12 16 21 23 24 25 27 32 36
12 16 19 22 24 26 29 32 36
12 16 21 22 24 26 27 32 36
12 16 22 23 24 25 26 32 36
12 16 17 22 24 26 31 32 36
12 16 17 23 24 25 31 32 36
9 15 17 23 24 25 31 33 39
10 11 13 18 24 30 35 37 38
9 11 15 19 24 29 33 37 39
4 13 19 20 24 28 29 35 44
8 9 15 22 24 26 33 39 40
7 17 18 20 24 28 30 31 41
9 14 15 22 24 26 33 34 39
9 10 15 22 24 26 33 38 39
7 17 20 22 24 26 28 31 41
11 13 14 18 24 30 34 35 37
4 15 20 21 24 27 28 33 44
8 11 13 18 24 30 35 37 40
11 13 18 20 24 28 30 35 37
4 17 20 23 24 25 28 31 44
8 11 13 14 24 34 35 37 40
11 13 15 21 24 27 33 35 37
9 11 13 21 24 27 35 37 39
11 13 18 21 24 27 30 35 37
7 17 18 21 24 27 30 31 41
10 14 18 21 24 27 30 34 38
4 18 20 21 24 27 28 30 44
8 15 16 22 24 26 32 33 40
8 16 22 23 24 25 26 32 40
8 16 19 22 24 26 29 32 40
8 16 21 22 24 26 27 32 40
8 16 18 23 24 25 30 32 40
8 16 18 19 24 29 30 32 40
8 16 17 22 24 26 31 32 40
8 16 19 23 24 25 29 32 40
8 16 17 19 24 29 31 32 40
8 16 17 21 24 27 31 32 40
8 16 18 21 24 27 30 32 40
8 16 21 23 24 25 27 32 40
8 15 16 21 24 27 32 33 40
8 12 14 17 24 31 34 36 40
12 14 15 17 24 31 33 34 36
12 14 19 20 24 28 29 34 36
12 13 17 22 24 26 31 35 36
12 13 19 22 24 26 29 35 36
12 13 21 22 24 26 27 35 36
12 14 17 21 24 27 31 34 36
12 13 20 22 24 26 28 35 36
12 14 20 23 24 25 28 34 36
12 13 14 17 24 31 34 35 36
12 14 17 23 24 25 31 34 36
12 13 14 20 24 28 34 35 36
12 14 20 21 24 27 28 34 36
12 14 15 20 24 28 33 34 36
13 16 19 21 24 27 29 32 35
9 10 11 21 24 27 37 38 39
13 17 18 21 24 27 30 31 35
14 15 19 21 24 27 29 33 34
11 15 17 20 24 28 31 33 37
11 17 19 20 24 28 29 31 37
9 14 19 23 24 25 29 34 39
14 15 19 22 24 26 29 33 34
11 14 15 19 24 29 33 34 37
8 17 19 21 24 27 29 31 40
11 17 18 20 24 28 30 31 37
11 17 20 23 24 25 28 31 37
9 19 20 21 24 27 28 29 39
7 19 22 23 24 25 26 29 41
9 17 20 22 24 26 28 31 39
9 19 20 22 24 26 28 29 39
13 14 15 21 24 27 33 34 35
10 15 17 23 24 25 31 33 38
13 17 18 19 24 29 30 31 35
13 14 19 21 24 27 29 34 35
8 13 17 23 24 25 31 35 40
7 13 19 20 24 28 29 35 41
7 18 21 23 24 25 27 30 41
13 15 20 23 24 25 28 33 35
6 13 15 20 24 28 33 35 42
10 17 18 21 24 27 30 31 38
11 18 19 23 24 25 29 30 37
10 17 21 22 24 26 27 31 38
7 20 21 22 24 26 27 28 41
10 15 17 21 24 27 31 33 38
7 11 18 21 24 27 30 37 41
8 15 21 23 24 25 27 33 40
8 17 19 23 24 25 29 31 40
5 20 22 23 24 25 26 28 43
7 19 20 22 24 26 28 29 41
13 15 17 20 24 28 31 33 35
11 14 19 23 24 25 29 34 37
8 19 21 23 24 25 27 29 40
14 15 19 23 24 25 29 33 34
8 17 18 23 24 25 30 31 40
7 8 18 23 24 25 30 40 41
11 14 21 23 24 25 27 34 37
6 15 20 22 24 26 28 33 42
6 17 20 22 24 26 28 31 42
6 20 22 23 24 25 26 28 42
15 16 17 22 24 26 31 32 33
15 16 17 21 24 27 31 32 33
15 16 17 20 24 28 31 32 33
14 16 18 21 24 27 30 32 34
13 16 19 23 24 25 29 32 35
13 16 18 19 24 29 30 32 35
13 15 16 17 24 31 32 33 35
14 16 18 19 24 29 30 32 34
10 16 22 23 24 25 26 32 38
11 15 19 22 24 26 29 33 37
11 15 22 23 24 25 26 33 37
9 13 19 22 24 26 29 35 39
8 11 15 22 24 26 33 37 40
9 11 18 21 24 27 30 37 39
9 13 22 23 24 25 26 35 39
9 17 18 21 24 27 30 31 39
10 18 20 22 24 26 28 30 38
13 17 18 20 24 28 30 31 35
13 15 19 20 24 28 29 33 35
10 11 18 21 24 27 30 37 38
9 19 20 23 24 25 28 29 39
10 13 18 23 24 25 30 35 38
8 11 14 23 24 25 34 37 40
8 13 17 18 24 30 31 35 40
8 14 15 19 24 29 33 34 40
13 14 15 19 24 29 33 34 35
7 18 20 23 24 25 28 30 41
9 11 20 21 24 27 28 37 39
11 18 19 21 24 27 29 30 37
8 18 19 21 24 27 29 30 40
10 15 21 23 24 25 27 33 38
6 19 20 22 24 26 28 29 42
15 16 17 19 24 29 31 32 33
13 16 17 19 24 29 31 32 35
11 16 18 21 24 27 30 32 37
10 15 16 17 24 31 32 33 38
13 14 16 19 24 29 32 34 35
9 18 19 21 24 27 29 30 39
9 18 21 23 24 25 27 30 39
9 18 21 22 24 26 27 30 39
8 9 18 21 24 27 30 39 40
9 18 20 21 24 27 28 30 39
9 14 18 21 24 27 30 34 39
4 12 20 23 24 25 28 36 44
14 15 19 20 24 28 29 33 34
6 8 20 22 24 26 28 40 42
6 15 17 18 24 30 31 33 42
4 15 20 22 24 26 28 33 44
4 20 22 23 24 25 26 28 44
12 16 20 23 24 25 28 32 36
12 16 19 20 24 28 29 32 36
14 16 18 20 24 28 30 32 34
12 16 20 22 24 26 28 32 36
15 16 17 18 24 30 31 32 33
14 15 16 17 24 31 32 33 34
6 18 19 21 24 27 29 30 42
10 14 15 17 24 31 33 34 38
6 18 20 21 24 27 28 30 42
6 17 18 21 24 27 30 31 42
10 14 17 18 24 30 31 34 38
10 14 18 19 24 29 30 34 38
10 14 19 21 24 27 29 34 38
4 17 20 22 24 26 28 31 44
6 18 21 22 24 26 27 30 42
6 15 18 22 24 26 30 33 42
6 18 21 23 24 25 27 30 42
10 13 14 19 24 29 34 35 38
10 14 17 23 24 25 31 34 38
10 14 17 22 24 26 31 34 38
10 14 19 22 24 26 29 34 38
6 8 18 21 24 27 30 40 42
10 14 19 23 24 25 29 34 38
10 11 14 17 24 31 34 37 38
4 19 20 22 24 26 28 29 44
4 20 21 22 24 26 27 28 44
8 10 14 19 24 29 34 38 40
10 11 21 23 24 25 27 37 38
11 17 20 21 24 27 28 31 37
9 11 20 23 24 25 28 37 39
9 17 19 20 24 28 29 31 39
10 11 15 21 24 27 33 37 38
8 15 19 23 24 25 29 33 40
7 18 22 23 24 25 26 30 41
8 15 22 23 24 25 26 33 40
8 13 21 23 24 25 27 35 40
8 14 21 22 24 26 27 34 40
8 18 19 22 24 26 29 30 40
8 18 21 22 24 26 27 30 40
8 17 18 22 24 26 30 31 40
8 14 22 23 24 25 26 34 40
11 16 20 21 24 27 28 32 37
11 15 16 17 24 31 32 33 37
9 13 16 19 24 29 32 35 39
14 16 18 22 24 26 30 32 34
11 14 15 22 24 26 33 34 37
11 15 17 22 24 26 31 33 37
10 11 15 22 24 26 33 37 38
13 17 18 23 24 25 30 31 35
13 15 20 21 24 27 28 33 35
7 18 19 23 24 25 29 30 41
7 18 20 21 24 27 28 30 41
11 18 19 20 24 28 29 30 37
8 15 19 21 24 27 29 33 40
8 17 21 23 24 25 27 31 40
9 14 22 23 24 25 26 34 39
11 14 15 23 24 25 33 34 37
13 14 18 21 24 27 30 34 35
13 14 21 23 24 25 27 34 35
5 20 21 22 24 26 27 28 43
11 14 18 23 24 25 30 34 37
9 13 19 20 24 28 29 35 39
8 19 21 22 24 26 27 29 40
8 17 22 23 24 25 26 31 40
10 15 22 23 24 25 26 33 38
7 9 19 20 24 28 29 39 41
7 13 20 23 24 25 28 35 41
8 10 11 21 24 27 37 38 40
7 9 20 21 24 27 28 39 41
6 19 22 23 24 25 26 29 42
10 13 17 18 24 30 31 35 38
11 14 18 19 24 29 30 34 37
8 18 22 23 24 25 26 30 40
14 16 18 23 24 25 30 32 34
13 16 19 20 24 28 29 32 35
11 15 16 21 24 27 32 33 37
15 16 17 23 24 25 31 32 33
11 16 21 23 24 25 27 32 37
13 14 16 18 24 30 32 34 35
10 13 18 20 24 28 30 35 38
11 15 20 22 24 26 28 33 37
7 14 18 21 24 27 30 34 41
10 17 18 20 24 28 30 31 38
10 18 20 23 24 25 28 30 38
9 13 21 22 24 26 27 35 39
11 15 21 22 24 26 27 33 37
10 18 20 21 24 27 28 30 38
13 15 20 22 24 26 28 33 35
13 17 18 22 24 26 30 31 35
11 18 19 22 24 26 29 30 37
13 15 18 20 24 28 30 33 35
13 14 21 22 24 26 27 34 35
8 14 17 23 24 25 31 34 40
14 15 18 19 24 29 30 33 34
11 17 20 22 24 26 28 31 37
11 14 22 23 24 25 26 34 37
10 13 22 23 24 25 26 35 38
8 9 19 20 24 28 29 39 40
8 13 15 20 24 28 33 35 40
8 11 17 20 24 28 31 37 40
13 14 17 18 24 30 31 34 35
10 15 18 23 24 25 30 33 38
8 13 21 22 24 26 27 35 40
13 14 20 21 24 27 28 34 35
9 18 19 20 24 28 29 30 39
8 15 18 23 24 25 30 33 40
7 14 18 23 24 25 30 34 41
10 11 21 22 24 26 27 37 38
9 14 18 23 24 25 30 34 39
11 14 20 23 24 25 28 34 37
10 11 20 21 24 27 28 37 38
6 13 15 19 24 29 33 35 42
12 16 20 21 24 27 28 32 36
13 16 19 22 24 26 29 32 35
10 16 20 22 24 26 28 32 38
11 15 18 22 24 26 30 33 37
11 13 18 22 24 26 30 35 37
7 10 15 17 24 31 33 38 41
6 9 15 23 24 25 33 39 42
11 13 20 22 24 26 28 35 37
11 13 21 22 24 26 27 35 37
9 15 18 23 24 25 30 33 39
9 15 18 20 24 28 30 33 39
9 15 18 22 24 26 30 33 39
9 14 15 18 24 30 33 34 39
7 14 17 18 24 30 31 34 41
9 14 17 18 24 30 31 34 39
14 15 18 20 24 28 30 33 34
13 15 18 22 24 26 30 33 35
13 14 17 22 24 26 31 34 35
8 13 20 22 24 26 28 35 40
10 13 20 22 24 26 28 35 38
6 9 15 19 24 29 33 39 42
4 10 14 21 24 27 34 38 44
7 10 17 23 24 25 31 38 41
7 10 13 17 24 31 35 38 41
4 10 14 23 24 25 34 38 44
11 13 14 22 24 26 34 35 37
10 11 13 22 24 26 35 37 38
10 14 20 21 24 27 28 34 38
9 15 18 19 24 29 30 33 39
11 13 22 23 24 25 26 35 37
4 8 20 23 24 25 28 40 44
11 13 19 22 24 26 29 35 37
11 13 17 22 24 26 31 35 37
10 14 20 23 24 25 28 34 38
10 14 20 22 24 26 28 34 38
4 8 18 20 24 28 30 40 44
8 11 13 22 24 26 35 37 40
8 9 15 18 24 30 33 39 40
4 8 20 21 24 27 28 40 44
12 14 20 22 24 26 28 34 36
10 12 20 22 24 26 28 36 38
10 11 17 21 24 27 31 37 38
8 12 19 20 24 28 29 36 40
8 12 20 21 24 27 28 36 40
8 12 20 23 24 25 28 36 40
8 12 20 22 24 26 28 36 40
12 14 17 19 24 29 31 34 36
11 12 22 23 24 25 26 36 37
8 15 17 23 24 25 31 33 40
4 14 15 19 24 29 33 34 44
7 11 18 23 24 25 30 37 41
7 11 18 19 24 29 30 37 41
9 11 19 20 24 28 29 37 39
9 11 17 20 24 28 31 37 39
7 13 20 21 24 27 28 35 41
8 14 18 22 24 26 30 34 40
10 13 19 22 24 26 29 35 38
10 11 19 22 24 26 29 37 38
8 15 18 20 24 28 30 33 40
13 14 20 22 24 26 28 34 35
14 15 17 18 24 30 31 33 34
8 13 19 21 24 27 29 35 40
6 11 17 20 24 28 31 37 42
10 13 15 23 24 25 33 35 38
9 11 14 23 24 25 34 37 39
8 10 18 22 24 26 30 38 40
8 13 14 21 24 27 34 35 40
8 11 18 19 24 29 30 37 40
15 16 18 19 24 29 30 32 33
15 16 18 20 24 28 30 32 33
15 16 18 23 24 25 30 32 33
13 16 17 22 24 26 31 32 35
14 16 17 21 24 27 31 32 34
14 16 17 22 24 26 31 32 34
14 16 20 23 24 25 28 32 34
14 16 17 23 24 25 31 32 34
13 14 16 17 24 31 32 34 35
13 16 20 22 24 26 28 32 35
13 16 21 22 24 26 27 32 35
11 15 16 18 24 30 32 33 37
15 16 18 21 24 27 30 32 33
13 14 16 20 24 28 32 34 35
14 16 20 22 24 26 28 32 34
15 16 18 22 24 26 30 32 33
13 16 18 22 24 26 30 32 35
14 16 20 21 24 27 28 32 34
14 16 19 20 24 28 29 32 34
11 16 22 23 24 25 26 32 37
14 15 16 20 24 28 32 33 34
14 16 17 19 24 29 31 32 34
10 16 21 22 24 26 27 32 38
13 15 16 19 24 29 32 33 35
10 15 16 22 24 26 32 33 38
10 16 18 22 24 26 30 32 38
8 14 17 20 24 28 31 34 40
10 12 22 23 24 25 26 36 38
12 17 19 22 24 26 29 31 36
8 12 15 18 24 30 33 36 40
12 15 18 19 24 29 30 33 36
11 12 15 18 24 30 33 36 37
12 15 18 20 24 28 30 33 36
12 15 18 23 24 25 30 33 36
12 15 18 22 24 26 30 33 36
12 15 17 18 24 30 31 33 36
12 14 15 18 24 30 33 34 36
6 8 18 20 24 28 30 40 42
10 11 13 19 24 29 35 37 38
10 11 16 21 24 27 32 37 38
12 15 18 21 24 27 30 33 36
6 16 20 22 24 26 28 32 42
9 13 17 22 24 26 31 35 39
7 16 18 23 24 25 30 32 41
6 14 20 22 24 26 28 34 42
11 14 17 20 24 28 31 34 37
8 14 20 22 24 26 28 34 40
12 17 19 21 24 27 29 31 36
12 15 19 21 24 27 29 33 36
12 17 19 20 24 28 29 31 36
12 15 17 21 24 27 31 33 36
12 13 17 23 24 25 31 35 36
12 13 20 23 24 25 28 35 36
12 15 20 21 24 27 28 33 36
8 12 17 19 24 29 31 36 40
12 14 21 22 24 26 27 34 36
11 12 15 21 24 27 33 36 37
12 14 22 23 24 25 26 34 36
11 12 21 23 24 25 27 36 37
12 13 19 23 24 25 29 35 36
12 15 17 19 24 29 31 33 36
12 14 15 21 24 27 33 34 36
12 15 21 22 24 26 27 33 36
8 12 15 21 24 27 33 36 40
12 15 21 23 24 25 27 33 36
12 13 21 23 24 25 27 35 36
12 13 17 19 24 29 31 35 36
12 17 19 23 24 25 29 31 36
7 9 14 23 24 25 34 39 41
11 13 14 17 24 31 34 35 37
10 13 14 22 24 26 34 35 38
9 14 15 20 24 28 33 34 39
9 14 15 17 24 31 33 34 39
6 14 17 18 24 30 31 34 42
9 15 16 23 24 25 32 33 39
11 13 16 21 24 27 32 35 37
11 13 16 19 24 29 32 35 37
6 16 18 22 24 26 30 32 42
10 14 16 22 24 26 32 34 38
10 14 16 18 24 30 32 34 38
6 14 18 20 24 28 30 34 42
9 13 15 22 24 26 33 35 39
10 14 17 21 24 27 31 34 38
4 14 18 20 24 28 30 34 44
7 9 18 23 24 25 30 39 41
9 10 14 19 24 29 34 38 39
4 18 20 22 24 26 28 30 44
11 13 16 17 24 31 32 35 37
11 13 15 16 24 32 33 35 37
9 15 16 19 24 29 32 33 39
6 16 18 23 24 25 30 32 42
10 14 16 21 24 27 32 34 38
6 16 18 20 24 28 30 32 42
8 10 12 14 24 34 36 38 40
11 13 16 23 24 25 32 35 37
9 15 16 21 24 27 32 33 39
10 14 16 23 24 25 32 34 38
11 12 13 19 24 29 35 36 37
9 12 15 23 24 25 33 36 39
11 12 13 17 24 31 35 36 37
9 12 15 19 24 29 33 36 39
10 12 14 23 24 25 34 36 38
9 15 16 22 24 26 32 33 39
11 13 14 16 24 32 34 35 37
11 13 16 18 24 30 32 35 37
9 15 16 20 24 28 32 33 39
11 13 16 20 24 28 32 35 37
11 12 13 14 24 34 35 36 37
11 12 13 15 24 33 35 36 37
4 12 20 21 24 27 28 36 44
11 12 13 20 24 28 35 36 37
11 12 13 21 24 27 35 36 37
8 11 12 13 24 35 36 37 40
9 12 15 20 24 28 33 36 39
10 12 14 21 24 27 34 36 38
9 12 15 22 24 26 33 36 39
8 9 12 15 24 33 36 39 40
12 16 18 19 24 29 30 32 36
12 16 18 23 24 25 30 32 36
12 16 18 21 24 27 30 32 36
12 16 18 22 24 26 30 32 36
8 10 12 22 24 26 36 38 40
10 12 21 22 24 26 27 36 38
10 12 15 22 24 26 33 36 38
8 12 16 23 24 25 32 36 40
8 12 16 22 24 26 32 36 40
8 12 16 21 24 27 32 36 40
8 16 20 23 24 25 28 32 40
8 16 20 21 24 27 28 32 40
8 16 19 20 24 28 29 32 40
8 16 20 22 24 26 28 32 40
8 16 18 20 24 28 30 32 40
12 14 16 17 24 31 32 34 36
11 13 14 20 24 28 34 35 37
8 9 15 20 24 28 33 39 40
8 11 13 20 24 28 35 37 40
4 12 20 22 24 26 28 36 44
4 15 18 20 24 28 30 33 44
11 13 15 18 24 30 33 35 37
7 15 17 18 24 30 31 33 41
10 14 15 18 24 30 33 34 38
10 12 14 19 24 29 34 36 38
4 16 20 23 24 25 28 32 44
4 16 20 21 24 27 28 32 44
4 16 18 20 24 28 30 32 44
12 14 17 18 24 30 31 34 36
12 13 18 22 24 26 30 35 36
12 14 18 20 24 28 30 34 36
4 10 14 18 24 30 34 38 44
7 10 17 21 24 27 31 38 41
12 14 17 20 24 28 31 34 36
7 14 17 20 24 28 31 34 41
8 10 14 20 24 28 34 38 40
6 12 18 23 24 25 30 36 42
6 12 18 22 24 26 30 36 42
6 12 18 20 24 28 30 36 42
6 8 12 18 24 30 36 40 42
9 15 18 21 24 27 30 33 39
10 14 18 20 24 28 30 34 38
11 13 15 22 24 26 33 35 37
4 14 17 20 24 28 31 34 44
12 14 18 22 24 26 30 34 36
6 15 18 21 24 27 30 33 42
8 10 18 20 24 28 30 38 40
9 10 19 20 24 28 29 38 39
6 10 12 22 24 26 36 38 42
12 14 16 18 24 30 32 34 36
11 12 14 23 24 25 34 36 37
8 12 14 22 24 26 34 36 40
9 12 18 21 24 27 30 36 39
14 16 17 20 24 28 31 32 34
11 16 18 19 24 29 30 32 37
14 15 16 19 24 29 32 33 34
10 16 18 20 24 28 30 32 38
11 14 16 23 24 25 32 34 37
11 16 17 20 24 28 31 32 37
11 15 16 22 24 26 32 33 37
9 16 18 21 24 27 30 32 39
10 11 19 21 24 27 29 37 38
9 14 19 20 24 28 29 34 39
6 13 20 22 24 26 28 35 42
8 19 20 21 24 27 28 29 40
10 13 15 20 24 28 33 35 38
8 18 20 22 24 26 28 30 40
11 14 17 23 24 25 31 34 37
8 15 20 23 24 25 28 33 40
7 15 18 23 24 25 30 33 41
13 16 17 18 24 30 31 32 35
9 16 19 20 24 28 29 32 39
13 15 16 20 24 28 32 33 35
13 14 16 21 24 27 32 34 35
10 17 19 21 24 27 29 31 38
9 13 17 18 24 30 31 35 39
13 15 17 18 24 30 31 33 35
14 15 17 19 24 29 31 33 34
13 14 15 20 24 28 33 34 35
8 14 17 22 24 26 31 34 40
8 15 18 22 24 26 30 33 40
11 15 18 19 24 29 30 33 37
10 11 17 20 24 28 31 37 38
13 14 17 21 24 27 31 34 35
10 18 19 20 24 28 29 30 38
6 10 20 22 24 26 28 38 42
8 17 20 23 24 25 28 31 40
6 20 21 22 24 26 27 28 42
10 13 19 23 24 25 29 35 38
8 13 18 22 24 26 30 35 40
10 15 18 20 24 28 30 33 38
14 15 16 18 24 30 32 33 34
14 16 17 18 24 30 31 32 34
10 16 19 22 24 26 29 32 38
12 14 17 22 24 26 31 34 36
10 12 19 22 24 26 29 36 38
12 14 16 20 24 28 32 34 36
6 10 16 22 24 26 32 38 42
7 9 16 23 24 25 32 39 41
7 17 20 21 24 27 28 31 41
11 13 15 20 24 28 33 35 37
10 11 13 21 24 27 35 37 38
11 13 14 21 24 27 34 35 37
7 13 17 20 24 28 31 35 41
11 13 17 20 24 28 31 35 37
10 13 14 23 24 25 34 35 38
6 8 18 22 24 26 30 40 42
7 13 17 18 24 30 31 35 41
11 13 17 18 24 30 31 35 37
9 14 15 19 24 29 33 34 39
4 19 20 23 24 25 28 29 44
8 10 14 22 24 26 34 38 40
10 12 16 22 24 26 32 36 38
11 13 18 19 24 29 30 35 37
7 17 18 23 24 25 30 31 41
8 11 13 19 24 29 35 37 40
8 9 15 23 24 25 33 39 40
8 11 13 21 24 27 35 37 40
8 10 14 18 24 30 34 38 40
6 18 19 23 24 25 29 30 42
9 15 17 22 24 26 31 33 39
9 15 19 20 24 28 29 33 39
9 13 15 20 24 28 33 35 39
10 11 14 21 24 27 34 37 38
10 11 13 23 24 25 35 37 38
11 13 14 23 24 25 34 35 37
9 14 15 23 24 25 33 34 39
10 14 15 23 24 25 33 34 38
4 20 21 23 24 25 27 28 44
6 18 20 22 24 26 28 30 42
4 17 20 21 24 27 28 31 44
8 12 18 22 24 26 30 36 40
12 13 17 18 24 30 31 35 36
8 15 16 17 24 31 32 33 40
6 12 20 22 24 26 28 36 42
8 16 19 21 24 27 29 32 40
8 16 18 22 24 26 30 32 40
8 14 16 18 24 30 32 34 40
11 12 13 23 24 25 35 36 37
10 12 14 22 24 26 34 36 38
9 12 15 21 24 27 33 36 39
8 15 16 18 24 30 32 33 40
8 14 16 17 24 31 32 34 40
12 16 18 20 24 28 30 32 36
10 14 16 19 24 29 32 34 38
6 16 18 21 24 27 30 32 42
8 12 18 20 24 28 30 36 40
10 14 16 20 24 28 32 34 38
4 8 20 22 24 26 28 40 44
10 14 19 20 24 28 29 34 38
11 13 16 22 24 26 32 35 37
9 15 16 18 24 30 32 33 39
8 12 14 20 24 28 34 36 40
12 15 16 18 24 30 32 33 36
12 16 17 19 24 29 31 32 36
12 15 16 21 24 27 32 33 36
12 17 18 19 24 29 30 31 36
12 13 18 23 24 25 30 35 36
10 12 18 22 24 26 30 36 38
4 10 14 19 24 29 34 38 44
10 12 14 20 24 28 34 36 38
11 12 13 22 24 26 35 36 37
10 12 14 16 24 32 34 36 38
6 13 18 19 24 29 30 35 42
6 17 18 23 24 25 30 31 42
11 12 13 16 24 32 35 36 37
9 12 15 16 24 32 33 36 39
9 11 13 15 24 33 35 37 39
7 9 15 17 24 31 33 39 41
5 11 13 19 24 29 35 37 43
7 11 13 17 24 31 35 37 41
6 11 13 18 24 30 35 37 42
5 7 17 19 24 29 31 41 43
10 11 13 14 24 34 35 37 38
9 10 14 15 24 33 34 38 39
6 10 14 18 24 30 34 38 42
2 10 14 22 24 26 34 38 46
4 11 13 20 24 28 35 37 44
4 9 15 20 24 28 33 39 44
3 9 15 21 24 27 33 39 45
4 6 18 20 24 28 30 42 44
12 14 16 22 24 26 32 34 36
11 12 13 18 24 30 35 36 37
10 12 14 18 24 30 34 36 38
4 12 18 20 24 28 30 36 44
8 10 14 16 24 32 34 38 40
8 11 13 16 24 32 35 37 40
6 8 16 18 24 30 32 40 42
8 9 15 16 24 32 33 39 40
7 12 18 23 24 25 30 36 41
11 12 18 19 24 29 30 36 37
8 13 16 19 24 29 32 35 40
8 16 17 23 24 25 31 32 40
8 14 16 22 24 26 32 34 40
8 10 16 22 24 26 32 38 40
4 16 20 22 24 26 28 32 44
10 14 17 19 24 29 31 34 38
9 12 15 18 24 30 33 36 39
6 12 16 18 24 30 32 36 42
6 12 18 21 24 27 30 36 42
4 14 20 22 24 26 28 34 44
4 10 20 22 24 26 28 38 44
7 10 14 17 24 31 34 38 41
6 9 15 18 24 30 33 39 42
4 10 14 20 24 28 34 38 44
4 10 14 22 24 26 34 38 44
6 9 15 21 24 27 33 39 42
7 10 17 19 24 29 31 38 41
8 12 16 18 24 30 32 36 40
8 14 16 20 24 28 32 34 40
8 12 16 20 24 28 32 36 40
11 12 17 20 24 28 31 36 37
9 12 19 20 24 28 29 36 39
12 14 15 19 24 29 33 34 36
10 11 12 21 24 27 36 37 38
8 12 17 23 24 25 31 36 40
8 12 19 21 24 27 29 36 40
12 13 15 20 24 28 33 35 36
12 13 14 21 24 27 34 35 36
12 15 16 17 24 31 32 33 36
12 13 16 19 24 29 32 35 36
11 12 15 22 24 26 33 36 37
10 12 18 20 24 28 30 36 38
4 8 12 20 24 28 36 40 44
4 12 16 20 24 28 32 36 44
4 8 16 20 24 28 32 40 44
