4 6 9 11 14 16 19 21
9 10 11 12 13 14 15 16
8 10 11 12 13 14 15 17
8 9 11 12 13 14 16 17
8 9 10 12 13 15 16 17
8 9 10 11 14 15 16 17
7 10 11 12 13 14 15 18
7 8 11 12 13 14 17 18
6 9 11 12 13 14 16 19
7 9 10 12 13 15 16 18
6 10 11 12 13 14 15 19
5 10 11 12 13 14 15 20
5 9 10 12 13 15 16 20
7 9 11 12 13 14 16 18
7 9 10 11 14 15 16 18
6 7 9 11 14 16 18 19
7 8 9 12 13 16 17 18
6 7 8 12 13 17 18 19
6 8 10 11 14 15 17 19
6 7 8 10 15 17 18 19
5 8 11 12 13 14 17 20
4 7 8 12 13 17 18 21
7 8 10 11 14 15 17 18
6 9 10 12 13 15 16 19
7 8 10 12 13 15 17 18
6 9 10 11 14 15 16 19
4 8 11 12 13 14 17 21
4 9 11 12 13 14 16 21
6 7 10 12 13 15 18 19
6 8 9 11 14 16 17 19
6 8 11 12 13 14 17 19
6 7 9 10 15 16 18 19
6 7 11 12 13 14 18 19
5 6 8 11 14 17 19 20
6 8 9 12 13 16 17 19
5 7 8 12 13 17 18 20
5 6 9 11 14 16 19 20
3 4 9 12 13 16 21 22
7 8 9 11 14 16 17 18
4 6 9 12 13 16 19 21
7 8 9 10 15 16 17 18
5 6 7 12 13 18 19 20
4 8 9 12 13 16 17 21
5 9 10 11 14 15 16 20
5 8 10 12 13 15 17 20
5 8 9 10 15 16 17 20
4 7 9 11 14 16 18 21
5 8 9 11 14 16 17 20
6 7 8 11 14 17 18 19
6 8 9 10 15 16 17 19
6 7 9 12 13 16 18 19
