9 11 13 15 17 19 21 23 25
5 7 9 11 17 23 25 27 29
5 11 13 15 17 19 21 23 29
7 11 13 15 17 19 21 23 27
7 9 13 15 17 19 21 25 27
7 9 11 13 17 21 23 25 27
5 9 13 15 17 19 21 25 29
5 9 11 13 17 21 23 25 29
7 9 11 15 17 19 23 25 27
3 5 7 11 17 23 27 29 31
13 14 15 16 17 18 19 20 21
12 14 15 16 17 18 19 20 22
12 13 14 15 17 19 20 21 22
12 13 14 16 17 18 20 21 22
12 13 15 16 17 18 19 21 22
11 13 15 16 17 18 19 21 23
11 14 15 16 17 18 19 20 23
11 13 14 16 17 18 20 21 23
11 13 14 15 17 19 20 21 23
10 13 15 16 17 18 19 21 24
9 12 14 15 17 19 20 22 25
9 13 14 15 17 19 20 21 25
7 13 15 16 17 18 19 21 27
10 11 15 16 17 18 19 23 24
11 12 15 16 17 18 19 22 23
11 12 14 15 17 19 20 22 23
11 12 13 16 17 18 21 22 23
11 12 13 15 17 19 21 22 23
11 12 13 14 17 20 21 22 23
10 13 14 16 17 18 20 21 24
10 13 14 15 17 19 20 21 24
9 14 15 16 17 18 19 20 25
9 13 14 16 17 18 20 21 25
9 12 15 16 17 18 19 22 25
10 11 14 16 17 18 20 23 24
9 11 15 16 17 18 19 23 25
10 14 15 16 17 18 19 20 24
8 12 15 16 17 18 19 22 26
8 10 14 15 17 19 20 24 26
9 10 13 16 17 18 21 24 25
9 11 12 15 17 19 22 23 25
7 12 14 16 17 18 20 22 27
11 12 14 16 17 18 20 22 23
10 12 15 16 17 18 19 22 24
9 13 15 16 17 18 19 21 25
10 12 13 16 17 18 21 22 24
10 11 14 15 17 19 20 23 24
9 12 14 16 17 18 20 22 25
10 12 13 15 17 19 21 22 24
9 11 13 16 17 18 21 23 25
8 13 14 15 17 19 20 21 26
8 11 14 16 17 18 20 23 26
8 14 15 16 17 18 19 20 26
8 11 13 14 17 20 21 23 26
7 11 14 15 17 19 20 23 27
7 10 13 16 17 18 21 24 27
7 8 9 11 17 23 25 26 27
7 10 13 15 17 19 21 24 27
8 9 10 11 17 23 24 25 26
6 8 9 10 17 24 25 26 28
7 8 9 12 17 22 25 26 27
6 10 11 15 17 19 23 24 28
8 9 14 15 17 19 20 25 26
6 11 15 16 17 18 19 23 28
7 9 10 13 17 21 24 25 27
10 12 14 16 17 18 20 22 24
10 12 14 15 17 19 20 22 24
10 11 12 15 17 19 22 23 24
9 10 12 14 17 20 22 24 25
8 10 11 12 17 22 23 24 26
10 12 13 14 17 20 21 22 24
8 13 15 16 17 18 19 21 26
10 11 12 16 17 18 22 23 24
8 13 14 16 17 18 20 21 26
9 10 11 12 17 22 23 24 25
6 12 13 14 17 20 21 22 28
6 9 11 13 17 21 23 25 28
7 10 15 16 17 18 19 24 27
6 7 8 10 17 24 26 27 28
7 9 10 11 17 23 24 25 27
7 10 11 15 17 19 23 24 27
6 9 10 11 17 23 24 25 28
6 8 10 11 17 23 24 26 28
8 9 12 15 17 19 22 25 26
9 12 13 15 17 19 21 22 25
5 13 15 16 17 18 19 21 29
7 12 13 15 17 19 21 22 27
9 12 13 14 17 20 21 22 25
10 11 13 15 17 19 21 23 24
8 11 14 15 17 19 20 23 26
7 13 14 16 17 18 20 21 27
7 13 14 15 17 19 20 21 27
7 12 13 14 17 20 21 22 27
8 10 15 16 17 18 19 24 26
9 11 13 14 17 20 21 23 25
7 11 15 16 17 18 19 23 27
7 12 15 16 17 18 19 22 27
7 9 12 13 17 21 22 25 27
6 10 15 16 17 18 19 24 28
8 10 11 16 17 18 23 24 26
10 11 13 14 17 20 21 23 24
9 10 14 15 17 19 20 24 25
9 12 13 16 17 18 21 22 25
9 11 14 16 17 18 20 23 25
9 11 12 14 17 20 22 23 25
8 12 14 16 17 18 20 22 26
5 11 12 14 17 20 22 23 29
8 9 13 15 17 19 21 25 26
6 11 14 16 17 18 20 23 28
7 8 9 13 17 21 25 26 27
8 9 10 13 17 21 24 25 26
7 10 12 13 17 21 22 24 27
6 8 9 13 17 21 25 26 28
7 10 12 16 17 18 22 24 27
5 11 12 13 17 21 22 23 29
7 9 10 12 17 22 24 25 27
8 9 13 14 17 20 21 25 26
8 9 11 13 17 21 23 25 26
6 11 13 14 17 20 21 23 28
7 8 10 12 17 22 24 26 27
9 11 14 15 17 19 20 23 25
10 11 13 16 17 18 21 23 24
6 7 9 13 17 21 25 27 28
6 13 15 16 17 18 19 21 28
8 12 14 15 17 19 20 22 26
9 10 11 13 17 21 23 24 25
9 10 13 15 17 19 21 24 25
7 9 13 14 17 20 21 25 27
7 9 13 16 17 18 21 25 27
6 12 15 16 17 18 19 22 28
9 10 11 15 17 19 23 24 25
8 10 11 15 17 19 23 24 26
7 11 13 14 17 20 21 23 27
7 9 12 16 17 18 22 25 27
9 10 15 16 17 18 19 24 25
8 10 11 13 17 21 23 24 26
7 11 14 16 17 18 20 23 27
8 11 12 15 17 19 22 23 26
9 10 12 13 17 21 22 24 25
8 11 15 16 17 18 19 23 26
7 9 14 16 17 18 20 25 27
8 10 14 16 17 18 20 24 26
5 6 7 11 17 23 27 28 29
5 7 9 12 17 22 25 27 29
5 7 12 16 17 18 22 27 29
5 7 8 12 17 22 26 27 29
7 10 14 16 17 18 20 24 27
7 10 14 15 17 19 20 24 27
8 9 11 16 17 18 23 25 26
8 9 14 16 17 18 20 25 26
9 11 12 16 17 18 22 23 25
9 10 12 16 17 18 22 24 25
5 7 12 13 17 21 22 27 29
5 6 9 11 17 23 25 28 29
4 9 10 13 17 21 24 25 30
8 9 15 16 17 18 19 25 26
8 9 12 16 17 18 22 25 26
7 9 10 14 17 20 24 25 27
6 7 13 15 17 19 21 27 28
7 8 11 15 17 19 23 26 27
7 8 12 15 17 19 22 26 27
7 11 12 14 17 20 22 23 27
9 10 14 16 17 18 20 24 25
8 10 13 14 17 20 21 24 26
5 9 11 14 17 20 23 25 29
6 9 13 15 17 19 21 25 28
6 9 10 15 17 19 24 25 28
4 12 14 16 17 18 20 22 30
10 11 12 14 17 20 22 23 24
6 9 11 16 17 18 23 25 28
8 9 10 12 17 22 24 25 26
10 11 12 13 17 21 22 23 24
6 8 10 16 17 18 24 26 28
8 10 12 14 17 20 22 24 26
7 9 11 16 17 18 23 25 27
7 8 10 13 17 21 24 26 27
8 9 11 12 17 22 23 25 26
6 8 9 12 17 22 25 26 28
8 9 10 14 17 20 24 25 26
7 9 10 16 17 18 24 25 27
7 8 10 16 17 18 24 26 27
7 10 12 15 17 19 22 24 27
8 9 12 13 17 21 22 25 26
5 8 9 13 17 21 25 26 29
6 8 11 14 17 20 23 26 28
5 7 12 14 17 20 22 27 29
5 7 12 15 17 19 22 27 29
5 6 11 16 17 18 23 28 29
6 10 11 12 17 22 23 24 28
8 9 10 16 17 18 24 25 26
7 10 13 14 17 20 21 24 27
6 13 14 15 17 19 20 21 28
7 10 11 12 17 22 23 24 27
6 10 11 14 17 20 23 24 28
6 7 13 14 17 20 21 27 28
6 10 12 16 17 18 22 24 28
7 8 13 15 17 19 21 26 27
8 10 13 16 17 18 21 24 26
9 11 12 13 17 21 22 23 25
7 11 12 15 17 19 22 23 27
8 12 13 14 17 20 21 22 26
8 11 12 14 17 20 22 23 26
7 8 12 14 17 20 22 26 27
6 12 14 16 17 18 20 22 28
8 11 13 15 17 19 21 23 26
9 10 12 15 17 19 22 24 25
9 10 11 14 17 20 23 24 25
8 10 12 16 17 18 22 24 26
6 9 12 16 17 18 22 25 28
6 10 12 14 17 20 22 24 28
6 7 10 13 17 21 24 27 28
8 9 10 15 17 19 24 25 26
6 11 13 15 17 19 21 23 28
8 9 11 14 17 20 23 25 26
7 9 10 15 17 19 24 25 27
8 9 12 14 17 20 22 25 26
8 9 11 15 17 19 23 25 26
6 7 10 16 17 18 24 27 28
6 10 11 13 17 21 23 24 28
7 10 11 16 17 18 23 24 27
7 10 11 13 17 21 23 24 27
6 8 11 15 17 19 23 26 28
7 8 10 15 17 19 24 26 27
6 10 11 16 17 18 23 24 28
8 9 13 16 17 18 21 25 26
7 10 12 14 17 20 22 24 27
5 7 11 12 17 22 23 27 29
5 6 11 14 17 20 23 28 29
7 8 9 10 17 24 25 26 27
6 8 9 11 17 23 25 26 28
6 7 10 11 17 23 24 27 28
5 7 10 12 17 22 24 27 29
