15 17 19 21 23 25 27
7 13 15 21 27 29 35
9 17 19 21 23 25 33
13 15 17 21 25 27 29
11 15 17 21 25 27 31
7 13 19 21 23 29 35
7 15 17 21 25 27 35
7 17 19 21 23 25 35
13 15 19 21 23 27 29
7 11 17 21 25 31 35
11 17 19 21 23 25 31
9 15 17 21 25 27 33
9 13 15 21 27 29 33
11 15 19 21 23 27 31
13 17 19 21 23 25 29
5 9 19 21 23 33 37
9 15 19 21 23 27 33
7 15 19 21 23 27 35
7 9 15 21 27 33 35
11 13 19 21 23 29 31
9 11 17 21 25 31 33
11 13 17 21 25 29 31
11 13 15 21 27 29 31
18 19 20 21 22 23 24
6 8 20 21 22 34 36
7 8 20 21 22 34 35
17 19 20 21 22 23 25
17 18 20 21 22 24 25
17 18 19 21 23 24 25
7 12 16 21 26 30 35
16 19 20 21 22 23 26
16 17 19 21 23 25 26
16 17 18 21 24 25 26
15 18 20 21 22 24 27
15 19 20 21 22 23 27
7 19 20 21 22 23 35
7 13 18 21 24 29 35
7 10 15 21 27 32 35
15 18 19 21 23 24 27
16 17 20 21 22 25 26
15 17 18 21 24 25 27
15 16 19 21 23 26 27
7 15 18 21 24 27 35
10 15 18 21 24 27 32
7 16 17 21 25 26 35
15 17 20 21 22 25 27
8 19 20 21 22 23 34
16 18 20 21 22 24 26
11 12 17 21 25 30 31
11 16 17 21 25 26 31
12 16 17 21 25 26 30
10 13 15 21 27 29 32
9 19 20 21 22 23 33
16 18 19 21 23 24 26
9 15 16 21 26 27 33
13 18 19 21 23 24 29
13 18 20 21 22 24 29
15 16 20 21 22 26 27
13 17 20 21 22 25 29
9 15 20 21 22 27 33
13 17 18 21 24 25 29
13 15 18 21 24 27 29
15 16 18 21 24 26 27
15 16 17 21 25 26 27
11 12 16 21 26 30 31
12 19 20 21 22 23 30
7 16 20 21 22 26 35
4 9 10 21 32 33 38
8 15 20 21 22 27 34
12 13 19 21 23 29 30
12 16 20 21 22 26 30
8 9 20 21 22 33 34
10 18 19 21 23 24 32
11 17 18 21 24 25 31
13 15 20 21 22 27 29
12 16 19 21 23 26 30
9 16 20 21 22 26 33
12 17 20 21 22 25 30
7 15 16 21 26 27 35
7 18 19 21 23 24 35
7 17 20 21 22 25 35
10 12 13 21 29 30 32
8 18 20 21 22 24 34
7 16 18 21 24 26 35
13 19 20 21 22 23 29
8 9 10 21 32 33 34
10 15 19 21 23 27 32
9 10 15 21 27 32 33
7 18 20 21 22 24 35
3 9 15 21 27 33 39
14 19 20 21 22 23 28
14 17 20 21 22 25 28
14 18 19 21 23 24 28
14 15 19 21 23 27 28
14 16 20 21 22 26 28
14 18 20 21 22 24 28
14 15 17 21 25 27 28
13 14 19 21 23 28 29
14 16 18 21 24 26 28
13 14 18 21 24 28 29
10 14 15 21 27 28 32
14 16 17 21 25 26 28
14 17 18 21 24 25 28
14 16 19 21 23 26 28
14 15 20 21 22 27 28
14 17 19 21 23 25 28
14 15 16 21 26 27 28
9 14 15 21 27 28 33
14 15 18 21 24 27 28
13 16 20 21 22 26 29
13 16 17 21 25 26 29
13 16 19 21 23 26 29
11 16 20 21 22 26 31
11 15 20 21 22 27 31
10 12 15 21 27 30 32
12 15 19 21 23 27 30
10 16 17 21 25 26 32
12 17 18 21 24 25 30
8 17 20 21 22 25 34
12 15 16 21 26 27 30
12 13 16 21 26 29 30
11 17 20 21 22 25 31
8 10 20 21 22 32 34
10 17 20 21 22 25 32
12 13 15 21 27 29 30
12 18 19 21 23 24 30
12 16 18 21 24 26 30
12 13 18 21 24 29 30
10 12 18 21 24 30 32
11 18 20 21 22 24 31
12 18 20 21 22 24 30
10 18 20 21 22 24 32
13 15 16 21 26 27 29
9 10 16 21 26 32 33
10 15 16 21 26 27 32
13 16 18 21 24 26 29
12 15 17 21 25 27 30
7 10 20 21 22 32 35
7 12 15 21 27 30 35
11 19 20 21 22 23 31
10 19 20 21 22 23 32
12 15 20 21 22 27 30
7 12 18 21 24 30 35
7 13 16 21 26 29 35
10 15 20 21 22 27 32
10 16 18 21 24 26 32
8 16 20 21 22 26 34
10 11 19 21 23 31 32
8 10 13 21 29 32 34
9 12 19 21 23 30 33
9 12 16 21 26 30 33
9 12 17 21 25 30 33
9 10 12 21 30 32 33
10 16 20 21 22 26 32
10 13 16 21 26 29 32
12 15 18 21 24 27 30
9 12 13 21 29 30 33
9 12 20 21 22 30 33
10 11 13 21 29 31 32
8 10 11 21 31 32 34
10 11 17 21 25 31 32
8 13 20 21 22 29 34
10 11 15 21 27 31 32
8 12 13 21 29 30 34
8 13 15 21 27 29 34
10 11 18 21 24 31 32
9 10 11 21 31 32 33
10 11 12 21 30 31 32
7 10 11 21 31 32 35
7 9 12 21 30 33 35
7 14 19 21 23 28 35
7 14 20 21 22 28 35
7 14 15 21 27 28 35
7 14 18 21 24 28 35
11 14 17 21 25 28 31
8 14 20 21 22 28 34
11 15 16 21 26 27 31
12 13 17 21 25 29 30
6 11 17 21 25 31 36
7 17 18 21 24 25 35
6 15 18 21 24 27 36
8 13 17 21 25 29 34
10 11 16 21 26 31 32
9 12 15 21 27 30 33
9 10 19 21 23 32 33
11 13 18 21 24 29 31
10 13 19 21 23 29 32
9 16 17 21 25 26 33
13 14 15 21 27 28 29
12 14 16 21 26 28 30
7 16 19 21 23 26 35
7 15 20 21 22 27 35
10 15 17 21 25 27 32
8 10 18 21 24 32 34
9 11 20 21 22 31 33
10 12 20 21 22 30 32
9 15 18 21 24 27 33
8 12 20 21 22 30 34
5 11 16 21 26 31 37
6 9 15 21 27 33 36
10 11 20 21 22 31 32
9 12 18 21 24 30 33
12 14 18 21 24 28 30
13 14 16 21 26 28 29
12 14 15 21 27 28 30
10 14 20 21 22 28 32
4 16 20 21 22 26 38
6 12 18 21 24 30 36
10 11 14 21 28 31 32
9 12 14 21 28 30 33
