20 21 22 23 24 25 26 27 28 29
19 21 22 23 24 25 26 27 28 30
19 20 22 23 24 25 26 27 29 30
19 20 21 22 24 25 27 28 29 30
19 20 21 22 23 26 27 28 29 30
18 21 22 23 24 25 26 27 28 31
18 20 21 22 23 26 27 28 29 31
18 19 21 23 24 25 26 28 30 31
18 19 21 22 24 25 27 28 30 31
18 19 21 22 23 26 27 28 30 31
18 19 20 22 24 25 27 29 30 31
18 19 20 22 23 26 27 29 30 31
18 19 20 21 23 26 28 29 30 31
18 19 20 21 22 27 28 29 30 31
18 19 20 23 24 25 26 29 30 31
18 19 20 21 24 25 28 29 30 31
18 20 22 23 24 25 26 27 29 31
18 20 21 23 24 25 26 28 29 31
18 20 21 22 24 25 27 28 29 31
19 20 21 23 24 25 26 28 29 30
18 19 22 23 24 25 26 27 30 31
17 20 22 23 24 25 26 27 29 32
17 19 21 22 24 25 27 28 30 32
17 19 21 23 24 25 26 28 30 32
17 19 21 22 23 26 27 28 30 32
17 19 20 21 23 26 28 29 30 32
17 19 20 21 24 25 28 29 30 32
17 19 20 21 22 27 28 29 30 32
17 20 21 23 24 25 26 28 29 32
17 20 21 22 24 25 27 28 29 32
17 20 21 22 23 26 27 28 29 32
17 19 20 22 23 26 27 29 30 32
17 19 20 23 24 25 26 29 30 32
17 19 20 22 24 25 27 29 30 32
17 18 21 22 24 25 27 28 31 32
17 21 22 23 24 25 26 27 28 32
17 18 22 23 24 25 26 27 31 32
17 18 21 23 24 25 26 28 31 32
17 18 21 22 23 26 27 28 31 32
17 18 20 23 24 25 26 29 31 32
17 18 19 23 24 25 26 30 31 32
17 18 19 22 24 25 27 30 31 32
17 18 19 22 23 26 27 30 31 32
17 18 19 21 22 27 28 30 31 32
17 18 19 20 24 25 29 30 31 32
17 18 19 21 23 26 28 30 31 32
17 18 19 21 24 25 28 30 31 32
17 18 19 20 23 26 29 30 31 32
17 18 20 22 23 26 27 29 31 32
17 18 20 21 22 27 28 29 31 32
17 18 20 21 23 26 28 29 31 32
17 18 20 21 24 25 28 29 31 32
17 18 20 22 24 25 27 29 31 32
16 20 21 23 24 25 26 28 29 33
16 19 20 22 24 25 27 29 30 33
16 19 20 22 23 26 27 29 30 33
16 18 21 22 24 25 27 28 31 33
16 18 20 21 22 27 28 29 31 33
16 18 20 21 23 26 28 29 31 33
16 19 20 21 24 25 28 29 30 33
16 19 20 21 22 27 28 29 30 33
16 19 20 21 23 26 28 29 30 33
16 18 21 22 23 26 27 28 31 33
16 21 22 23 24 25 26 27 28 33
16 18 20 22 24 25 27 29 31 33
16 20 21 22 24 25 27 28 29 33
16 20 21 22 23 26 27 28 29 33
16 18 20 22 23 26 27 29 31 33
16 18 22 23 24 25 26 27 31 33
16 18 20 23 24 25 26 29 31 33
16 18 20 21 24 25 28 29 31 33
16 19 21 22 24 25 27 28 30 33
16 19 22 23 24 25 26 27 30 33
16 20 22 23 24 25 26 27 29 33
16 19 21 22 23 26 27 28 30 33
16 19 21 23 24 25 26 28 30 33
16 18 19 20 21 28 29 30 31 33
16 18 19 21 23 26 28 30 31 33
16 18 21 23 24 25 26 28 31 33
16 18 19 22 24 25 27 30 31 33
16 18 19 23 24 25 26 30 31 33
16 18 19 22 23 26 27 30 31 33
16 18 19 20 24 25 29 30 31 33
16 18 19 21 24 25 28 30 31 33
16 18 19 21 22 27 28 30 31 33
16 18 19 20 23 26 29 30 31 33
16 18 19 20 22 27 29 30 31 33
17 19 22 23 24 25 26 27 30 32
10 11 17 18 24 25 31 32 38 39
16 19 20 23 24 25 26 29 30 33
9 12 16 19 23 26 30 33 37 40
8 13 15 20 22 27 29 34 36 41
15 18 21 23 24 25 26 28 31 34
15 18 20 23 24 25 26 29 31 34
15 20 21 22 24 25 27 28 29 34
15 20 21 22 23 26 27 28 29 34
15 18 21 22 23 26 27 28 31 34
15 18 20 21 24 25 28 29 31 34
15 18 22 23 24 25 26 27 31 34
15 18 21 22 24 25 27 28 31 34
15 18 20 22 23 26 27 29 31 34
15 18 20 21 22 27 28 29 31 34
14 18 20 22 23 26 27 29 31 35
14 18 20 22 24 25 27 29 31 35
14 18 22 23 24 25 26 27 31 35
14 19 20 22 24 25 27 29 30 35
14 18 20 23 24 25 26 29 31 35
11 17 18 23 24 25 26 31 32 38
14 17 20 23 24 25 26 29 32 35
13 15 20 22 24 25 27 29 34 36
14 19 20 23 24 25 26 29 30 35
10 11 18 23 24 25 26 31 38 39
9 12 19 22 23 26 27 30 37 40
14 17 22 23 24 25 26 27 32 35
14 18 19 22 24 25 27 30 31 35
15 16 21 22 24 25 27 28 33 34
14 16 18 22 24 25 27 31 33 35
14 18 19 23 24 25 26 30 31 35
14 17 20 22 24 25 27 29 32 35
15 20 21 23 24 25 26 28 29 34
15 18 20 21 23 26 28 29 31 34
12 16 19 20 23 26 29 30 33 37
10 11 17 18 23 26 31 32 38 39
10 17 18 19 24 25 30 31 32 39
8 15 20 22 24 25 27 29 34 41
10 17 18 23 24 25 26 31 32 39
12 16 19 22 23 26 27 30 33 37
15 16 22 23 24 25 26 27 33 34
14 19 20 22 23 26 27 29 30 35
9 16 19 22 23 26 27 30 33 40
15 16 21 23 24 25 26 28 33 34
14 16 20 22 24 25 27 29 33 35
15 16 21 22 23 26 27 28 33 34
9 12 15 16 23 26 33 34 37 40
10 11 17 23 24 25 26 32 38 39
10 11 16 18 24 25 31 33 38 39
14 16 22 23 24 25 26 27 33 35
14 16 18 20 23 26 29 31 33 35
14 17 19 20 23 26 29 30 32 35
9 10 11 17 24 25 32 38 39 40
14 17 20 22 23 26 27 29 32 35
15 16 20 21 22 27 28 29 33 34
15 16 20 23 24 25 26 29 33 34
14 17 19 20 22 27 29 30 32 35
14 18 19 20 23 26 29 30 31 35
14 17 19 22 23 26 27 30 32 35
14 17 19 23 24 25 26 30 32 35
14 16 20 22 23 26 27 29 33 35
14 17 19 20 24 25 29 30 32 35
14 16 18 22 23 26 27 31 33 35
14 18 19 20 22 27 29 30 31 35
14 16 20 23 24 25 26 29 33 35
14 16 18 23 24 25 26 31 33 35
15 16 20 22 24 25 27 29 33 34
15 16 20 22 23 26 27 29 33 34
15 16 20 21 23 26 28 29 33 34
17 18 19 20 22 27 29 30 31 32
15 18 20 22 24 25 27 29 31 34
14 16 18 20 24 25 29 31 33 35
11 16 21 23 24 25 26 28 33 38
12 19 20 22 23 26 27 29 30 37
13 17 20 22 24 25 27 29 32 36
11 16 18 23 24 25 26 31 33 38
12 19 20 21 23 26 28 29 30 37
11 16 20 21 23 26 28 29 33 38
12 19 21 22 23 26 27 28 30 37
14 15 22 23 24 25 26 27 34 35
11 18 21 23 24 25 26 28 31 38
13 17 20 21 22 27 28 29 32 36
11 16 20 23 24 25 26 29 33 38
10 18 22 23 24 25 26 27 31 39
11 20 21 23 24 25 26 28 29 38
11 16 18 21 24 25 28 31 33 38
14 20 22 23 24 25 26 27 29 35
12 18 20 22 23 26 27 29 31 37
10 18 19 23 24 25 26 30 31 39
12 16 20 22 23 26 27 29 33 37
10 19 22 23 24 25 26 27 30 39
14 15 16 22 24 25 27 33 34 35
12 17 19 21 22 27 28 30 32 37
12 17 19 22 23 26 27 30 32 37
14 19 22 23 24 25 26 27 30 35
12 20 21 22 23 26 27 28 29 37
15 16 20 21 24 25 28 29 33 34
12 16 18 20 23 26 29 31 33 37
12 18 20 21 22 27 28 29 31 37
13 15 16 22 24 25 27 33 34 36
12 13 16 19 22 27 30 33 36 37
12 15 16 20 23 26 29 33 34 37
14 15 18 22 24 25 27 31 34 35
14 15 18 23 24 25 26 31 34 35
10 17 18 19 23 26 30 31 32 39
12 16 19 20 22 27 29 30 33 37
14 15 16 22 23 26 27 33 34 35
17 18 19 20 21 28 29 30 31 32
15 20 22 23 24 25 26 27 29 34
13 20 21 22 24 25 27 28 29 36
13 19 20 22 24 25 27 29 30 36
13 17 21 22 24 25 27 28 32 36
15 21 22 23 24 25 26 27 28 34
13 19 20 21 24 25 28 29 30 36
11 17 20 23 24 25 26 29 32 38
11 12 13 15 20 29 34 36 37 38
11 12 14 16 20 29 33 35 37 38
10 19 21 22 23 26 27 28 30 39
16 17 20 21 24 25 28 29 32 33
16 17 20 21 23 26 28 29 32 33
16 17 20 21 22 27 28 29 32 33
16 17 20 22 23 26 27 29 32 33
16 17 20 22 24 25 27 29 32 33
16 17 18 23 24 25 26 31 32 33
16 17 19 22 24 25 27 30 32 33
16 17 18 22 24 25 27 31 32 33
16 17 19 20 21 28 29 30 32 33
16 17 21 22 23 26 27 28 32 33
16 17 19 23 24 25 26 30 32 33
16 17 19 22 23 26 27 30 32 33
16 17 18 22 23 26 27 31 32 33
16 17 18 19 21 28 30 31 32 33
16 17 18 20 21 28 29 31 32 33
16 17 18 19 22 27 30 31 32 33
16 17 19 21 23 26 28 30 32 33
16 17 18 21 22 27 28 31 32 33
16 17 18 20 22 27 29 31 32 33
16 17 18 20 24 25 29 31 32 33
16 17 19 20 23 26 29 30 32 33
16 17 18 19 24 25 30 31 32 33
16 17 19 21 24 25 28 30 32 33
16 17 18 21 23 26 28 31 32 33
16 17 19 21 22 27 28 30 32 33
16 17 18 21 24 25 28 31 32 33
16 17 19 20 24 25 29 30 32 33
16 17 18 19 23 26 30 31 32 33
16 17 19 20 22 27 29 30 32 33
16 17 18 20 23 26 29 31 32 33
15 18 19 21 24 25 28 30 31 34
15 18 19 21 22 27 28 30 31 34
15 18 19 21 23 26 28 30 31 34
15 19 20 21 23 26 28 29 30 34
15 18 19 20 24 25 29 30 31 34
15 18 19 20 23 26 29 30 31 34
14 18 20 21 24 25 28 29 31 35
14 20 21 22 23 26 27 28 29 35
14 18 20 21 22 27 28 29 31 35
14 18 20 21 23 26 28 29 31 35
15 17 21 23 24 25 26 28 32 34
14 17 20 21 23 26 28 29 32 35
14 18 19 21 22 27 28 30 31 35
14 17 20 21 22 27 28 29 32 35
14 17 21 22 23 26 27 28 32 35
15 17 20 21 22 27 28 29 32 34
15 19 22 23 24 25 26 27 30 34
15 19 20 23 24 25 26 29 30 34
11 17 18 19 24 25 30 31 32 38
13 15 18 20 22 27 29 31 34 36
13 15 17 20 22 27 29 32 34 36
14 19 21 22 24 25 27 28 30 35
12 15 16 19 23 26 30 33 34 37
11 12 17 18 24 25 31 32 37 38
12 13 16 19 23 26 30 33 36 37
10 12 17 18 24 25 31 32 37 39
14 20 21 22 24 25 27 28 29 35
14 17 21 22 24 25 27 28 32 35
14 16 21 22 23 26 27 28 33 35
14 16 21 22 24 25 27 28 33 35
14 16 21 23 24 25 26 28 33 35
14 17 19 21 24 25 28 30 32 35
14 18 21 22 23 26 27 28 31 35
14 18 21 22 24 25 27 28 31 35
14 19 20 21 24 25 28 29 30 35
14 18 21 23 24 25 26 28 31 35
14 19 21 23 24 25 26 28 30 35
10 11 18 19 24 25 30 31 38 39
10 11 16 17 24 25 32 33 38 39
15 17 20 22 23 26 27 29 32 34
15 17 20 23 24 25 26 29 32 34
14 19 20 21 22 27 28 29 30 35
15 17 18 21 23 26 28 31 32 34
15 17 18 21 24 25 28 31 32 34
15 16 19 22 23 26 27 30 33 34
10 11 17 19 24 25 30 32 38 39
10 11 12 18 24 25 31 37 38 39
9 10 11 18 24 25 31 38 39 40
9 12 13 16 23 26 33 36 37 40
15 16 19 23 24 25 26 30 33 34
15 17 18 21 22 27 28 31 32 34
10 11 12 17 24 25 32 37 38 39
8 13 18 20 22 27 29 31 36 41
14 16 20 21 22 27 28 29 33 35
15 16 19 21 22 27 28 30 33 34
14 16 20 21 23 26 28 29 33 35
15 16 19 21 24 25 28 30 33 34
15 16 19 20 21 28 29 30 33 34
15 16 19 21 23 26 28 30 33 34
14 16 20 21 24 25 28 29 33 35
15 17 18 22 23 26 27 31 32 34
14 16 18 20 21 28 29 31 33 35
15 17 18 20 21 28 29 31 32 34
14 18 19 20 21 28 29 30 31 35
14 16 18 21 22 27 28 31 33 35
15 17 21 22 24 25 27 28 32 34
14 17 21 23 24 25 26 28 32 35
14 18 19 21 23 26 28 30 31 35
13 17 21 23 24 25 26 28 32 36
13 19 20 21 23 26 28 29 30 36
13 19 20 22 23 26 27 29 30 36
13 16 19 23 24 25 26 30 33 36
14 15 21 22 24 25 27 28 34 35
14 15 21 23 24 25 26 28 34 35
13 16 22 23 24 25 26 27 33 36
13 19 21 22 23 26 27 28 30 36
16 17 18 19 20 29 30 31 32 33
13 18 19 21 24 25 28 30 31 36
12 17 21 22 24 25 27 28 32 37
13 16 17 21 24 25 28 32 33 36
13 18 20 22 24 25 27 29 31 36
10 11 13 15 20 29 34 36 38 39
13 18 20 21 22 27 28 29 31 36
11 19 20 23 24 25 26 29 30 38
11 16 19 23 24 25 26 30 33 38
13 18 19 21 22 27 28 30 31 36
13 16 18 22 24 25 27 31 33 36
13 18 19 20 22 27 29 30 31 36
13 15 18 22 24 25 27 31 34 36
13 15 17 20 24 25 29 32 34 36
12 13 15 16 23 26 33 34 36 37
12 15 21 23 24 25 26 28 34 37
13 17 18 22 24 25 27 31 32 36
12 13 20 22 23 26 27 29 36 37
10 11 13 15 22 27 34 36 38 39
14 17 20 21 24 25 28 29 32 35
15 16 19 20 23 26 29 30 33 34
14 15 21 22 23 26 27 28 34 35
12 19 21 23 24 25 26 28 30 37
12 20 22 23 24 25 26 27 29 37
11 18 19 23 24 25 26 30 31 38
12 13 19 20 23 26 29 30 36 37
12 15 20 23 24 25 26 29 34 37
12 16 22 23 24 25 26 27 33 37
13 14 20 23 24 25 26 29 35 36
13 15 17 22 24 25 27 32 34 36
11 17 18 19 23 26 30 31 32 38
11 13 15 17 20 29 32 34 36 38
10 13 15 18 22 27 31 34 36 39
13 15 18 20 24 25 29 31 34 36
12 17 19 23 24 25 26 30 32 37
13 16 18 19 22 27 30 31 33 36
13 18 21 22 24 25 27 28 31 36
13 18 19 22 24 25 27 30 31 36
12 18 20 23 24 25 26 29 31 37
12 16 20 23 24 25 26 29 33 37
12 17 21 23 24 25 26 28 32 37
13 14 15 19 24 25 30 34 35 36
10 15 18 20 22 27 29 31 34 39
10 16 17 19 24 25 30 32 33 39
10 13 20 22 24 25 27 29 36 39
11 15 20 22 24 25 27 29 34 38
11 18 19 21 24 25 28 30 31 38
13 17 18 20 24 25 29 31 32 36
11 16 19 20 23 26 29 30 33 38
12 19 22 23 24 25 26 27 30 37
12 20 21 23 24 25 26 28 29 37
12 20 21 22 24 25 27 28 29 37
14 15 19 23 24 25 26 30 34 35
15 17 18 20 23 26 29 31 32 34
13 17 18 21 24 25 28 31 32 36
13 17 18 20 21 28 29 31 32 36
11 19 20 21 23 26 28 29 30 38
12 15 19 20 23 26 29 30 34 37
12 17 18 21 24 25 28 31 32 37
12 15 18 20 24 25 29 31 34 37
14 16 17 22 23 26 27 32 33 35
10 11 19 23 24 25 26 30 38 39
11 13 17 20 22 27 29 32 36 38
14 15 18 21 23 26 28 31 34 35
11 12 16 18 24 25 31 33 37 38
12 16 18 23 24 25 26 31 33 37
12 14 18 20 21 28 29 31 35 37
13 16 18 21 22 27 28 31 33 36
15 19 21 22 24 25 27 28 30 34
15 19 21 22 23 26 27 28 30 34
13 17 22 23 24 25 26 27 32 36
14 19 21 22 23 26 27 28 30 35
13 20 21 22 23 26 27 28 29 36
13 16 19 21 23 26 28 30 33 36
13 16 19 22 23 26 27 30 33 36
13 15 20 22 23 26 27 29 34 36
14 18 19 21 24 25 28 30 31 35
13 14 19 23 24 25 26 30 35 36
13 15 19 20 24 25 29 30 34 36
12 13 15 16 19 30 33 34 36 37
11 16 17 23 24 25 26 32 33 38
12 15 18 23 24 25 26 31 34 37
13 19 22 23 24 25 26 27 30 36
13 15 19 22 24 25 27 30 34 36
10 15 19 21 22 27 28 30 34 39
10 11 18 22 24 25 27 31 38 39
13 16 17 22 24 25 27 32 33 36
12 13 15 18 20 29 31 34 36 37
12 13 14 17 21 28 32 35 36 37
14 15 18 19 24 25 30 31 34 35
11 16 17 20 24 25 29 32 33 38
11 14 17 22 23 26 27 32 35 38
14 15 18 21 22 27 28 31 34 35
10 18 20 23 24 25 26 29 31 39
12 16 17 19 22 27 30 32 33 37
13 15 16 19 24 25 30 33 34 36
12 17 18 23 24 25 26 31 32 37
14 20 21 23 24 25 26 28 29 35
14 21 22 23 24 25 26 27 28 35
12 18 21 23 24 25 26 28 31 37
13 20 22 23 24 25 26 27 29 36
11 20 22 23 24 25 26 27 29 38
14 17 19 21 23 26 28 30 32 35
13 17 18 20 22 27 29 31 32 36
11 16 18 19 24 25 30 31 33 38
12 13 18 20 22 27 29 31 36 37
15 19 21 23 24 25 26 28 30 34
15 18 19 20 22 27 29 30 31 34
13 19 21 23 24 25 26 28 30 36
14 15 17 23 24 25 26 32 34 35
11 20 21 22 23 26 27 28 29 38
12 14 15 16 24 25 33 34 35 37
11 13 20 21 23 26 28 29 36 38
13 19 20 23 24 25 26 29 30 36
13 15 22 23 24 25 26 27 34 36
12 15 16 23 24 25 26 33 34 37
11 14 20 21 23 26 28 29 35 38
13 16 21 23 24 25 26 28 33 36
11 17 19 20 23 26 29 30 32 38
11 15 17 20 24 25 29 32 34 38
12 13 15 19 20 29 30 34 36 37
16 17 21 22 24 25 27 28 32 33
16 17 20 23 24 25 26 29 32 33
16 17 21 23 24 25 26 28 32 33
16 17 22 23 24 25 26 27 32 33
15 19 20 21 24 25 28 29 30 34
15 18 19 22 24 25 27 30 31 34
15 18 19 23 24 25 26 30 31 34
15 18 19 20 21 28 29 30 31 34
15 17 20 22 24 25 27 29 32 34
15 17 20 21 24 25 28 29 32 34
15 19 20 22 24 25 27 29 30 34
15 19 20 22 23 26 27 29 30 34
9 16 19 20 23 26 29 30 33 40
9 15 16 19 23 26 30 33 34 40
11 16 17 18 24 25 31 32 33 38
14 19 20 21 23 26 28 29 30 35
11 13 15 20 22 27 29 34 36 38
10 13 15 20 22 27 29 34 36 39
15 17 22 23 24 25 26 27 32 34
15 17 20 21 23 26 28 29 32 34
15 17 18 23 24 25 26 31 32 34
15 16 19 22 24 25 27 30 33 34
14 17 19 21 22 27 28 30 32 35
15 17 18 22 24 25 27 31 32 34
15 17 18 20 22 27 29 31 32 34
15 16 19 20 22 27 29 30 33 34
15 17 18 20 24 25 29 31 32 34
14 16 18 21 24 25 28 31 33 35
14 17 19 20 21 28 29 30 32 35
15 19 20 21 22 27 28 29 30 34
15 17 21 22 23 26 27 28 32 34
13 17 20 21 23 26 28 29 32 36
13 17 20 23 24 25 26 29 32 36
13 16 21 22 23 26 27 28 33 36
13 18 20 21 24 25 28 29 31 36
12 13 14 15 19 30 34 35 36 37
12 17 18 22 24 25 27 31 32 37
13 18 19 20 21 28 29 30 31 36
12 16 19 23 24 25 26 30 33 37
12 18 20 21 24 25 28 29 31 37
13 16 18 19 24 25 30 31 33 36
13 14 19 20 23 26 29 30 35 36
14 15 19 22 24 25 27 30 34 35
12 17 19 21 24 25 28 30 32 37
12 18 22 23 24 25 26 27 31 37
14 15 16 21 23 26 28 33 34 35
14 16 17 22 24 25 27 32 33 35
13 16 18 21 24 25 28 31 33 36
12 19 20 22 24 25 27 29 30 37
15 16 19 20 24 25 29 30 33 34
9 17 18 19 24 25 30 31 32 40
13 16 18 19 21 28 30 31 33 36
12 13 19 21 23 26 28 30 36 37
14 16 17 20 22 27 29 32 33 35
9 13 15 16 23 26 33 34 36 40
14 16 17 20 24 25 29 32 33 35
14 15 16 21 24 25 28 33 34 35
12 16 19 22 24 25 27 30 33 37
13 17 20 22 23 26 27 29 32 36
13 15 20 23 24 25 26 29 34 36
14 15 17 22 24 25 27 32 34 35
12 13 20 21 23 26 28 29 36 37
13 16 17 21 22 27 28 32 33 36
11 14 20 22 23 26 27 29 35 38
11 17 18 22 24 25 27 31 32 38
10 11 17 20 24 25 29 32 38 39
14 15 17 22 23 26 27 32 34 35
13 15 19 20 22 27 29 30 34 36
13 14 19 21 24 25 28 30 35 36
12 13 15 20 23 26 29 34 36 37
11 14 15 16 21 28 33 34 35 38
13 14 17 20 23 26 29 32 35 36
12 19 21 22 24 25 27 28 30 37
12 19 20 23 24 25 26 29 30 37
12 17 22 23 24 25 26 27 32 37
10 17 20 23 24 25 26 29 32 39
12 13 19 22 23 26 27 30 36 37
10 18 20 22 23 26 27 29 31 39
11 14 19 20 23 26 29 30 35 38
12 16 17 19 23 26 30 32 33 37
12 14 16 17 22 27 32 33 35 37
13 14 16 21 24 25 28 33 35 36
12 13 14 18 20 29 31 35 36 37
11 17 20 22 23 26 27 29 32 38
14 16 17 23 24 25 26 32 33 35
12 13 18 20 21 28 29 31 36 37
14 16 17 20 23 26 29 32 33 35
11 14 17 19 23 26 30 32 35 38
13 15 16 19 22 27 30 33 34 36
11 15 17 18 24 25 31 32 34 38
11 15 20 21 22 27 28 29 34 38
12 15 17 18 21 28 31 32 34 37
10 16 17 19 21 28 30 32 33 39
13 14 15 18 24 25 31 34 35 36
12 14 17 21 22 27 28 32 35 37
13 15 16 22 23 26 27 33 34 36
11 14 16 20 21 28 29 33 35 38
13 21 22 23 24 25 26 27 28 36
13 20 21 23 24 25 26 28 29 36
11 18 22 23 24 25 26 27 31 38
11 20 21 22 24 25 27 28 29 38
11 17 22 23 24 25 26 27 32 38
13 14 16 18 24 25 31 33 35 36
15 17 19 21 24 25 28 30 32 34
15 17 19 21 22 27 28 30 32 34
15 17 19 22 24 25 27 30 32 34
15 17 19 22 23 26 27 30 32 34
15 17 19 20 24 25 29 30 32 34
15 17 19 20 21 28 29 30 32 34
15 17 19 20 22 27 29 30 32 34
15 17 18 19 20 29 30 31 32 34
15 17 18 19 23 26 30 31 32 34
15 17 18 19 24 25 30 31 32 34
15 17 19 23 24 25 26 30 32 34
14 15 16 17 23 26 32 33 34 35
15 16 17 21 24 25 28 32 33 34
15 16 17 21 23 26 28 32 33 34
15 17 19 21 23 26 28 30 32 34
13 18 20 21 23 26 28 29 31 36
13 16 18 23 24 25 26 31 33 36
15 16 17 20 21 28 29 32 33 34
13 16 18 19 23 26 30 31 33 36
15 16 17 20 24 25 29 32 33 34
13 16 18 22 23 26 27 31 33 36
11 19 20 22 23 26 27 29 30 38
13 14 18 23 24 25 26 31 35 36
14 15 17 19 24 25 30 32 34 35
14 15 16 17 24 25 32 33 34 35
14 15 16 17 22 27 32 33 34 35
13 18 22 23 24 25 26 27 31 36
13 15 16 17 22 27 32 33 34 36
12 15 16 17 23 26 32 33 34 37
15 17 18 19 22 27 30 31 32 34
12 13 15 18 23 26 31 34 36 37
10 11 19 22 24 25 27 30 38 39
13 14 15 18 23 26 31 34 35 36
15 17 19 20 23 26 29 30 32 34
15 17 18 19 21 28 30 31 32 34
13 18 19 23 24 25 26 30 31 36
13 18 19 21 23 26 28 30 31 36
13 18 20 22 23 26 27 29 31 36
13 18 19 20 23 26 29 30 31 36
13 17 18 23 24 25 26 31 32 36
13 18 20 23 24 25 26 29 31 36
15 16 17 23 24 25 26 32 33 34
13 15 18 22 23 26 27 31 34 36
13 15 18 20 23 26 29 31 34 36
11 19 22 23 24 25 26 27 30 38
15 16 17 21 22 27 28 32 33 34
11 18 19 22 24 25 27 30 31 38
11 19 21 22 24 25 27 28 30 38
11 17 19 22 23 26 27 30 32 38
12 13 18 20 23 26 29 31 36 37
11 18 19 21 22 27 28 30 31 38
14 15 17 19 23 26 30 32 34 35
13 18 21 23 24 25 26 28 31 36
14 15 17 19 22 27 30 32 34 35
13 15 18 23 24 25 26 31 34 36
11 19 21 22 23 26 27 28 30 38
11 15 18 19 21 28 30 31 34 38
11 15 18 19 24 25 30 31 34 38
11 15 16 17 20 29 32 33 34 38
15 16 17 22 23 26 27 32 33 34
13 18 19 22 23 26 27 30 31 36
15 16 17 22 24 25 27 32 33 34
15 16 17 20 22 27 29 32 33 34
15 16 17 20 23 26 29 32 33 34
13 17 18 20 23 26 29 31 32 36
13 14 18 19 23 26 30 31 35 36
13 14 18 20 23 26 29 31 35 36
11 17 18 19 22 27 30 31 32 38
11 15 16 17 24 25 32 33 34 38
11 13 15 19 20 29 30 34 36 38
14 17 18 22 24 25 27 31 32 35
15 16 18 21 24 25 28 31 33 34
15 16 18 21 22 27 28 31 33 34
14 17 18 20 24 25 29 31 32 35
15 16 18 22 23 26 27 31 33 34
14 17 18 22 23 26 27 31 32 35
15 16 18 20 24 25 29 31 33 34
15 16 18 21 23 26 28 31 33 34
14 16 19 20 23 26 29 30 33 35
14 16 18 19 23 26 30 31 33 35
14 16 18 19 24 25 30 31 33 35
15 16 18 20 21 28 29 31 33 34
11 18 20 23 24 25 26 29 31 38
13 16 20 22 24 25 27 29 33 36
13 17 19 21 24 25 28 30 32 36
13 16 19 20 22 27 29 30 33 36
13 16 20 21 22 27 28 29 33 36
10 17 22 23 24 25 26 27 32 39
14 15 20 22 24 25 27 29 34 35
10 18 21 22 23 26 27 28 31 39
13 17 19 20 24 25 29 30 32 36
13 16 19 20 24 25 29 30 33 36
13 17 19 20 21 28 29 30 32 36
13 16 19 20 21 28 29 30 33 36
13 17 19 20 22 27 29 30 32 36
12 18 19 21 22 27 28 30 31 37
11 15 20 23 24 25 26 29 34 38
12 16 18 19 20 29 30 31 33 37
12 14 18 20 23 26 29 31 35 37
12 17 18 19 23 26 30 31 32 37
10 17 18 19 22 27 30 31 32 39
9 12 13 16 22 27 33 36 37 40
12 17 18 19 22 27 30 31 32 37
12 16 18 19 23 26 30 31 33 37
12 17 20 21 23 26 28 29 32 37
11 16 18 20 23 26 29 31 33 38
12 17 20 22 23 26 27 29 32 37
8 18 20 21 24 25 28 29 31 41
10 16 19 23 24 25 26 30 33 39
12 16 19 21 22 27 28 30 33 37
12 14 16 19 22 27 30 33 35 37
12 16 20 21 22 27 28 29 33 37
6 16 19 22 23 26 27 30 33 43
8 13 17 20 24 25 29 32 36 41
13 14 16 22 24 25 27 33 35 36
9 10 17 19 24 25 30 32 39 40
12 16 18 20 21 28 29 31 33 37
14 15 18 20 22 27 29 31 34 35
12 14 16 20 23 26 29 33 35 37
12 18 19 20 22 27 29 30 31 37
12 16 20 21 23 26 28 29 33 37
10 17 19 22 23 26 27 30 32 39
8 19 21 22 23 26 27 28 30 41
10 11 16 18 23 26 31 33 38 39
14 15 18 20 24 25 29 31 34 35
9 10 11 16 24 25 33 38 39 40
9 12 13 19 22 27 30 36 37 40
14 17 18 19 22 27 30 31 32 35
11 14 20 23 24 25 26 29 35 38
12 18 19 22 23 26 27 30 31 37
12 17 19 20 22 27 29 30 32 37
10 16 19 21 23 26 28 30 33 39
10 14 17 19 22 27 30 32 35 39
11 14 18 20 23 26 29 31 35 38
12 14 18 22 23 26 27 31 35 37
11 15 16 21 23 26 28 33 34 38
10 11 12 17 23 26 32 37 38 39
12 17 18 20 21 28 29 31 32 37
10 16 18 19 23 26 30 31 33 39
12 16 18 19 22 27 30 31 33 37
13 14 17 19 24 25 30 32 35 36
13 17 19 21 22 27 28 30 32 36
13 17 19 22 24 25 27 30 32 36
11 16 18 20 21 28 29 31 33 38
11 17 18 20 24 25 29 31 32 38
11 18 20 21 23 26 28 29 31 38
9 10 12 19 23 26 30 37 39 40
10 18 19 21 23 26 28 30 31 39
13 15 20 21 24 25 28 29 34 36
12 14 15 16 23 26 33 34 35 37
11 14 15 16 24 25 33 34 35 38
11 14 16 18 20 29 31 33 35 38
13 14 15 20 24 25 29 34 35 36
12 13 15 16 20 29 33 34 36 37
13 14 20 22 24 25 27 29 35 36
9 12 17 19 23 26 30 32 37 40
11 12 13 16 20 29 33 36 37 38
11 18 20 21 24 25 28 29 31 38
10 15 18 21 22 27 28 31 34 39
10 13 17 22 24 25 27 32 36 39
11 15 18 20 24 25 29 31 34 38
11 16 18 20 24 25 29 31 33 38
10 12 18 19 23 26 30 31 37 39
12 15 16 18 23 26 31 33 34 37
11 13 15 16 21 28 33 34 36 38
9 10 17 22 24 25 27 32 39 40
13 14 17 22 24 25 27 32 35 36
12 14 19 22 23 26 27 30 35 37
8 19 22 23 24 25 26 27 30 41
11 14 18 23 24 25 26 31 35 38
12 13 17 19 22 27 30 32 36 37
10 15 18 22 24 25 27 31 34 39
10 12 19 22 23 26 27 30 37 39
13 14 15 22 24 25 27 34 35 36
9 12 13 17 22 27 32 36 37 40
8 17 18 20 23 26 29 31 32 41
13 15 16 21 24 25 28 33 34 36
11 15 16 18 24 25 31 33 34 38
11 14 16 18 24 25 31 33 35 38
11 13 20 21 24 25 28 29 36 38
12 15 16 21 23 26 28 33 34 37
12 14 15 16 22 27 33 34 35 37
12 15 16 20 22 27 29 33 34 37
10 17 18 22 23 26 27 31 32 39
11 12 14 15 20 29 34 35 37 38
10 14 16 19 22 27 30 33 35 39
13 15 21 22 24 25 27 28 34 36
12 13 14 16 20 29 33 35 36 37
11 12 14 18 20 29 31 35 37 38
9 11 12 16 23 26 33 37 38 40
11 15 16 18 21 28 31 33 34 38
12 14 15 18 20 29 31 34 35 37
10 17 21 22 24 25 27 28 32 39
13 16 20 21 24 25 28 29 33 36
14 15 20 23 24 25 26 29 34 35
13 14 16 20 24 25 29 33 35 36
12 13 15 16 24 25 33 34 36 37
12 13 14 16 24 25 33 35 36 37
12 13 14 20 24 25 29 35 36 37
12 13 20 22 24 25 27 29 36 37
12 13 19 21 24 25 28 30 36 37
12 13 14 15 24 25 34 35 36 37
10 18 19 20 23 26 29 30 31 39
12 13 14 19 24 25 30 35 36 37
10 14 18 19 20 29 30 31 35 39
12 13 21 22 24 25 27 28 36 37
12 13 17 21 24 25 28 32 36 37
10 13 14 19 23 26 30 35 36 39
9 18 21 22 23 26 27 28 31 40
12 13 17 22 24 25 27 32 36 37
11 13 15 16 22 27 33 34 36 38
10 13 15 22 23 26 27 34 36 39
10 14 19 20 23 26 29 30 35 39
11 16 20 21 22 27 28 29 33 38
10 19 20 22 24 25 27 29 30 39
10 18 19 20 24 25 29 30 31 39
10 19 20 21 23 26 28 29 30 39
11 15 16 21 22 27 28 33 34 38
10 11 13 16 22 27 33 36 38 39
11 16 18 22 24 25 27 31 33 38
11 16 21 22 24 25 27 28 33 38
10 13 19 22 23 26 27 30 36 39
12 13 14 17 24 25 32 35 36 37
12 13 20 21 24 25 28 29 36 37
14 17 18 20 23 26 29 31 32 35
14 17 18 23 24 25 26 31 32 35
15 16 18 22 24 25 27 31 33 34
14 17 18 20 22 27 29 31 32 35
14 16 19 22 24 25 27 30 33 35
14 17 18 19 24 25 30 31 32 35
14 16 19 20 22 27 29 30 33 35
14 16 19 20 24 25 29 30 33 35
14 16 18 19 20 29 30 31 33 35
14 17 18 19 20 29 30 31 32 35
8 19 20 22 24 25 27 29 30 41
12 18 19 20 23 26 29 30 31 37
14 15 16 18 24 25 31 33 34 35
10 16 22 23 24 25 26 27 33 39
11 12 18 20 21 28 29 31 37 38
12 15 20 22 23 26 27 29 34 37
14 15 20 22 23 26 27 29 34 35
12 15 16 22 23 26 27 33 34 37
12 13 16 19 20 29 30 33 36 37
10 11 16 23 24 25 26 33 38 39
10 11 12 18 23 26 31 37 38 39
10 18 21 23 24 25 26 28 31 39
10 13 17 19 21 28 30 32 36 39
13 14 15 16 22 27 33 34 35 36
10 16 18 23 24 25 26 31 33 39
12 17 18 19 21 28 30 31 32 37
10 14 19 22 24 25 27 30 35 39
9 13 16 21 22 27 28 33 36 40
10 16 21 23 24 25 26 28 33 39
10 12 16 19 23 26 30 33 37 39
10 17 18 19 21 28 30 31 32 39
14 15 18 20 23 26 29 31 34 35
10 13 14 19 24 25 30 35 36 39
9 12 17 22 23 26 27 32 37 40
12 13 17 20 21 28 29 32 36 37
12 13 17 20 22 27 29 32 36 37
11 12 13 17 20 29 32 36 37 38
12 14 15 18 23 26 31 34 35 37
9 13 15 16 22 27 33 34 36 40
11 14 15 16 23 26 33 34 35 38
11 14 16 23 24 25 26 33 35 38
12 18 19 21 23 26 28 30 31 37
11 14 17 23 24 25 26 32 35 38
14 15 16 20 24 25 29 33 34 35
10 15 22 23 24 25 26 27 34 39
10 12 16 19 22 27 30 33 37 39
13 15 16 20 24 25 29 33 34 36
12 13 16 19 21 28 30 33 36 37
9 13 15 16 21 28 33 34 36 40
11 12 16 18 20 29 31 33 37 38
12 13 14 15 20 29 34 35 36 37
10 13 14 15 22 27 34 35 36 39
11 13 16 21 24 25 28 33 36 38
10 16 19 22 23 26 27 30 33 39
10 11 15 18 24 25 31 34 38 39
10 16 19 20 22 27 29 30 33 39
10 19 20 23 24 25 26 29 30 39
10 17 19 20 21 28 29 30 32 39
10 11 16 18 22 27 31 33 38 39
11 14 16 20 22 27 29 33 35 38
11 12 16 20 22 27 29 33 37 38
10 12 13 16 24 25 33 36 37 39
12 13 16 22 24 25 27 33 36 37
11 12 14 16 22 27 33 35 37 38
10 17 18 19 20 29 30 31 32 39
14 17 18 21 22 27 28 31 32 35
14 16 19 21 22 27 28 30 33 35
15 16 18 19 21 28 30 31 33 34
14 17 18 19 21 28 30 31 32 35
15 16 18 19 22 27 30 31 33 34
15 16 18 19 24 25 30 31 33 34
13 16 20 23 24 25 26 29 33 36
14 15 19 20 23 26 29 30 34 35
13 17 19 20 23 26 29 30 32 36
10 16 17 18 23 26 31 32 33 39
12 15 19 22 23 26 27 30 34 37
10 13 15 20 24 25 29 34 36 39
12 13 16 20 23 26 29 33 36 37
9 10 11 19 24 25 30 38 39 40
14 16 17 19 24 25 30 32 33 35
14 15 18 19 20 29 30 31 34 35
11 12 17 23 24 25 26 32 37 38
12 14 18 23 24 25 26 31 35 37
13 15 19 21 22 27 28 30 34 36
12 15 17 20 21 28 29 32 34 37
13 16 19 20 23 26 29 30 33 36
10 15 20 22 24 25 27 29 34 39
12 14 21 22 23 26 27 28 35 37
10 12 19 22 24 25 27 30 37 39
13 15 19 21 24 25 28 30 34 36
13 16 17 20 21 28 29 32 33 36
13 14 16 19 21 28 30 33 35 36
11 14 15 20 21 28 29 34 35 38
13 15 16 18 24 25 31 33 34 36
12 14 17 18 21 28 31 32 35 37
11 13 17 22 24 25 27 32 36 38
13 14 19 22 23 26 27 30 35 36
13 16 17 20 22 27 29 32 33 36
13 14 16 17 20 29 32 33 35 36
11 13 21 22 24 25 27 28 36 38
12 14 16 17 19 30 32 33 35 37
14 17 18 21 23 26 28 31 32 35
14 16 18 19 21 28 30 31 33 35
14 16 19 20 21 28 29 30 33 35
13 17 19 21 23 26 28 30 32 36
13 17 19 23 24 25 26 30 32 36
12 18 19 22 24 25 27 30 31 37
12 17 20 22 24 25 27 29 32 37
14 15 19 20 22 27 29 30 34 35
12 16 21 22 24 25 27 28 33 37
12 15 16 19 22 27 30 33 34 37
13 14 15 19 20 29 30 34 35 36
12 17 20 21 24 25 28 29 32 37
12 14 20 23 24 25 26 29 35 37
12 15 20 22 24 25 27 29 34 37
14 15 18 20 21 28 29 31 34 35
14 16 17 19 23 26 30 32 33 35
12 18 19 20 24 25 29 30 31 37
9 17 18 23 24 25 26 31 32 40
12 16 18 19 24 25 30 31 33 37
13 16 20 22 23 26 27 29 33 36
13 17 19 22 23 26 27 30 32 36
10 15 18 19 24 25 30 31 34 39
11 13 15 18 20 29 31 34 36 38
12 13 18 19 21 28 30 31 36 37
12 15 19 20 22 27 29 30 34 37
13 14 15 22 23 26 27 34 35 36
14 16 17 19 22 27 30 32 33 35
12 13 18 19 20 29 30 31 36 37
12 14 16 23 24 25 26 33 35 37
10 16 17 19 23 26 30 32 33 39
11 12 15 17 21 28 32 34 37 38
10 14 21 22 24 25 27 28 35 39
12 14 18 21 23 26 28 31 35 37
12 14 15 23 24 25 26 34 35 37
10 17 20 22 24 25 27 29 32 39
10 18 20 21 22 27 28 29 31 39
13 15 19 20 21 28 29 30 34 36
10 14 20 23 24 25 26 29 35 39
14 15 17 18 23 26 31 32 34 35
13 15 21 23 24 25 26 28 34 36
10 15 18 20 24 25 29 31 34 39
11 14 18 20 22 27 29 31 35 38
11 18 20 22 23 26 27 29 31 38
12 14 15 20 21 28 29 34 35 37
12 18 19 23 24 25 26 30 31 37
11 18 20 22 24 25 27 29 31 38
12 14 18 19 24 25 30 31 35 37
10 15 20 23 24 25 26 29 34 39
11 12 13 18 20 29 31 36 37 38
11 14 16 19 20 29 30 33 35 38
13 15 20 21 23 26 28 29 34 36
12 16 17 19 21 28 30 32 33 37
12 14 15 19 22 27 30 34 35 37
12 13 15 17 20 29 32 34 36 37
10 14 16 19 21 28 30 33 35 39
12 13 16 18 19 30 31 33 36 37
12 17 20 23 24 25 26 29 32 37
12 13 18 19 22 27 30 31 36 37
11 15 17 20 21 28 29 32 34 38
13 14 17 18 20 29 31 32 35 36
14 15 19 21 24 25 28 30 34 35
12 13 15 19 23 26 30 34 36 37
14 16 17 20 21 28 29 32 33 35
11 16 17 19 23 26 30 32 33 38
12 16 17 22 24 25 27 32 33 37
11 16 17 18 19 30 31 32 33 38
11 13 15 18 22 27 31 34 36 38
10 12 16 17 24 25 32 33 37 39
13 15 17 20 23 26 29 32 34 36
12 16 17 18 24 25 31 32 33 37
13 14 16 17 21 28 32 33 35 36
14 15 19 21 23 26 28 30 34 35
13 14 21 23 24 25 26 28 35 36
12 15 19 23 24 25 26 30 34 37
12 14 15 19 24 25 30 34 35 37
14 16 19 22 23 26 27 30 33 35
14 16 19 23 24 25 26 30 33 35
10 17 18 22 24 25 27 31 32 39
12 17 18 20 22 27 29 31 32 37
12 17 20 21 22 27 28 29 32 37
9 13 16 19 22 27 30 33 36 40
11 13 15 20 24 25 29 34 36 38
10 14 17 18 23 26 31 32 35 39
12 18 19 20 21 28 29 30 31 37
10 17 19 21 22 27 28 30 32 39
11 13 15 16 20 29 33 34 36 38
14 15 16 18 23 26 31 33 34 35
9 10 13 19 24 25 30 36 39 40
12 14 20 22 23 26 27 29 35 37
12 15 18 20 22 27 29 31 34 37
9 10 19 22 24 25 27 30 39 40
10 14 18 19 24 25 30 31 35 39
12 15 20 21 22 27 28 29 34 37
13 15 16 21 22 27 28 33 34 36
14 15 16 20 23 26 29 33 34 35
10 14 18 23 24 25 26 31 35 39
12 13 15 20 21 28 29 34 36 37
10 12 13 16 22 27 33 36 37 39
12 15 18 22 23 26 27 31 34 37
10 13 17 21 22 27 28 32 36 39
12 15 16 18 20 29 31 33 34 37
11 15 18 21 23 26 28 31 34 38
11 12 16 20 23 26 29 33 37 38
11 13 17 20 21 28 29 32 36 38
12 14 18 19 20 29 30 31 35 37
11 13 16 20 21 28 29 33 36 38
12 14 19 20 23 26 29 30 35 37
14 15 16 20 22 27 29 33 34 35
11 13 15 20 21 28 29 34 36 38
10 11 13 16 21 28 33 36 38 39
10 12 13 16 21 28 33 36 37 39
12 13 16 20 22 27 29 33 36 37
11 12 15 18 20 29 31 34 37 38
12 13 14 16 19 30 33 35 36 37
11 13 14 15 20 29 34 35 36 38
10 13 17 19 24 25 30 32 36 39
9 16 21 22 24 25 27 28 33 40
11 12 13 15 21 28 34 36 37 38
11 17 20 21 23 26 28 29 32 38
10 13 14 16 22 27 33 35 36 39
11 14 16 20 24 25 29 33 35 38
11 13 17 20 24 25 29 32 36 38
11 16 20 22 23 26 27 29 33 38
11 15 16 20 22 27 29 33 34 38
12 13 19 22 24 25 27 30 36 37
12 13 16 19 24 25 30 33 36 37
10 13 17 23 24 25 26 32 36 39
9 18 19 22 24 25 27 30 31 40
12 13 15 20 24 25 29 34 36 37
15 16 18 23 24 25 26 31 33 34
15 16 18 20 23 26 29 31 33 34
15 16 18 20 22 27 29 31 33 34
14 17 18 19 23 26 30 31 32 35
8 17 20 22 24 25 27 29 32 41
9 12 15 22 23 26 27 34 37 40
12 17 19 20 23 26 29 30 32 37
12 15 21 22 23 26 27 28 34 37
12 14 16 18 23 26 31 33 35 37
9 10 16 19 22 27 30 33 39 40
9 12 15 16 22 27 33 34 37 40
12 13 14 17 19 30 32 35 36 37
10 16 18 22 23 26 27 31 33 39
11 15 16 23 24 25 26 33 34 38
11 15 16 20 23 26 29 33 34 38
14 16 18 19 22 27 30 31 33 35
14 15 16 18 22 27 31 33 34 35
12 14 16 22 23 26 27 33 35 37
11 15 18 20 21 28 29 31 34 38
11 15 20 21 23 26 28 29 34 38
13 15 20 21 22 27 28 29 34 36
12 14 15 16 20 29 33 34 35 37
10 11 13 17 24 25 32 36 38 39
11 14 17 18 23 26 31 32 35 38
12 17 19 20 21 28 29 30 32 37
11 17 18 20 23 26 29 31 32 38
8 9 13 15 22 27 34 36 40 41
8 19 20 21 23 26 28 29 30 41
9 10 19 23 24 25 26 30 39 40
12 13 14 17 20 29 32 35 36 37
9 10 13 16 22 27 33 36 39 40
8 17 18 19 23 26 30 31 32 41
11 13 15 16 24 25 33 34 36 38
12 16 19 21 23 26 28 30 33 37
13 14 19 22 24 25 27 30 35 36
11 15 18 23 24 25 26 31 34 38
10 14 22 23 24 25 26 27 35 39
10 15 21 22 24 25 27 28 34 39
13 14 17 19 20 29 30 32 35 36
8 17 18 20 24 25 29 31 32 41
13 14 17 20 22 27 29 32 35 36
12 14 18 19 22 27 30 31 35 37
10 12 15 16 23 26 33 34 37 39
8 12 13 19 22 27 30 36 37 41
12 14 16 19 20 29 30 33 35 37
10 15 16 18 22 27 31 33 34 39
11 14 15 16 20 29 33 34 35 38
11 17 20 21 24 25 28 29 32 38
10 15 18 23 24 25 26 31 34 39
13 14 16 19 24 25 30 33 35 36
11 13 14 16 20 29 33 35 36 38
10 11 13 16 24 25 33 36 38 39
12 13 15 20 22 27 29 34 36 37
10 17 19 22 24 25 27 30 32 39
12 13 14 17 22 27 32 35 36 37
12 14 17 18 22 27 31 32 35 37
12 13 14 16 22 27 33 35 36 37
12 13 17 19 21 28 30 32 36 37
13 15 16 20 22 27 29 33 34 36
11 17 18 21 24 25 28 31 32 38
12 14 17 22 23 26 27 32 35 37
12 13 15 16 22 27 33 34 36 37
10 13 19 23 24 25 26 30 36 39
11 16 22 23 24 25 26 27 33 38
12 13 19 20 24 25 29 30 36 37
10 18 19 20 22 27 29 30 31 39
10 17 19 20 23 26 29 30 32 39
10 13 19 21 23 26 28 30 36 39
11 15 16 22 24 25 27 33 34 38
11 14 15 16 22 27 33 34 35 38
10 14 17 19 20 29 30 32 35 39
10 13 19 20 24 25 29 30 36 39
10 12 19 20 23 26 29 30 37 39
10 19 20 22 23 26 27 29 30 39
10 17 19 20 24 25 29 30 32 39
10 16 18 19 20 29 30 31 33 39
10 12 13 17 24 25 32 36 37 39
11 14 16 18 22 27 31 33 35 38
10 12 13 19 23 26 30 36 37 39
10 12 13 19 24 25 30 36 37 39
11 14 16 22 23 26 27 33 35 38
11 16 20 22 24 25 27 29 33 38
10 11 16 22 24 25 27 33 38 39
10 13 14 15 23 26 34 35 36 39
15 16 18 19 20 29 30 31 33 34
14 16 19 21 23 26 28 30 33 35
12 17 19 20 24 25 29 30 32 37
10 16 17 23 24 25 26 32 33 39
10 13 17 20 22 27 29 32 36 39
14 17 18 21 24 25 28 31 32 35
14 15 20 21 22 27 28 29 34 35
12 17 18 19 24 25 30 31 32 37
12 15 22 23 24 25 26 27 34 37
13 14 17 22 23 26 27 32 35 36
11 13 16 20 23 26 29 33 36 38
13 14 22 23 24 25 26 27 35 36
12 17 18 20 24 25 29 31 32 37
13 14 21 22 24 25 27 28 35 36
12 13 14 18 19 30 31 35 36 37
11 14 22 23 24 25 26 27 35 38
9 17 18 19 23 26 30 31 32 40
14 17 18 20 21 28 29 31 32 35
14 16 19 21 24 25 28 30 33 35
11 12 18 23 24 25 26 31 37 38
9 13 16 22 23 26 27 33 36 40
11 13 15 22 24 25 27 34 36 38
9 13 16 19 20 29 30 33 36 40
13 14 16 22 23 26 27 33 35 36
14 15 16 20 21 28 29 33 34 35
11 15 17 18 21 28 31 32 34 38
10 16 18 20 23 26 29 31 33 39
12 14 17 23 24 25 26 32 35 37
11 12 18 20 22 27 29 31 37 38
13 15 21 22 23 26 27 28 34 36
14 15 20 21 23 26 28 29 34 35
12 15 19 21 22 27 28 30 34 37
11 12 18 19 21 28 30 31 37 38
11 13 16 23 24 25 26 33 36 38
12 13 15 19 21 28 30 34 36 37
10 12 16 17 23 26 32 33 37 39
10 15 17 18 22 27 31 32 34 39
13 14 16 20 23 26 29 33 35 36
12 14 20 21 23 26 28 29 35 37
13 15 16 21 23 26 28 33 34 36
14 15 19 20 24 25 29 30 34 35
14 15 20 21 24 25 28 29 34 35
8 12 16 19 22 27 30 33 37 41
10 12 18 19 24 25 30 31 37 39
9 10 18 19 24 25 30 31 39 40
11 13 20 22 24 25 27 29 36 38
11 15 18 20 22 27 29 31 34 38
14 16 17 19 20 29 30 32 33 35
11 18 20 21 22 27 28 29 31 38
12 14 22 23 24 25 26 27 35 37
11 14 21 23 24 25 26 28 35 38
13 16 17 20 24 25 29 32 33 36
13 14 17 21 22 27 28 32 35 36
11 13 18 20 21 28 29 31 36 38
10 17 18 20 22 27 29 31 32 39
14 15 17 18 24 25 31 32 34 35
13 14 20 22 23 26 27 29 35 36
12 14 19 23 24 25 26 30 35 37
13 15 16 20 23 26 29 33 34 36
11 17 20 21 22 27 28 29 32 38
12 13 17 19 23 26 30 32 36 37
11 12 16 23 24 25 26 33 37 38
11 17 21 22 24 25 27 28 32 38
12 13 15 21 23 26 28 34 36 37
13 14 17 18 24 25 31 32 35 36
12 18 19 21 24 25 28 30 31 37
15 16 18 19 23 26 30 31 33 34
13 16 20 21 23 26 28 29 33 36
12 16 21 23 24 25 26 28 33 37
12 16 18 21 24 25 28 31 33 37
10 13 15 17 22 27 32 34 36 39
11 17 18 20 22 27 29 31 32 38
11 14 16 21 24 25 28 33 35 38
11 15 21 22 23 26 27 28 34 38
10 16 20 23 24 25 26 29 33 39
13 15 16 19 21 28 30 33 34 36
13 14 17 19 23 26 30 32 35 36
14 15 17 18 22 27 31 32 34 35
12 15 16 22 24 25 27 33 34 37
11 13 16 17 20 29 32 33 36 38
11 15 20 22 23 26 27 29 34 38
11 13 14 18 20 29 31 35 36 38
11 15 22 23 24 25 26 27 34 38
13 15 16 18 22 27 31 33 34 36
11 13 17 18 20 29 31 32 36 38
13 14 16 21 22 27 28 33 35 36
11 13 17 19 20 29 30 32 36 38
12 13 15 19 22 27 30 34 36 37
12 14 15 19 20 29 30 34 35 37
10 12 16 17 21 28 32 33 37 39
11 12 15 17 20 29 32 34 37 38
11 14 20 21 24 25 28 29 35 38
11 13 20 23 24 25 26 29 36 38
10 13 18 20 22 27 29 31 36 39
13 16 17 21 23 26 28 32 33 36
13 15 19 20 23 26 29 30 34 36
13 15 16 19 23 26 30 33 34 36
13 15 19 22 23 26 27 30 34 36
13 14 20 21 23 26 28 29 35 36
12 14 20 21 24 25 28 29 35 37
10 11 15 17 20 29 32 34 38 39
12 15 17 18 24 25 31 32 34 37
12 13 15 17 23 26 32 34 36 37
11 14 21 22 23 26 27 28 35 38
11 16 17 22 24 25 27 32 33 38
11 14 16 17 22 27 32 33 35 38
12 13 17 23 24 25 26 32 36 37
12 13 22 23 24 25 26 27 36 37
12 13 21 23 24 25 26 28 36 37
11 16 17 20 22 27 29 32 33 38
12 13 19 23 24 25 26 30 36 37
12 13 16 23 24 25 26 33 36 37
12 13 15 23 24 25 26 34 36 37
10 13 20 22 23 26 27 29 36 39
12 13 20 23 24 25 26 29 36 37
10 13 20 23 24 25 26 29 36 39
14 15 19 21 22 27 28 30 34 35
11 12 16 17 24 25 32 33 37 38
11 15 17 20 22 27 29 32 34 38
14 16 17 21 23 26 28 32 33 35
13 14 19 21 23 26 28 30 35 36
11 16 17 19 24 25 30 32 33 38
14 16 17 21 24 25 28 32 33 35
12 15 17 23 24 25 26 32 34 37
11 13 19 20 23 26 29 30 36 38
13 14 18 20 21 28 29 31 35 36
13 15 17 18 24 25 31 32 34 36
13 14 18 19 21 28 30 31 35 36
13 15 19 23 24 25 26 30 34 36
14 15 17 21 23 26 28 32 34 35
11 15 17 18 22 27 31 32 34 38
11 14 15 17 22 27 32 34 35 38
14 15 17 21 22 27 28 32 34 35
13 15 17 18 22 27 31 32 34 36
13 15 17 22 23 26 27 32 34 36
13 16 17 23 24 25 26 32 33 36
12 15 17 21 24 25 28 32 34 37
12 14 17 21 24 25 28 32 35 37
13 16 17 18 24 25 31 32 33 36
12 16 17 19 24 25 30 32 33 37
13 14 15 18 19 30 31 34 35 36
13 14 15 19 23 26 30 34 35 36
11 13 20 22 23 26 27 29 36 38
11 15 17 22 24 25 27 32 34 38
12 14 16 17 24 25 32 33 35 37
12 14 15 17 24 25 32 34 35 37
11 13 14 16 24 25 33 35 36 38
8 15 18 21 23 26 28 31 34 41
9 10 19 21 24 25 28 30 39 40
10 12 17 18 22 27 31 32 37 39
9 15 16 23 24 25 26 33 34 40
9 13 14 17 22 27 32 35 36 40
8 12 17 20 22 27 29 32 37 41
8 9 13 17 24 25 32 36 40 41
9 12 15 16 21 28 33 34 37 40
9 12 16 21 22 27 28 33 37 40
9 10 19 21 22 27 28 30 39 40
11 13 14 15 24 25 34 35 36 38
10 12 14 17 22 27 32 35 37 39
8 13 17 20 21 28 29 32 36 41
11 13 14 20 24 25 29 35 36 38
10 12 13 17 22 27 32 36 37 39
9 14 17 23 24 25 26 32 35 40
10 14 15 16 24 25 33 34 35 39
9 11 12 15 23 26 34 37 38 40
9 12 19 21 22 27 28 30 37 40
10 11 12 17 21 28 32 37 38 39
10 12 17 21 22 27 28 32 37 39
10 12 17 22 23 26 27 32 37 39
10 14 15 18 24 25 31 34 35 39
9 15 16 21 24 25 28 33 34 40
10 11 14 23 24 25 26 35 38 39
10 12 15 16 22 27 33 34 37 39
10 11 18 21 23 26 28 31 38 39
10 11 16 18 21 28 31 33 38 39
8 10 17 18 23 26 31 32 39 41
9 10 19 21 23 26 28 30 39 40
9 13 14 22 24 25 27 35 36 40
10 12 15 21 22 27 28 34 37 39
9 14 17 19 23 26 30 32 35 40
9 10 12 15 22 27 34 37 39 40
11 12 15 20 23 26 29 34 37 38
8 12 18 20 21 28 29 31 37 41
8 12 17 20 23 26 29 32 37 41
11 12 14 20 23 26 29 35 37 38
11 12 14 17 23 26 32 35 37 38
10 11 14 18 24 25 31 35 38 39
6 17 20 22 23 26 27 29 32 43
9 12 19 21 23 26 28 30 37 40
9 12 16 21 23 26 28 33 37 40
10 13 14 15 24 25 34 35 36 39
10 11 14 17 24 25 32 35 38 39
10 12 15 18 22 27 31 34 37 39
11 13 14 17 24 25 32 35 36 38
11 12 14 18 23 26 31 35 37 38
10 12 14 15 22 27 34 35 37 39
10 11 18 21 24 25 28 31 38 39
10 11 17 21 24 25 28 32 38 39
9 11 12 16 21 28 33 37 38 40
8 15 18 22 23 26 27 31 34 41
11 12 15 16 23 26 33 34 37 38
10 11 12 14 23 26 35 37 38 39
10 12 13 15 22 27 34 36 37 39
10 11 12 15 23 26 34 37 38 39
9 10 13 19 21 28 30 36 39 40
8 9 13 15 21 28 34 36 40 41
8 13 19 20 21 28 29 30 36 41
13 15 17 18 20 29 31 32 34 36
14 16 17 21 22 27 28 32 33 35
14 15 18 19 21 28 30 31 34 35
14 15 17 21 24 25 28 32 34 35
13 15 18 19 20 29 30 31 34 36
12 14 19 21 24 25 28 30 35 37
12 16 17 23 24 25 26 32 33 37
13 15 18 19 24 25 30 31 34 36
13 15 18 19 22 27 30 31 34 36
13 14 18 21 24 25 28 31 35 36
13 16 17 22 23 26 27 32 33 36
13 14 17 21 23 26 28 32 35 36
11 16 17 19 20 29 30 32 33 38
13 16 17 18 21 28 31 32 33 36
12 13 14 18 21 28 31 35 36 37
11 12 15 17 24 25 32 34 37 38
10 12 17 19 22 27 30 32 37 39
9 13 14 15 22 27 34 35 36 40
9 13 14 19 22 27 30 35 36 40
10 12 15 22 23 26 27 34 37 39
11 12 14 16 23 26 33 35 37 38
10 14 15 22 24 25 27 34 35 39
9 15 16 22 24 25 27 33 34 40
9 10 15 22 24 25 27 34 39 40
11 12 15 18 23 26 31 34 37 38
8 9 17 19 23 26 30 32 40 41
9 11 15 16 24 25 33 34 38 40
9 12 17 19 21 28 30 32 37 40
10 11 13 17 21 28 32 36 38 39
8 11 12 14 23 26 35 37 38 41
9 13 14 16 22 27 33 35 36 40
8 10 12 17 22 27 32 37 39 41
8 9 10 17 24 25 32 39 40 41
9 13 15 16 24 25 33 34 36 40
9 10 11 14 24 25 35 38 39 40
10 11 15 18 21 28 31 34 38 39
9 10 11 15 24 25 34 38 39 40
9 12 13 19 21 28 30 36 37 40
8 10 12 15 22 27 34 37 39 41
10 11 17 21 23 26 28 32 38 39
9 14 15 16 24 25 33 34 35 40
9 10 12 17 22 27 32 37 39 40
9 12 13 14 22 27 35 36 37 40
8 11 15 23 24 25 26 34 38 41
11 12 15 21 23 26 28 34 37 38
10 11 14 16 24 25 33 35 38 39
12 14 21 23 24 25 26 28 35 37
9 13 16 20 23 26 29 33 36 40
14 16 17 19 21 28 30 32 33 35
13 14 17 18 21 28 31 32 35 36
11 12 18 19 24 25 30 31 37 38
11 13 18 20 22 27 29 31 36 38
11 13 22 23 24 25 26 27 36 38
12 15 17 20 24 25 29 32 34 37
12 16 17 21 24 25 28 32 33 37
13 14 21 22 23 26 27 28 35 36
13 15 19 21 23 26 28 30 34 36
12 15 19 22 24 25 27 30 34 37
14 15 17 18 21 28 31 32 34 35
13 16 17 20 23 26 29 32 33 36
11 15 17 21 22 27 28 32 34 38
14 15 19 20 21 28 29 30 34 35
13 15 16 18 19 30 31 33 34 36
15 16 17 19 24 25 30 32 33 34
15 16 17 19 23 26 30 32 33 34
15 16 17 19 21 28 30 32 33 34
11 15 19 20 22 27 29 30 34 38
11 15 17 18 19 30 31 32 34 38
15 16 17 19 22 27 30 32 33 34
11 15 19 21 22 27 28 30 34 38
11 15 19 22 24 25 27 30 34 38
11 15 17 19 20 29 30 32 34 38
12 15 16 17 19 30 32 33 34 37
15 16 17 19 20 29 30 32 33 34
7 14 19 21 22 27 28 30 35 42
7 14 19 20 21 28 29 30 35 42
7 14 21 23 24 25 26 28 35 42
7 14 20 21 24 25 28 29 35 42
7 14 21 22 24 25 27 28 35 42
7 14 21 22 23 26 27 28 35 42
10 11 16 18 20 29 31 33 38 39
13 14 15 18 22 27 31 34 35 36
13 14 15 16 19 30 33 34 35 36
11 14 15 17 20 29 32 34 35 38
11 13 14 15 22 27 34 35 36 38
13 17 18 19 21 28 30 31 32 36
11 16 18 19 20 29 30 31 33 38
10 13 14 15 20 29 34 35 36 39
10 12 13 16 20 29 33 36 37 39
13 16 17 18 23 26 31 32 33 36
12 15 17 19 24 25 30 32 34 37
13 15 18 19 23 26 30 31 34 36
11 13 19 22 23 26 27 30 36 38
14 15 16 17 21 28 32 33 34 35
13 15 17 18 23 26 31 32 34 36
12 15 16 17 24 25 32 33 34 37
15 16 17 18 24 25 31 32 33 34
10 13 16 19 23 26 30 33 36 39
11 12 13 20 24 25 29 36 37 38
13 15 17 19 20 29 30 32 34 36
10 13 15 16 23 26 33 34 36 39
15 16 17 18 19 30 31 32 33 34
15 16 17 18 22 27 31 32 33 34
10 13 16 22 23 26 27 33 36 39
10 16 17 19 22 27 30 32 33 39
9 13 14 15 21 28 34 35 36 40
9 14 17 19 21 28 30 32 35 40
8 14 19 20 21 28 29 30 35 41
11 12 14 16 21 28 33 35 37 38
12 13 14 16 23 26 33 35 36 37
11 17 18 19 20 29 30 31 32 38
12 13 15 17 22 27 32 34 36 37
11 13 14 17 21 28 32 35 36 38
11 18 19 20 24 25 29 30 31 38
10 14 15 18 21 28 31 34 35 39
14 15 17 19 21 28 30 32 34 35
11 14 15 19 21 28 30 34 35 38
11 13 18 19 22 27 30 31 36 38
15 16 17 18 21 28 31 32 33 34
13 15 17 19 24 25 30 32 34 36
15 16 17 18 20 29 31 32 33 34
11 15 16 19 23 26 30 33 34 38
13 15 17 19 22 27 30 32 34 36
13 14 15 17 19 30 32 34 35 36
10 13 16 21 23 26 28 33 36 39
9 10 13 16 23 26 33 36 39 40
10 13 16 23 24 25 26 33 36 39
11 12 13 21 24 25 28 36 37 38
10 12 13 16 23 26 33 36 37 39
11 12 13 16 24 25 33 36 37 38
11 12 13 15 24 25 34 36 37 38
11 12 13 17 24 25 32 36 37 38
15 16 17 18 23 26 31 32 33 34
11 15 19 20 23 26 29 30 34 38
12 13 15 17 19 30 32 34 36 37
8 13 17 18 24 25 31 32 36 41
11 14 17 18 19 30 31 32 35 38
12 16 17 18 19 30 31 32 33 37
13 14 17 19 21 28 30 32 35 36
11 13 16 17 24 25 32 33 36 38
13 14 15 18 20 29 31 34 35 36
11 16 17 18 20 29 31 32 33 38
10 11 16 19 23 26 30 33 38 39
12 13 17 18 20 29 31 32 36 37
10 15 16 18 20 29 31 33 34 39
13 14 15 20 23 26 29 34 35 36
12 14 15 20 24 25 29 34 35 37
11 14 18 20 21 28 29 31 35 38
13 14 16 20 21 28 29 33 35 36
13 14 16 18 19 30 31 33 35 36
12 14 18 19 21 28 30 31 35 37
9 11 18 20 21 28 29 31 38 40
9 13 17 18 22 27 31 32 36 40
8 16 17 18 24 25 31 32 33 41
10 12 15 19 22 27 30 34 37 39
10 12 17 22 24 25 27 32 37 39
10 11 14 22 24 25 27 35 38 39
9 13 14 21 22 27 28 35 36 40
9 12 16 18 21 28 31 33 37 40
10 11 14 20 24 25 29 35 38 39
10 12 15 20 22 27 29 34 37 39
9 15 16 19 24 25 30 33 34 40
9 12 19 21 24 25 28 30 37 40
11 14 17 18 22 27 31 32 35 38
11 13 16 19 20 29 30 33 36 38
9 10 12 19 24 25 30 37 39 40
11 14 15 17 24 25 32 34 35 38
12 13 17 20 23 26 29 32 36 37
11 14 16 17 24 25 32 33 35 38
9 13 16 17 22 27 32 33 36 40
10 12 13 18 22 27 31 36 37 39
12 14 16 19 24 25 30 33 35 37
13 14 16 17 22 27 32 33 35 36
9 12 17 23 24 25 26 32 37 40
12 14 17 20 21 28 29 32 35 37
11 12 14 21 23 26 28 35 37 38
10 11 18 21 22 27 28 31 38 39
12 13 18 19 23 26 30 31 36 37
11 14 15 19 20 29 30 34 35 38
13 15 16 18 23 26 31 33 34 36
12 15 17 20 22 27 29 32 34 37
11 12 18 19 20 29 30 31 37 38
13 14 17 18 23 26 31 32 35 36
10 15 17 19 22 27 30 32 34 39
12 15 16 17 21 28 32 33 34 37
11 13 18 20 23 26 29 31 36 38
11 12 18 19 22 27 30 31 37 38
14 16 17 18 19 30 31 32 33 35
12 14 15 17 20 29 32 34 35 37
9 13 18 22 23 26 27 31 36 40
10 14 15 19 20 29 30 34 35 39
14 15 16 17 18 31 32 33 34 35
12 13 14 15 23 26 34 35 36 37
10 13 16 20 22 27 29 33 36 39
9 13 18 22 24 25 27 31 36 40
13 14 15 17 22 27 32 34 35 36
10 15 16 19 23 26 30 33 34 39
12 15 16 18 24 25 31 33 34 37
9 11 12 18 23 26 31 37 38 40
13 15 16 19 20 29 30 33 34 36
11 12 18 20 24 25 29 31 37 38
12 13 15 18 22 27 31 34 36 37
13 14 16 19 23 26 30 33 35 36
12 14 16 17 23 26 32 33 35 37
12 13 15 22 23 26 27 34 36 37
13 14 15 19 22 27 30 34 35 36
11 12 15 23 24 25 26 34 37 38
10 11 17 20 21 28 29 32 38 39
11 13 14 21 24 25 28 35 36 38
11 12 17 21 24 25 28 32 37 38
10 13 15 18 24 25 31 34 36 39
11 15 17 18 20 29 31 32 34 38
10 15 18 19 21 28 30 31 34 39
10 11 15 22 24 25 27 34 38 39
10 12 18 21 24 25 28 31 37 39
12 14 17 18 24 25 31 32 35 37
10 13 17 18 22 27 31 32 36 39
11 14 15 21 23 26 28 34 35 38
14 15 16 18 21 28 31 33 34 35
11 14 15 20 22 27 29 34 35 38
9 13 18 21 22 27 28 31 36 40
9 10 19 20 22 27 29 30 39 40
9 13 18 19 22 27 30 31 36 40
9 10 19 20 23 26 29 30 39 40
9 13 16 18 22 27 31 33 36 40
9 13 15 18 22 27 31 34 36 40
9 10 19 20 24 25 29 30 39 40
9 11 18 20 24 25 29 31 38 40
9 12 13 18 22 27 31 36 37 40
9 11 18 20 23 26 29 31 38 40
11 13 14 23 24 25 26 35 36 38
11 12 14 22 23 26 27 35 37 38
11 15 16 18 19 30 31 33 34 38
13 15 16 17 20 29 32 33 34 36
12 16 17 20 21 28 29 32 33 37
10 15 17 22 24 25 27 32 34 39
9 10 16 19 24 25 30 33 39 40
10 12 18 19 22 27 30 31 37 39
14 15 17 18 19 30 31 32 34 35
12 15 17 19 20 29 30 32 34 37
9 16 17 23 24 25 26 32 33 40
11 12 18 19 23 26 30 31 37 38
14 15 16 18 19 30 31 33 34 35
11 14 17 21 24 25 28 32 35 38
8 15 19 22 23 26 27 30 34 41
13 14 17 18 19 30 31 32 35 36
11 14 17 18 21 28 31 32 35 38
13 14 15 20 21 28 29 34 35 36
9 13 16 20 22 27 29 33 36 40
12 14 16 19 21 28 30 33 35 37
12 14 16 21 23 26 28 33 35 37
13 14 15 21 22 27 28 34 35 36
11 13 16 18 20 29 31 33 36 38
13 16 17 19 20 29 30 32 33 36
14 15 17 18 20 29 31 32 34 35
11 13 18 20 24 25 29 31 36 38
12 13 17 18 19 30 31 32 36 37
13 14 17 18 22 27 31 32 35 36
12 15 16 18 19 30 31 33 34 37
12 13 14 22 23 26 27 35 36 37
12 15 18 19 22 27 30 31 34 37
13 14 16 17 19 30 32 33 35 36
12 13 16 17 20 29 32 33 36 37
14 15 16 19 20 29 30 33 34 35
13 15 16 18 20 29 31 33 34 36
11 14 16 19 24 25 30 33 35 38
13 15 16 18 21 28 31 33 34 36
12 13 18 19 24 25 30 31 36 37
9 11 16 18 22 27 31 33 38 40
13 14 15 20 22 27 29 34 35 36
12 14 16 19 23 26 30 33 35 37
11 14 17 18 24 25 31 32 35 38
8 9 17 23 24 25 26 32 40 41
9 10 15 16 24 25 33 34 39 40
7 10 12 17 22 27 32 37 39 42
10 13 19 20 23 26 29 30 36 39
12 13 15 17 24 25 32 34 36 37
10 13 18 19 20 29 30 31 36 39
12 13 15 19 24 25 30 34 36 37
10 12 13 20 24 25 29 36 37 39
10 16 17 19 20 29 30 32 33 39
12 13 14 21 24 25 28 35 36 37
10 13 14 21 23 26 28 35 36 39
9 15 16 18 24 25 31 33 34 40
11 12 15 22 23 26 27 34 37 38
10 14 15 20 24 25 29 34 35 39
8 14 17 18 23 26 31 32 35 41
12 13 14 23 24 25 26 35 36 37
8 13 15 20 21 28 29 34 36 41
8 12 19 20 22 27 29 30 37 41
9 13 16 22 24 25 27 33 36 40
10 12 18 21 22 27 28 31 37 39
9 10 17 19 23 26 30 32 39 40
12 13 15 16 21 28 33 34 36 37
8 11 12 15 23 26 34 37 38 41
9 12 14 17 23 26 32 35 37 40
10 11 13 14 24 25 35 36 38 39
9 11 12 14 23 26 35 37 38 40
9 10 14 15 24 25 34 35 39 40
8 11 15 18 23 26 31 34 38 41
8 10 18 21 23 26 28 31 39 41
10 11 17 18 21 28 31 32 38 39
9 12 16 19 21 28 30 33 37 40
10 11 14 15 24 25 34 35 38 39
9 10 12 19 21 28 30 37 39 40
8 9 13 14 22 27 35 36 40 41
11 12 14 15 23 26 34 35 37 38
11 12 16 22 24 25 27 33 37 38
11 14 16 21 22 27 28 33 35 38
10 13 15 19 23 26 30 34 36 39
12 13 16 17 24 25 32 33 36 37
11 15 16 17 22 27 32 33 34 38
11 14 16 19 22 27 30 33 35 38
9 12 18 19 21 28 30 31 37 40
11 13 14 22 24 25 27 35 36 38
8 13 14 21 22 27 28 35 36 41
10 12 15 22 24 25 27 34 37 39
9 14 17 18 23 26 31 32 35 40
9 10 15 19 24 25 30 34 39 40
9 13 14 22 23 26 27 35 36 40
9 10 11 19 21 28 30 38 39 40
8 15 16 18 23 26 31 33 34 41
10 11 18 20 21 28 29 31 38 39
10 12 17 20 22 27 29 32 37 39
8 13 16 20 21 28 29 33 36 41
10 11 14 21 24 25 28 35 38 39
11 12 14 23 24 25 26 35 37 38
9 12 14 21 23 26 28 35 37 40
10 12 15 17 22 27 32 34 37 39
13 16 18 20 24 25 29 31 33 36
13 16 18 20 21 28 29 31 33 36
10 14 18 19 21 28 30 31 35 39
11 17 19 20 21 28 29 30 32 38
13 15 17 20 21 28 29 32 34 36
10 11 18 20 24 25 29 31 38 39
13 14 15 16 21 28 33 34 35 36
10 11 12 17 20 29 32 37 38 39
12 14 15 16 19 30 33 34 35 37
12 16 17 20 22 27 29 32 33 37
12 15 17 18 22 27 31 32 34 37
10 16 17 22 24 25 27 32 33 39
11 14 17 20 21 28 29 32 35 38
14 15 16 19 22 27 30 33 34 35
13 15 18 20 21 28 29 31 34 36
11 13 15 16 23 26 33 34 36 38
13 16 17 19 24 25 30 32 33 36
12 15 17 22 23 26 27 32 34 37
9 16 17 19 23 26 30 32 33 40
10 13 15 16 20 29 33 34 36 39
10 12 14 15 20 29 34 35 37 39
12 13 14 17 23 26 32 35 36 37
10 11 17 22 24 25 27 32 38 39
11 14 18 19 24 25 30 31 35 38
13 14 16 18 20 29 31 33 35 36
12 13 16 18 20 29 31 33 36 37
11 13 15 20 23 26 29 34 36 38
13 14 18 19 22 27 30 31 35 36
12 15 18 19 23 26 30 31 34 37
11 12 16 19 23 26 30 33 37 38
14 16 17 18 22 27 31 32 33 35
14 16 17 18 20 29 31 32 33 35
10 11 15 17 23 26 32 34 38 39
11 13 15 18 24 25 31 34 36 38
10 12 15 18 24 25 31 34 37 39
11 16 19 20 22 27 29 30 33 38
11 16 19 22 23 26 27 30 33 38
10 11 16 19 22 27 30 33 38 39
11 16 19 22 24 25 27 30 33 38
11 12 16 19 22 27 30 33 37 38
14 16 17 18 24 25 31 32 33 35
11 12 16 17 20 29 32 33 37 38
11 16 17 21 24 25 28 32 33 38
11 13 16 19 24 25 30 33 36 38
13 15 17 21 24 25 28 32 34 36
10 12 14 17 20 29 32 35 37 39
9 11 12 19 23 26 30 37 38 40
11 12 14 16 24 25 33 35 37 38
11 12 13 20 23 26 29 36 37 38
12 13 14 18 22 27 31 35 36 37
12 13 15 18 21 28 31 34 36 37
10 11 15 18 20 29 31 34 38 39
10 12 14 16 21 28 33 35 37 39
11 18 19 20 21 28 29 30 31 38
13 16 18 20 22 27 29 31 33 36
10 11 13 18 24 25 31 36 38 39
12 16 17 19 20 29 30 32 33 37
12 14 16 17 20 29 32 33 35 37
11 13 14 15 23 26 34 35 36 38
10 11 17 18 20 29 31 32 38 39
11 14 15 17 23 26 32 34 35 38
13 14 16 18 22 27 31 33 35 36
10 13 18 22 23 26 27 31 36 39
10 13 14 18 23 26 31 35 36 39
10 14 18 21 22 27 28 31 35 39
10 11 13 19 24 25 30 36 38 39
10 11 17 18 22 27 31 32 38 39
12 14 16 20 21 28 29 33 35 37
12 16 17 20 23 26 29 32 33 37
12 14 16 21 22 27 28 33 35 37
12 16 17 18 20 29 31 32 33 37
11 14 19 23 24 25 26 30 35 38
8 14 18 20 21 28 29 31 35 41
10 16 17 18 22 27 31 32 33 39
11 15 17 20 23 26 29 32 34 38
12 13 14 15 21 28 34 35 36 37
12 13 14 16 21 28 33 35 36 37
11 13 17 18 24 25 31 32 36 38
10 12 14 18 21 28 31 35 37 39
11 13 18 21 24 25 28 31 36 38
11 12 17 19 23 26 30 32 37 38
12 14 16 18 21 28 31 33 35 37
10 15 17 18 24 25 31 32 34 39
10 11 15 17 24 25 32 34 38 39
9 15 16 18 23 26 31 33 34 40
11 18 19 20 22 27 29 30 31 38
13 14 18 22 23 26 27 31 35 36
13 17 18 19 23 26 30 31 32 36
11 13 18 23 24 25 26 31 36 38
12 15 16 17 20 29 32 33 34 37
11 13 19 22 24 25 27 30 36 38
11 18 19 20 23 26 29 30 31 38
14 16 17 18 23 26 31 32 33 35
13 17 18 19 22 27 30 31 32 36
10 13 14 18 22 27 31 35 36 39
14 15 17 20 24 25 29 32 34 35
9 12 16 17 23 26 32 33 37 40
10 13 16 17 22 27 32 33 36 39
12 14 15 17 22 27 32 34 35 37
10 14 18 21 23 26 28 31 35 39
12 15 17 21 22 27 28 32 34 37
12 13 14 20 23 26 29 35 36 37
14 15 16 19 24 25 30 33 34 35
14 15 17 20 23 26 29 32 34 35
9 14 19 21 22 27 28 30 35 40
11 12 13 15 22 27 34 36 37 38
12 13 15 17 21 28 32 34 36 37
11 12 19 21 23 26 28 30 37 38
12 14 15 18 19 30 31 34 35 37
11 15 17 18 23 26 31 32 34 38
10 13 14 15 21 28 34 35 36 39
13 14 15 21 24 25 28 34 35 36
11 13 15 18 21 28 31 34 36 38
11 16 19 21 22 27 28 30 33 38
10 13 18 19 23 26 30 31 36 39
13 16 18 19 20 29 30 31 33 36
13 16 17 19 21 28 30 32 33 36
13 15 18 21 22 27 28 31 34 36
11 16 17 20 21 28 29 32 33 38
13 14 18 22 24 25 27 31 35 36
12 15 18 19 20 29 30 31 34 37
13 16 17 19 22 27 30 32 33 36
10 14 15 18 20 29 31 34 35 39
11 12 15 20 22 27 29 34 37 38
11 14 17 21 23 26 28 32 35 38
10 11 19 21 23 26 28 30 38 39
11 13 14 15 21 28 34 35 36 38
13 14 18 20 22 27 29 31 35 36
10 11 13 17 22 27 32 36 38 39
11 13 16 18 24 25 31 33 36 38
12 14 15 16 21 28 33 34 35 37
11 13 16 19 22 27 30 33 36 38
10 11 13 18 23 26 31 36 38 39
10 13 18 23 24 25 26 31 36 39
13 17 18 19 20 29 30 31 32 36
13 15 17 21 22 27 28 32 34 36
13 15 18 21 24 25 28 31 34 36
13 14 15 17 20 29 32 34 35 36
14 15 17 20 22 27 29 32 34 35
14 15 16 19 23 26 30 33 34 35
12 15 18 19 21 28 30 31 34 37
11 13 19 20 24 25 29 30 36 38
11 12 14 17 21 28 32 35 37 38
11 14 18 19 20 29 30 31 35 38
12 13 16 17 19 30 32 33 36 37
10 11 12 19 23 26 30 37 38 39
11 16 18 19 22 27 30 31 33 38
13 17 18 19 24 25 30 31 32 36
11 17 18 19 21 28 30 31 32 38
8 14 20 21 24 25 28 29 35 41
10 11 18 20 23 26 29 31 38 39
11 12 19 20 23 26 29 30 37 38
10 11 14 18 20 29 31 35 38 39
10 11 17 22 23 26 27 32 38 39
11 13 14 17 22 27 32 35 36 38
12 13 14 19 23 26 30 35 36 37
10 13 15 17 24 25 32 34 36 39
11 12 17 19 21 28 30 32 37 38
14 15 17 19 20 29 30 32 34 35
13 15 18 21 23 26 28 31 34 36
11 12 19 22 23 26 27 30 37 38
11 15 16 17 21 28 32 33 34 38
11 17 19 21 22 27 28 30 32 38
12 15 17 19 22 27 30 32 34 37
13 16 18 20 23 26 29 31 33 36
12 13 18 23 24 25 26 31 36 37
10 15 19 20 22 27 29 30 34 39
12 13 18 22 24 25 27 31 36 37
10 13 15 19 20 29 30 34 36 39
14 15 17 20 21 28 29 32 34 35
11 14 19 21 24 25 28 30 35 38
12 14 16 21 24 25 28 33 35 37
12 14 16 17 21 28 32 33 35 37
11 13 17 18 19 30 31 32 36 38
11 13 14 22 23 26 27 35 36 38
10 12 13 18 24 25 31 36 37 39
12 13 18 21 24 25 28 31 36 37
12 13 18 20 24 25 29 31 36 37
12 13 15 18 24 25 31 34 36 37
12 13 16 18 24 25 31 33 36 37
12 13 14 18 24 25 31 35 36 37
13 16 17 19 23 26 30 32 33 36
12 15 18 19 24 25 30 31 34 37
11 13 18 22 24 25 27 31 36 38
12 16 17 20 24 25 29 32 33 37
11 15 17 22 23 26 27 32 34 38
14 16 17 18 21 28 31 32 33 35
13 14 15 21 23 26 28 34 35 36
10 15 17 20 24 25 29 32 34 39
10 11 17 20 22 27 29 32 38 39
11 13 18 19 20 29 30 31 36 38
13 14 15 19 21 28 30 34 35 36
12 15 17 22 24 25 27 32 34 37
12 13 17 18 24 25 31 32 36 37
10 15 18 19 20 29 30 31 34 39
14 15 16 19 21 28 30 33 34 35
13 15 18 19 21 28 30 31 34 36
13 15 17 21 23 26 28 32 34 36
12 13 14 21 23 26 28 35 36 37
10 12 17 20 24 25 29 32 37 39
10 15 19 20 23 26 29 30 34 39
9 16 17 18 23 26 31 32 33 40
12 13 15 18 19 30 31 34 36 37
13 14 18 21 22 27 28 31 35 36
13 16 17 18 20 29 31 32 33 36
10 11 18 20 22 27 29 31 38 39
11 12 19 23 24 25 26 30 37 38
11 14 15 17 21 28 32 34 35 38
11 14 17 21 22 27 28 32 35 38
11 16 17 19 22 27 30 32 33 38
11 15 17 19 22 27 30 32 34 38
8 13 14 18 22 27 31 35 36 41
10 12 16 17 22 27 32 33 37 39
8 9 17 20 24 25 29 32 40 41
8 15 17 18 23 26 31 32 34 41
11 12 15 17 23 26 32 34 37 38
11 12 13 22 24 25 27 36 37 38
11 12 14 19 23 26 30 35 37 38
11 13 14 18 24 25 31 35 36 38
9 10 11 18 21 28 31 38 39 40
11 12 13 14 24 25 35 36 37 38
14 15 16 17 19 30 32 33 34 35
13 15 17 19 23 26 30 32 34 36
8 10 14 18 21 28 31 35 39 41
10 11 14 19 24 25 30 35 38 39
9 12 16 20 21 28 29 33 37 40
10 11 18 19 21 28 30 31 38 39
8 12 14 20 21 28 29 35 37 41
9 10 14 19 21 28 30 35 39 40
9 13 14 20 22 27 29 35 36 40
8 13 18 20 21 28 29 31 36 41
11 12 15 19 23 26 30 34 37 38
11 12 15 19 22 27 30 34 37 38
11 15 16 19 22 27 30 33 34 38
8 9 15 16 24 25 33 34 40 41
9 13 14 18 22 27 31 35 36 40
9 10 14 19 24 25 30 35 39 40
8 18 20 21 23 26 28 29 31 41
12 15 16 21 22 27 28 33 34 37
10 14 16 19 23 26 30 33 35 39
8 12 15 20 22 27 29 34 37 41
12 14 15 22 23 26 27 34 35 37
9 10 16 19 23 26 30 33 39 40
10 11 13 15 21 28 34 36 38 39
8 10 17 18 24 25 31 32 39 41
11 12 17 20 21 28 29 32 37 38
12 14 15 20 22 27 29 34 35 37
12 13 16 21 24 25 28 33 36 37
11 14 16 22 24 25 27 33 35 38
12 17 18 19 20 29 30 31 32 37
8 18 19 22 23 26 27 30 31 41
9 10 17 19 22 27 30 32 39 40
9 11 12 17 23 26 32 37 38 40
10 14 17 22 24 25 27 32 35 39
10 15 16 23 24 25 26 33 34 39
12 13 15 21 22 27 28 34 36 37
12 14 17 18 23 26 31 32 35 37
9 10 12 19 22 27 30 37 39 40
9 10 13 17 22 27 32 36 39 40
12 13 15 22 24 25 27 34 36 37
10 12 13 14 24 25 35 36 37 39
13 14 15 16 20 29 33 34 35 36
11 15 16 18 23 26 31 33 34 38
12 14 17 20 23 26 29 32 35 37
10 15 16 18 24 25 31 33 34 39
10 12 16 21 23 26 28 33 37 39
11 12 17 20 23 26 29 32 37 38
14 15 16 18 20 29 31 33 34 35
11 14 17 18 20 29 31 32 35 38
12 14 16 18 19 30 31 33 35 37
12 13 14 15 22 27 34 35 36 37
12 14 17 18 19 30 31 32 35 37
12 13 17 20 24 25 29 32 36 37
9 17 18 22 23 26 27 31 32 40
12 15 16 18 21 28 31 33 34 37
10 13 16 19 20 29 30 33 36 39
10 11 13 15 23 26 34 36 38 39
12 13 15 21 24 25 28 34 36 37
10 13 17 22 23 26 27 32 36 39
12 13 16 20 24 25 29 33 36 37
9 10 17 18 22 27 31 32 39 40
11 15 18 19 20 29 30 31 34 38
10 15 16 17 24 25 32 33 34 39
12 15 17 18 19 30 31 32 34 37
11 13 15 18 23 26 31 34 36 38
12 15 16 18 22 27 31 33 34 37
13 14 17 19 22 27 30 32 35 36
10 13 14 17 22 27 32 35 36 39
8 13 17 19 24 25 30 32 36 41
13 14 16 19 22 27 30 33 35 36
8 13 17 21 24 25 28 32 36 41
11 14 15 20 23 26 29 34 35 38
12 14 17 18 20 29 31 32 35 37
10 18 19 20 21 28 29 30 31 39
10 11 15 23 24 25 26 34 38 39
10 16 18 21 23 26 28 31 33 39
10 12 16 21 22 27 28 33 37 39
11 14 15 18 20 29 31 34 35 38
11 14 15 23 24 25 26 34 35 38
10 13 14 22 24 25 27 35 36 39
9 10 18 21 22 27 28 31 39 40
10 14 16 23 24 25 26 33 35 39
8 17 18 23 24 25 26 31 32 41
12 13 16 20 21 28 29 33 36 37
10 11 13 15 24 25 34 36 38 39
10 15 16 18 21 28 31 33 34 39
11 16 18 20 22 27 29 31 33 38
10 14 17 18 22 27 31 32 35 39
10 11 12 16 23 26 33 37 38 39
11 12 18 20 23 26 29 31 37 38
12 14 15 20 23 26 29 34 35 37
10 15 18 21 24 25 28 31 34 39
10 12 16 18 21 28 31 33 37 39
12 14 18 19 23 26 30 31 35 37
8 10 17 22 24 25 27 32 39 41
10 12 18 19 21 28 30 31 37 39
13 14 16 20 22 27 29 33 35 36
11 12 17 18 20 29 31 32 37 38
11 15 16 22 23 26 27 33 34 38
10 13 17 19 23 26 30 32 36 39
10 14 19 20 24 25 29 30 35 39
10 13 14 22 23 26 27 35 36 39
6 13 16 19 22 27 30 33 36 43
10 13 17 19 22 27 30 32 36 39
11 13 16 20 24 25 29 33 36 38
10 15 16 18 23 26 31 33 34 39
10 17 19 20 22 27 29 30 32 39
11 13 16 22 24 25 27 33 36 38
10 17 18 21 22 27 28 31 32 39
12 16 18 19 21 28 30 31 33 37
12 13 17 19 20 29 30 32 36 37
13 15 16 20 21 28 29 33 34 36
11 15 16 18 20 29 31 33 34 38
9 12 13 15 22 27 34 36 37 40
11 14 18 20 24 25 29 31 35 38
11 15 18 20 23 26 29 31 34 38
11 14 15 20 24 25 29 34 35 38
10 14 16 19 24 25 30 33 35 39
11 17 18 20 21 28 29 31 32 38
13 14 16 19 20 29 30 33 35 36
10 16 19 20 23 26 29 30 33 39
10 12 17 19 20 29 30 32 37 39
10 11 12 16 22 27 33 37 38 39
10 12 13 15 24 25 34 36 37 39
8 13 16 20 24 25 29 33 36 41
9 11 13 16 22 27 33 36 38 40
11 13 14 16 22 27 33 35 36 38
9 12 18 19 22 27 30 31 37 40
11 12 15 16 22 27 33 34 37 38
10 12 13 14 23 26 35 36 37 39
10 13 15 23 24 25 26 34 36 39
12 13 17 19 24 25 30 32 36 37
11 15 16 18 22 27 31 33 34 38
11 13 16 20 22 27 29 33 36 38
12 13 14 22 24 25 27 35 36 37
10 12 18 19 20 29 30 31 37 39
10 13 17 19 20 29 30 32 36 39
10 13 14 23 24 25 26 35 36 39
10 14 16 19 20 29 30 33 35 39
7 14 20 21 22 27 28 29 35 42
7 14 19 21 23 26 28 30 35 42
7 14 18 21 24 25 28 31 35 42
10 11 18 19 20 29 30 31 38 39
13 15 16 17 21 28 32 33 34 36
12 13 14 18 23 26 31 35 36 37
14 15 16 17 20 29 32 33 34 35
10 11 17 19 22 27 30 32 38 39
12 15 16 17 22 27 32 33 34 37
11 14 15 19 24 25 30 34 35 38
11 15 16 17 23 26 32 33 34 38
11 12 13 23 24 25 26 36 37 38
9 11 18 20 22 27 29 31 38 40
8 11 15 19 23 26 30 34 38 41
8 9 16 17 24 25 32 33 40 41
7 14 16 17 21 28 32 33 35 42
9 15 16 17 24 25 32 33 34 40
11 12 13 15 23 26 34 36 37 38
10 11 12 14 24 25 35 37 38 39
11 12 13 14 23 26 35 36 37 38
8 11 13 15 23 26 34 36 38 41
9 12 19 20 21 28 29 30 37 40
11 13 14 19 24 25 30 35 36 38
10 11 17 19 21 28 30 32 38 39
10 11 12 17 22 27 32 37 38 39
10 11 12 15 22 27 34 37 38 39
9 12 14 19 21 28 30 35 37 40
8 13 14 20 21 28 29 35 36 41
10 11 14 18 21 28 31 35 38 39
9 11 13 14 22 27 35 36 38 40
9 15 16 20 24 25 29 33 34 40
9 12 15 16 24 25 33 34 37 40
9 13 14 17 23 26 32 35 36 40
11 12 13 18 24 25 31 36 37 38
10 13 16 18 23 26 31 33 36 39
9 11 18 19 20 29 30 31 38 40
13 15 16 17 19 30 32 33 34 36
9 13 18 20 22 27 29 31 36 40
10 15 17 19 20 29 30 32 34 39
10 12 16 17 20 29 32 33 37 39
13 14 15 17 21 28 32 34 35 36
9 13 16 17 23 26 32 33 36 40
9 14 19 20 21 28 29 30 35 40
11 14 16 17 21 28 32 33 35 38
11 13 14 18 22 27 31 35 36 38
11 12 15 17 22 27 32 34 37 38
13 16 17 18 19 30 31 32 33 36
9 14 15 19 21 28 30 34 35 40
11 12 13 19 23 26 30 36 37 38
11 14 17 19 21 28 30 32 35 38
11 16 17 19 21 28 30 32 33 38
13 14 15 18 21 28 31 34 35 36
11 13 18 19 24 25 30 31 36 38
13 15 17 18 21 28 31 32 34 36
13 15 17 18 19 30 31 32 34 36
11 12 13 19 24 25 30 36 37 38
