6 7 8 9 10 11 12 13 14
3 5 7 9 10 11 13 15 17
2 6 7 9 10 11 13 14 18
2 3 6 7 10 13 14 17 18
2 5 6 9 10 11 14 15 18
5 6 8 9 10 11 12 14 15
4 5 8 9 10 11 12 15 16
5 7 8 9 10 11 12 13 15
2 3 7 9 10 11 13 17 18
4 6 7 9 10 11 13 14 16
3 4 6 9 10 11 14 16 17
4 6 8 9 10 11 12 14 16
3 4 7 9 10 11 13 16 17
3 6 7 8 10 12 13 14 17
3 6 7 9 10 11 13 14 17
4 7 8 9 10 11 12 13 16
3 6 8 9 10 11 12 14 17
4 5 7 9 10 11 13 15 16
5 6 7 9 10 11 13 14 15
5 6 7 8 10 12 13 14 15
3 7 8 9 10 11 12 13 17
4 5 6 9 10 11 14 15 16
3 5 7 8 10 12 13 15 17
4 5 6 7 10 13 14 15 16
2 5 6 8 10 12 14 15 18
2 6 8 9 10 11 12 14 18
4 6 7 8 10 12 13 14 16
3 5 6 7 10 13 14 15 17
3 4 5 7 10 13 15 16 17
2 6 7 8 10 12 13 14 18
1 3 7 9 10 11 13 17 19
2 3 7 8 10 12 13 17 18
4 5 6 8 10 12 14 15 16
3 4 7 8 10 12 13 16 17
3 4 6 7 10 13 14 16 17
2 3 4 7 10 13 16 17 18
2 3 5 7 10 13 15 17 18
3 5 6 9 10 11 14 15 17
2 4 6 8 10 12 14 16 18
