7 8 9 10 11 12 13 14
6 8 9 10 11 12 13 15
3 4 9 10 11 12 17 18
3 4 5 10 11 16 17 18
5 8 9 10 11 12 13 16
6 7 8 9 12 13 14 15
4 7 8 10 11 13 14 17
6 7 8 10 11 13 14 15
4 8 9 10 11 12 13 17
4 5 9 10 11 12 16 17
4 6 9 10 11 12 15 17
4 6 8 10 11 13 15 17
3 6 8 10 11 13 15 18
5 6 8 9 12 13 15 16
5 7 9 10 11 12 14 16
5 6 9 10 11 12 15 16
2 8 9 10 11 12 13 19
2 4 5 10 11 16 17 19
6 7 9 10 11 12 14 15
4 7 9 10 11 12 14 17
4 5 8 10 11 13 16 17
3 6 9 10 11 12 15 18
3 4 8 10 11 13 17 18
4 5 6 9 12 15 16 17
2 5 8 10 11 13 16 19
4 5 7 9 12 14 16 17
4 6 7 10 11 14 15 17
4 5 6 10 11 15 16 17
4 5 8 9 12 13 16 17
5 7 8 10 11 13 14 16
5 6 7 10 11 14 15 16
2 7 8 10 11 13 14 19
3 4 6 10 11 15 17 18
5 6 8 10 11 13 15 16
4 6 8 9 12 13 15 17
5 7 8 9 12 13 14 16
5 6 7 9 12 14 15 16
4 5 7 10 11 14 16 17
3 6 7 9 12 14 15 18
3 4 7 10 11 14 17 18
