13 15 17 19 21 23
11 15 17 19 21 25
7 9 11 25 27 29
11 13 17 19 23 25
9 15 17 19 21 27
7 15 17 19 21 29
7 11 15 21 25 29
11 13 15 21 23 25
3 15 17 19 21 33
9 13 15 21 23 27
9 11 13 23 25 27
7 11 13 23 25 29
7 11 17 19 25 29
9 13 17 19 23 27
8 9 10 26 27 28
7 11 16 20 25 29
5 13 14 22 23 31
8 10 17 19 26 28
15 16 17 19 20 21
5 7 17 19 29 31
6 11 13 23 25 30
9 14 17 19 22 27
9 13 16 20 23 27
8 10 11 25 26 28
7 10 11 25 26 29
7 8 11 25 28 29
13 15 16 20 21 23
13 14 17 19 22 23
13 14 16 20 22 23
13 16 17 19 20 23
14 15 17 19 21 22
14 15 16 20 21 22
9 14 15 21 22 27
11 15 16 20 21 25
3 14 15 21 22 33
6 9 14 22 27 30
6 16 17 19 20 30
8 15 17 19 21 28
6 14 17 19 22 30
10 15 17 19 21 26
6 9 16 20 27 30
6 9 17 19 27 30
3 15 16 20 21 33
6 13 16 20 23 30
10 14 15 21 22 26
10 14 17 19 22 26
11 13 16 20 23 25
7 16 17 19 20 29
8 11 13 23 25 28
14 16 17 19 20 22
6 10 14 22 26 30
2 10 14 22 26 34
13 14 15 21 22 23
11 16 17 19 20 25
9 10 14 22 26 27
9 16 17 19 20 27
6 7 11 25 29 30
6 13 14 22 23 30
8 10 15 21 26 28
9 14 16 20 22 27
6 11 16 20 25 30
9 15 16 20 21 27
3 9 15 21 27 33
6 8 10 26 28 30
12 16 17 19 20 24
9 12 14 22 24 27
12 13 17 19 23 24
12 14 15 21 22 24
11 12 16 20 24 25
9 12 17 19 24 27
9 12 16 20 24 27
12 13 15 21 23 24
12 15 16 20 21 24
12 13 16 20 23 24
12 13 14 22 23 24
12 14 17 19 22 24
12 15 17 19 21 24
12 14 16 20 22 24
7 11 12 24 25 29
8 10 12 24 26 28
10 11 13 23 25 26
11 13 14 22 23 25
6 15 16 20 21 30
11 14 16 20 22 25
6 14 15 21 22 30
10 11 16 20 25 26
10 14 16 20 22 26
6 13 15 21 23 30
11 14 17 19 22 25
11 14 15 21 22 25
8 11 16 20 25 28
6 15 17 19 21 30
10 11 14 22 25 26
10 13 14 22 23 26
8 16 17 19 20 28
8 13 16 20 23 28
10 15 16 20 21 26
10 13 17 19 23 26
8 10 13 23 26 28
8 15 16 20 21 28
6 8 16 20 28 30
6 11 14 22 25 30
9 11 14 22 25 27
10 16 17 19 20 26
9 10 16 20 26 27
8 9 16 20 27 28
8 10 14 22 26 28
4 14 16 20 22 32
6 12 17 19 24 30
6 12 14 22 24 30
6 12 16 20 24 30
6 9 12 24 27 30
10 13 16 20 23 26
8 14 16 20 22 28
7 10 17 19 26 29
4 10 14 22 26 32
8 11 17 19 25 28
6 14 16 20 22 30
8 13 15 21 23 28
11 12 13 23 24 25
6 10 16 20 26 30
9 11 16 20 25 27
9 13 14 22 23 27
10 11 15 21 25 26
7 8 15 21 28 29
6 13 17 19 23 30
9 12 15 21 24 27
10 12 14 22 24 26
7 14 15 21 22 29
6 9 15 21 27 30
10 12 16 20 24 26
11 12 14 22 24 25
7 11 14 22 25 29
5 8 13 23 28 31
3 12 15 21 24 33
6 12 15 21 24 30
8 10 16 20 26 28
3 6 15 21 30 33
8 12 16 20 24 28
4 8 16 20 28 32
