8 23 24 25 40
21 23 24 25 27
8 21 24 27 40
15 17 24 31 33
13 19 24 29 35
21 22 24 26 27
19 23 24 25 29
20 23 24 25 28
19 22 24 26 29
19 21 24 27 29
17 23 24 25 31
20 21 24 27 28
19 20 24 28 29
18 23 24 25 30
18 19 24 29 30
22 23 24 25 26
17 22 24 26 31
17 21 24 27 31
17 19 24 29 31
20 22 24 26 28
18 22 24 26 30
18 20 24 28 30
10 22 24 26 38
8 18 24 30 40
8 22 24 26 40
14 18 24 30 34
15 22 24 26 33
14 22 24 26 34
18 21 24 27 30
15 21 24 27 33
16 22 24 26 32
16 23 24 25 32
16 21 24 27 32
16 18 24 30 32
16 20 24 28 32
12 23 24 25 36
12 22 24 26 36
12 21 24 27 36
12 20 24 28 36
8 12 24 36 40
14 17 24 31 34
14 20 24 28 34
15 18 24 30 33
8 20 24 28 40
12 16 24 32 36
9 15 24 33 39
10 14 24 34 38
11 13 24 35 37
4 20 24 28 44
6 18 24 30 42
12 18 24 30 36
8 16 24 32 40
