14 15 16 17 18 19 20 21
3 4 11 17 18 24 31 32
7 12 13 17 18 22 23 28
6 9 11 16 19 24 26 29
7 8 13 17 18 22 27 28
7 8 12 17 18 23 27 28
4 9 11 16 19 24 26 31
9 11 14 16 19 21 24 26
8 12 13 17 18 22 23 27
13 14 16 17 18 19 21 22
13 14 15 17 18 20 21 22
13 14 15 16 19 20 21 22
12 14 16 17 18 19 21 23
12 14 15 17 18 20 21 23
12 14 15 16 19 20 21 23
12 13 16 17 18 19 22 23
12 15 16 17 18 19 20 23
12 13 14 15 20 21 22 23
12 13 15 17 18 20 22 23
12 13 14 17 18 21 22 23
12 13 15 16 19 20 22 23
12 13 14 16 19 21 22 23
13 15 16 17 18 19 20 22
6 8 13 15 20 22 27 29
11 14 16 17 18 19 21 24
11 14 15 17 18 20 21 24
11 14 15 16 19 20 21 24
10 14 16 17 18 19 21 25
9 12 15 16 19 20 23 26
10 13 16 17 18 19 22 25
6 13 15 17 18 20 22 29
8 13 15 17 18 20 22 27
10 11 16 17 18 19 24 25
6 8 13 17 18 22 27 29
9 14 15 16 19 20 21 26
10 12 14 17 18 21 23 25
10 13 14 16 19 21 22 25
10 12 16 17 18 19 23 25
11 15 16 17 18 19 20 24
8 9 11 14 21 24 26 27
8 12 14 17 18 21 23 27
11 13 15 17 18 20 22 24
11 13 15 16 19 20 22 24
11 13 16 17 18 19 22 24
11 13 14 17 18 21 22 24
11 13 14 15 20 21 22 24
10 13 15 16 19 20 22 25
11 12 15 17 18 20 23 24
6 9 12 16 19 23 26 29
9 12 13 16 19 22 23 26
10 11 12 17 18 23 24 25
8 11 13 15 20 22 24 27
10 14 15 17 18 20 21 25
9 10 11 17 18 24 25 26
11 12 14 16 19 21 23 24
8 9 12 16 19 23 26 27
11 12 14 17 18 21 23 24
10 12 15 16 19 20 23 25
10 12 14 15 20 21 23 25
10 13 14 15 20 21 22 25
11 12 14 15 20 21 23 24
10 11 15 17 18 20 24 25
9 13 15 16 19 20 22 26
9 11 16 17 18 19 24 26
8 12 13 16 19 22 23 27
8 14 16 17 18 19 21 27
9 13 14 16 19 21 22 26
10 15 16 17 18 19 20 25
9 13 14 15 20 21 22 26
10 11 12 16 19 23 24 25
11 13 14 16 19 21 22 24
9 14 16 17 18 19 21 26
9 14 15 17 18 20 21 26
11 12 15 16 19 20 23 24
9 11 12 16 19 23 24 26
10 13 15 17 18 20 22 25
6 10 13 15 20 22 25 29
10 14 15 16 19 20 21 25
11 12 16 17 18 19 23 24
8 10 13 15 20 22 25 27
9 12 16 17 18 19 23 26
10 11 13 16 19 22 24 25
8 13 16 17 18 19 22 27
8 12 16 17 18 19 23 27
8 11 13 17 18 22 24 27
8 13 15 16 19 20 22 27
9 12 13 15 20 22 23 26
8 10 11 15 20 24 25 27
9 11 14 17 18 21 24 26
10 11 13 17 18 22 24 25
9 15 16 17 18 19 20 26
10 12 15 17 18 20 23 25
7 13 14 17 18 21 22 28
7 12 14 17 18 21 23 28
7 14 16 17 18 19 21 28
7 14 15 16 19 20 21 28
7 14 15 17 18 20 21 28
11 12 13 15 20 22 23 24
11 12 13 16 19 22 23 24
9 13 15 17 18 20 22 26
11 12 13 14 21 22 23 24
9 11 13 14 21 22 24 26
11 12 13 17 18 22 23 24
9 11 13 16 19 22 24 26
9 13 16 17 18 19 22 26
9 12 13 17 18 22 23 26
10 12 13 17 18 22 23 25
10 11 14 17 18 21 24 25
10 11 14 16 19 21 24 25
8 12 13 14 21 22 23 27
6 11 15 17 18 20 24 29
9 11 14 15 20 21 24 26
8 10 13 17 18 22 25 27
8 12 13 15 20 22 23 27
8 12 14 15 20 21 23 27
8 13 14 17 18 21 22 27
9 12 14 16 19 21 23 26
8 11 15 16 19 20 24 27
8 11 14 16 19 21 24 27
10 12 13 16 19 22 23 25
10 12 13 14 21 22 23 25
6 11 16 17 18 19 24 29
9 10 12 16 19 23 25 26
10 11 14 15 20 21 24 25
9 11 12 14 21 23 24 26
10 12 13 15 20 22 23 25
9 12 14 17 18 21 23 26
8 11 12 15 20 23 24 27
10 11 13 14 21 22 24 25
9 11 15 17 18 20 24 26
8 9 13 16 19 22 26 27
10 11 13 15 20 22 24 25
9 10 14 16 19 21 25 26
4 9 12 16 19 23 26 31
8 12 15 17 18 20 23 27
7 12 13 15 20 22 23 28
8 9 11 15 20 24 26 27
8 10 11 14 21 24 25 27
8 9 12 15 20 23 26 27
8 9 14 17 18 21 26 27
8 10 11 16 19 24 25 27
8 9 11 17 18 24 26 27
7 12 13 16 19 22 23 28
7 10 16 17 18 19 25 28
7 12 16 17 18 19 23 28
6 13 15 16 19 20 22 29
6 13 16 17 18 19 22 29
9 10 11 14 21 24 25 26
6 8 11 17 18 24 27 29
9 10 11 16 19 24 25 26
9 11 15 16 19 20 24 26
9 10 12 14 21 23 25 26
8 9 12 14 21 23 26 27
9 12 14 15 20 21 23 26
6 13 14 16 19 21 22 29
8 10 11 17 18 24 25 27
8 10 13 14 21 22 25 27
8 11 16 17 18 19 24 27
8 9 11 16 19 24 26 27
6 12 13 17 18 22 23 29
8 9 12 17 18 23 26 27
9 10 16 17 18 19 25 26
8 12 15 16 19 20 23 27
8 13 14 16 19 21 22 27
8 10 15 17 18 20 25 27
6 12 13 16 19 22 23 29
6 9 13 16 19 22 26 29
8 13 14 15 20 21 22 27
10 11 12 15 20 23 24 25
8 11 13 16 19 22 24 27
9 10 13 15 20 22 25 26
7 10 11 17 18 24 25 28
7 9 12 16 19 23 26 28
6 10 13 16 19 22 25 29
6 7 13 16 19 22 28 29
6 9 10 16 19 25 26 29
7 8 12 15 20 23 27 28
9 11 12 17 18 23 24 26
7 8 13 15 20 22 27 28
6 9 11 15 20 24 26 29
7 9 10 16 19 25 26 28
9 10 15 16 19 20 25 26
9 11 13 17 18 22 24 26
5 10 15 17 18 20 25 30
5 10 14 15 20 21 25 30
10 11 12 13 22 23 24 25
8 9 10 17 18 25 26 27
7 13 14 15 20 21 22 28
7 12 14 16 19 21 23 28
6 11 12 17 18 23 24 29
7 11 13 14 21 22 24 28
7 10 14 15 20 21 25 28
5 9 10 16 19 25 26 30
9 11 12 15 20 23 24 26
6 8 13 16 19 22 27 29
7 11 12 17 18 23 24 28
9 12 13 14 21 22 23 26
8 10 12 15 20 23 25 27
6 11 13 16 19 22 24 29
9 10 11 15 20 24 25 26
7 10 13 15 20 22 25 28
8 9 13 17 18 22 26 27
10 11 12 14 21 23 24 25
6 9 13 15 20 22 26 29
8 11 13 14 21 22 24 27
9 10 13 16 19 22 25 26
8 11 12 16 19 23 24 27
7 9 14 16 19 21 26 28
