17 19 21 23 25 27 29 31 33
9 15 21 23 25 27 29 35 41
11 19 21 23 25 27 29 31 39
13 17 19 23 25 27 31 33 37
9 19 21 23 25 27 29 31 41
15 17 21 23 25 27 29 33 35
15 17 19 21 25 29 31 33 35
15 17 19 23 25 27 31 33 35
13 19 21 23 25 27 29 31 37
13 15 21 23 25 27 29 35 37
9 13 15 17 25 33 35 37 41
7 15 21 23 25 27 29 35 43
11 13 17 23 25 27 33 37 39
9 17 21 23 25 27 29 33 41
9 11 19 21 25 29 31 39 41
9 15 17 21 25 29 33 35 41
13 17 21 23 25 27 29 33 37
13 17 19 21 25 29 31 33 37
15 19 21 23 25 27 29 31 35
11 13 21 23 25 27 29 37 39
9 13 19 23 25 27 31 37 41
11 17 19 21 25 29 31 33 39
11 17 21 23 25 27 29 33 39
11 15 19 23 25 27 31 35 39
5 15 19 21 25 29 31 35 45
5 15 17 23 25 27 33 35 45
11 17 19 23 25 27 31 33 39
13 15 17 19 25 31 33 35 37
11 13 19 21 25 29 31 37 39
11 13 15 21 25 29 35 37 39
13 15 17 21 25 29 33 35 37
11 15 17 23 25 27 33 35 39
11 13 19 23 25 27 31 37 39
11 13 15 17 25 33 35 37 39
11 15 17 19 25 31 33 35 39
9 17 19 21 25 29 31 33 41
9 11 15 21 25 29 35 39 41
7 13 15 23 25 27 35 37 43
13 15 19 23 25 27 31 35 37
13 15 19 21 25 29 31 35 37
13 15 17 23 25 27 33 35 37
11 15 19 21 25 29 31 35 39
11 15 21 23 25 27 29 35 39
9 13 17 23 25 27 33 37 41
11 13 15 19 25 31 35 37 39
5 15 17 19 25 31 33 35 45
11 13 17 21 25 29 33 37 39
5 15 19 23 25 27 31 35 45
5 15 21 23 25 27 29 35 45
9 11 17 21 25 29 33 39 41
9 13 17 19 25 31 33 37 41
21 22 23 24 25 26 27 28 29
20 22 23 24 25 26 27 28 30
20 21 23 24 25 26 27 29 30
20 21 22 24 25 26 28 29 30
5 15 18 22 25 28 32 35 45
5 15 16 24 25 26 34 35 45
19 22 23 24 25 26 27 28 31
19 21 22 23 25 27 28 29 31
19 21 23 24 25 26 27 29 31
19 20 22 24 25 26 28 30 31
19 20 22 23 25 27 28 30 31
19 20 21 23 25 27 29 30 31
19 20 21 22 25 28 29 30 31
19 21 22 24 25 26 28 29 31
20 21 22 23 25 27 28 29 30
19 20 21 24 25 26 29 30 31
18 22 23 24 25 26 27 28 32
18 21 22 23 25 27 28 29 32
18 19 23 24 25 26 27 31 32
14 15 16 24 25 26 34 35 36
18 20 21 22 25 28 29 30 32
18 19 21 23 25 27 29 31 32
18 19 20 24 25 26 30 31 32
18 19 20 23 25 27 30 31 32
18 19 20 22 25 28 30 31 32
18 19 20 21 25 29 30 31 32
18 19 22 24 25 26 28 31 32
18 19 21 24 25 26 29 31 32
18 21 23 24 25 26 27 29 32
18 21 22 24 25 26 28 29 32
17 20 23 24 25 26 27 30 33
17 22 23 24 25 26 27 28 33
17 20 21 24 25 26 29 30 33
17 19 22 24 25 26 28 31 33
17 20 22 24 25 26 28 30 33
17 19 20 23 25 27 30 31 33
17 19 20 24 25 26 30 31 33
18 19 22 23 25 27 28 31 32
18 19 21 22 25 28 29 31 32
17 21 23 24 25 26 27 29 33
17 21 22 23 25 27 28 29 33
17 19 21 24 25 26 29 31 33
17 19 22 23 25 27 28 31 33
17 19 21 22 25 28 29 31 33
17 20 21 23 25 27 29 30 33
17 19 20 22 25 28 30 31 33
17 19 23 24 25 26 27 31 33
17 20 21 22 25 28 29 30 33
17 18 21 23 25 27 29 32 33
17 18 23 24 25 26 27 32 33
17 18 20 21 25 29 30 32 33
17 21 22 24 25 26 28 29 33
17 18 22 23 25 27 28 32 33
17 18 22 24 25 26 28 32 33
17 18 19 23 25 27 31 32 33
17 18 20 24 25 26 30 32 33
17 18 20 23 25 27 30 32 33
17 18 20 22 25 28 30 32 33
17 18 19 20 25 30 31 32 33
17 18 21 24 25 26 29 32 33
17 18 19 21 25 29 31 32 33
17 18 19 22 25 28 31 32 33
19 20 23 24 25 26 27 30 31
12 15 18 22 25 28 32 35 38
18 20 22 23 25 27 28 30 32
8 12 18 22 25 28 32 38 42
18 20 21 24 25 26 29 30 32
18 20 21 23 25 27 29 30 32
8 12 15 22 25 28 35 38 42
17 20 22 23 25 27 28 30 33
6 14 15 24 25 26 35 36 44
16 19 22 23 25 27 28 31 34
16 20 22 24 25 26 28 30 34
16 20 22 23 25 27 28 30 34
16 19 21 22 25 28 29 31 34
16 21 22 24 25 26 28 29 34
16 20 23 24 25 26 27 30 34
16 20 21 23 25 27 29 30 34
16 19 23 24 25 26 27 31 34
16 19 20 24 25 26 30 31 34
16 19 20 23 25 27 30 31 34
16 19 22 24 25 26 28 31 34
16 21 23 24 25 26 27 29 34
16 21 22 23 25 27 28 29 34
17 18 21 22 25 28 29 32 33
15 19 21 24 25 26 29 31 35
15 18 21 22 25 28 29 32 35
6 15 23 24 25 26 27 35 44
14 15 23 24 25 26 27 35 36
15 19 22 24 25 26 28 31 35
12 15 21 22 25 28 29 35 38
15 18 22 24 25 26 28 32 35
15 18 22 23 25 27 28 32 35
8 11 12 18 25 32 38 39 42
8 18 19 22 25 28 31 32 42
16 19 21 23 25 27 29 31 34
12 15 18 21 25 29 32 35 38
14 15 17 24 25 26 33 35 36
15 19 23 24 25 26 27 31 35
14 15 16 23 25 27 34 35 36
15 19 22 23 25 27 28 31 35
15 17 23 24 25 26 27 33 35
15 17 21 24 25 26 29 33 35
15 18 21 24 25 26 29 32 35
15 21 22 24 25 26 28 29 35
15 21 22 23 25 27 28 29 35
8 15 19 22 25 28 31 35 42
15 19 21 22 25 28 29 31 35
11 12 15 18 25 32 35 38 39
13 14 15 16 25 34 35 36 37
15 18 21 23 25 27 29 32 35
15 18 19 23 25 27 31 32 35
15 17 22 24 25 26 28 33 35
15 18 19 21 25 29 31 32 35
15 17 22 23 25 27 28 33 35
15 17 21 22 25 28 29 33 35
5 15 18 19 25 31 32 35 45
5 15 18 21 25 29 32 35 45
5 15 23 24 25 26 27 35 45
5 15 21 22 25 28 29 35 45
15 17 19 22 25 28 31 33 35
15 18 19 24 25 26 31 32 35
18 20 23 24 25 26 27 30 32
16 19 21 24 25 26 29 31 34
16 19 20 22 25 28 30 31 34
16 20 21 22 25 28 29 30 34
17 19 20 21 25 29 30 31 33
15 18 23 24 25 26 27 32 35
15 17 19 24 25 26 31 33 35
12 18 21 22 25 28 29 32 38
14 17 20 24 25 26 30 33 36
5 15 22 24 25 26 28 35 45
13 20 21 23 25 27 29 30 37
11 18 19 23 25 27 31 32 39
13 19 22 23 25 27 28 31 37
13 18 20 21 25 29 30 32 37
13 14 20 21 25 29 30 36 37
11 17 18 20 25 30 32 33 39
13 19 21 22 25 28 29 31 37
13 19 20 23 25 27 30 31 37
11 15 18 19 25 31 32 35 39
13 16 22 23 25 27 28 34 37
14 15 17 23 25 27 33 35 36
14 20 21 23 25 27 29 30 36
14 17 23 24 25 26 27 33 36
14 19 20 21 25 29 30 31 36
13 20 22 23 25 27 28 30 37
13 20 21 22 25 28 29 30 37
14 16 19 21 25 29 31 34 36
13 14 19 21 25 29 31 36 37
11 17 20 23 25 27 30 33 39
13 15 18 21 25 29 32 35 37
11 19 21 24 25 26 29 31 39
14 16 19 23 25 27 31 34 36
13 17 19 22 25 28 31 33 37
13 18 21 23 25 27 29 32 37
13 17 18 23 25 27 32 33 37
11 18 23 24 25 26 27 32 39
15 18 19 22 25 28 31 32 35
13 17 22 23 25 27 28 33 37
11 20 23 24 25 26 27 30 39
13 21 22 23 25 27 28 29 37
17 18 19 24 25 26 31 32 33
13 19 20 22 25 28 30 31 37
14 17 20 23 25 27 30 33 36
11 19 23 24 25 26 27 31 39
18 20 22 24 25 26 28 30 32
14 20 23 24 25 26 27 30 36
14 19 20 23 25 27 30 31 36
15 16 22 23 25 27 28 34 35
14 21 23 24 25 26 27 29 36
14 17 20 21 25 29 30 33 36
14 17 21 23 25 27 29 33 36
14 19 21 23 25 27 29 31 36
15 16 21 24 25 26 29 34 35
15 16 21 22 25 28 29 34 35
15 16 22 24 25 26 28 34 35
13 18 20 22 25 28 30 32 37
14 16 23 24 25 26 27 34 36
13 14 15 17 25 33 35 36 37
14 16 21 24 25 26 29 34 36
12 18 22 23 25 27 28 32 38
11 16 19 21 25 29 31 34 39
11 20 21 23 25 27 29 30 39
7 15 23 24 25 26 27 35 43
11 18 20 24 25 26 30 32 39
16 20 21 24 25 26 29 30 34
11 13 17 18 25 32 33 37 39
13 18 22 23 25 27 28 32 37
11 13 20 21 25 29 30 37 39
10 19 22 23 25 27 28 31 40
13 14 16 19 25 31 34 36 37
10 16 22 23 25 27 28 34 40
9 15 21 22 25 28 29 35 41
12 14 20 21 25 29 30 36 38
5 15 18 24 25 26 32 35 45
8 19 22 24 25 26 28 31 42
14 15 19 23 25 27 31 35 36
13 16 19 20 25 30 31 34 37
14 16 19 24 25 26 31 34 36
10 19 22 24 25 26 28 31 40
15 21 23 24 25 26 27 29 35
15 22 23 24 25 26 27 28 35
13 19 20 21 25 29 30 31 37
13 16 19 23 25 27 31 34 37
12 17 18 22 25 28 32 33 38
13 16 20 22 25 28 30 34 37
16 22 23 24 25 26 27 28 34
16 19 20 21 25 29 30 31 34
15 16 23 24 25 26 27 34 35
14 20 21 24 25 26 29 30 36
14 19 21 24 25 26 29 31 36
12 20 21 23 25 27 29 30 38
15 16 21 23 25 27 29 34 35
14 19 23 24 25 26 27 31 36
12 20 21 22 25 28 29 30 38
8 15 22 24 25 26 28 35 42
12 17 18 23 25 27 32 33 38
12 14 15 16 25 34 35 36 38
14 17 21 24 25 26 29 33 36
10 16 21 22 25 28 29 34 40
12 16 20 23 25 27 30 34 38
16 18 23 24 25 26 27 32 34
16 18 22 24 25 26 28 32 34
16 18 19 20 25 30 31 32 34
16 18 19 22 25 28 31 32 34
16 18 19 21 25 29 31 32 34
15 20 22 24 25 26 28 30 35
15 18 20 24 25 26 30 32 35
15 18 20 21 25 29 30 32 35
16 18 21 24 25 26 29 32 34
15 19 20 23 25 27 30 31 35
15 19 20 22 25 28 30 31 35
12 15 19 22 25 28 31 35 38
14 15 16 17 25 33 34 35 36
11 12 18 22 25 28 32 38 39
16 17 20 22 25 28 30 33 34
15 17 20 23 25 27 30 33 35
15 20 23 24 25 26 27 30 35
16 17 21 23 25 27 29 33 34
15 17 20 24 25 26 30 33 35
13 14 16 24 25 26 34 36 37
16 17 20 23 25 27 30 33 34
7 14 15 16 25 34 35 36 43
15 17 20 21 25 29 30 33 35
15 17 19 20 25 30 31 33 35
5 15 16 17 25 33 34 35 45
16 17 19 21 25 29 31 33 34
16 18 20 24 25 26 30 32 34
16 18 20 21 25 29 30 32 34
15 18 20 22 25 28 30 32 35
14 17 22 24 25 26 28 33 36
15 16 20 22 25 28 30 34 35
14 20 21 22 25 28 29 30 36
13 17 21 24 25 26 29 33 37
13 17 23 24 25 26 27 33 37
14 18 20 21 25 29 30 32 36
13 14 16 17 25 33 34 36 37
14 18 19 21 25 29 31 32 36
14 16 22 23 25 27 28 34 36
15 20 21 23 25 27 29 30 35
15 20 21 22 25 28 29 30 35
14 19 22 24 25 26 28 31 36
15 19 20 21 25 29 30 31 35
16 18 20 22 25 28 30 32 34
13 19 21 24 25 26 29 31 37
12 15 19 21 25 29 31 35 38
13 15 16 17 25 33 34 35 37
14 18 20 23 25 27 30 32 36
14 18 19 24 25 26 31 32 36
14 18 23 24 25 26 27 32 36
14 18 19 23 25 27 31 32 36
13 15 23 24 25 26 27 35 37
14 17 18 24 25 26 32 33 36
11 12 15 19 25 31 35 38 39
14 16 17 23 25 27 33 34 36
13 16 20 24 25 26 30 34 37
13 17 18 24 25 26 32 33 37
14 19 20 22 25 28 30 31 36
11 15 19 22 25 28 31 35 39
11 15 21 22 25 28 29 35 39
15 16 18 22 25 28 32 34 35
13 21 23 24 25 26 27 29 37
13 18 21 24 25 26 29 32 37
14 17 18 23 25 27 32 33 36
15 16 20 24 25 26 30 34 35
15 16 20 23 25 27 30 34 35
14 15 22 24 25 26 28 35 36
14 15 22 23 25 27 28 35 36
15 16 17 22 25 28 33 34 35
13 18 20 24 25 26 30 32 37
13 15 18 24 25 26 32 35 37
14 19 22 23 25 27 28 31 36
14 15 20 23 25 27 30 35 36
13 19 22 24 25 26 28 31 37
13 14 17 24 25 26 33 36 37
13 15 20 21 25 29 30 35 37
11 13 21 22 25 28 29 37 39
13 14 20 22 25 28 30 36 37
13 18 22 24 25 26 28 32 37
13 17 22 24 25 26 28 33 37
13 20 23 24 25 26 27 30 37
15 16 17 23 25 27 33 34 35
13 16 19 24 25 26 31 34 37
15 16 18 23 25 27 32 34 35
13 15 17 24 25 26 33 35 37
16 17 19 23 25 27 31 33 34
14 15 18 19 25 31 32 35 36
12 17 19 22 25 28 31 33 38
11 19 21 22 25 28 29 31 39
11 20 22 24 25 26 28 30 39
12 17 19 23 25 27 31 33 38
13 16 22 24 25 26 28 34 37
12 16 19 20 25 30 31 34 38
15 16 18 24 25 26 32 34 35
14 16 17 21 25 29 33 34 36
15 20 22 23 25 27 28 30 35
15 16 17 24 25 26 33 34 35
16 18 20 23 25 27 30 32 34
13 16 17 22 25 28 33 34 37
12 19 20 23 25 27 30 31 38
10 16 17 21 25 29 33 34 40
16 17 19 22 25 28 31 33 34
15 16 17 21 25 29 33 34 35
11 20 21 22 25 28 29 30 39
13 16 18 22 25 28 32 34 37
13 14 16 22 25 28 34 36 37
16 17 20 21 25 29 30 33 34
13 14 18 20 25 30 32 36 37
14 16 22 24 25 26 28 34 36
12 14 21 22 25 28 29 36 38
12 14 16 17 25 33 34 36 38
13 16 23 24 25 26 27 34 37
14 15 18 23 25 27 32 35 36
14 15 18 24 25 26 32 35 36
13 14 21 24 25 26 29 36 37
13 14 15 18 25 32 35 36 37
8 14 15 16 25 34 35 36 42
11 12 20 22 25 28 30 38 39
12 15 22 24 25 26 28 35 38
14 15 16 22 25 28 34 35 36
14 18 19 20 25 30 31 32 36
15 20 21 24 25 26 29 30 35
13 20 21 24 25 26 29 30 37
12 19 22 23 25 27 28 31 38
12 15 18 24 25 26 32 35 38
15 18 20 23 25 27 30 32 35
15 19 20 24 25 26 30 31 35
14 20 22 24 25 26 28 30 36
16 18 19 24 25 26 31 32 34
12 20 23 24 25 26 27 30 38
14 21 22 24 25 26 28 29 36
14 22 23 24 25 26 27 28 36
12 19 20 22 25 28 30 31 38
12 16 17 23 25 27 33 34 38
16 18 21 22 25 28 29 32 34
16 18 19 23 25 27 31 32 34
16 17 21 24 25 26 29 33 34
12 15 18 19 25 31 32 35 38
11 12 15 22 25 28 35 38 39
13 15 16 24 25 26 34 35 37
8 12 19 22 25 28 31 38 42
9 12 18 22 25 28 32 38 41
16 17 22 24 25 26 28 33 34
16 17 22 23 25 27 28 33 34
16 17 20 24 25 26 30 33 34
16 17 19 20 25 30 31 33 34
15 18 19 20 25 30 31 32 35
9 12 15 18 25 32 35 38 41
16 17 21 22 25 28 29 33 34
16 18 21 23 25 27 29 32 34
16 18 22 23 25 27 28 32 34
14 19 21 22 25 28 29 31 36
13 17 19 24 25 26 31 33 37
13 15 21 24 25 26 29 35 37
14 16 17 24 25 26 33 34 36
12 18 19 22 25 28 31 32 38
12 19 20 21 25 29 30 31 38
15 16 18 21 25 29 32 34 35
8 19 21 22 25 28 29 31 42
13 18 23 24 25 26 27 32 37
14 17 18 20 25 30 32 33 36
16 17 23 24 25 26 27 33 34
12 19 21 22 25 28 29 31 38
16 17 19 24 25 26 31 33 34
12 17 23 24 25 26 27 33 38
14 17 22 23 25 27 28 33 36
12 14 15 18 25 32 35 36 38
12 14 15 19 25 31 35 36 38
12 20 22 24 25 26 28 30 38
13 19 23 24 25 26 27 31 37
10 14 22 23 25 27 28 36 40
14 16 19 22 25 28 31 34 36
11 16 22 24 25 26 28 34 39
12 15 17 19 25 31 33 35 38
14 18 20 24 25 26 30 32 36
11 19 22 24 25 26 28 31 39
12 14 19 20 25 30 31 36 38
13 16 17 23 25 27 33 34 37
11 19 22 23 25 27 28 31 39
11 18 19 22 25 28 31 32 39
14 21 22 23 25 27 28 29 36
12 16 23 24 25 26 27 34 38
14 16 21 22 25 28 29 34 36
5 15 16 18 25 32 34 35 45
12 18 21 24 25 26 29 32 38
11 18 22 24 25 26 28 32 39
12 14 17 18 25 32 33 36 38
12 17 19 20 25 30 31 33 38
14 20 22 23 25 27 28 30 36
13 20 22 24 25 26 28 30 37
14 18 21 24 25 26 29 32 36
13 22 23 24 25 26 27 28 37
13 21 22 24 25 26 28 29 37
13 14 19 22 25 28 31 36 37
11 16 21 22 25 28 29 34 39
11 12 19 21 25 29 31 38 39
13 16 17 19 25 31 33 34 37
12 18 22 24 25 26 28 32 38
12 17 22 24 25 26 28 33 38
14 15 19 22 25 28 31 35 36
12 18 23 24 25 26 27 32 38
14 18 21 23 25 27 29 32 36
12 15 16 18 25 32 34 35 38
10 20 22 23 25 27 28 30 40
10 20 22 24 25 26 28 30 40
10 19 20 24 25 26 30 31 40
10 18 20 24 25 26 30 32 40
10 17 19 20 25 30 31 33 40
10 18 20 21 25 29 30 32 40
10 18 19 20 25 30 31 32 40
10 20 23 24 25 26 27 30 40
10 19 20 23 25 27 30 31 40
10 20 21 24 25 26 29 30 40
10 20 21 22 25 28 29 30 40
10 20 21 23 25 27 29 30 40
10 18 20 23 25 27 30 32 40
11 14 17 21 25 29 33 36 39
11 12 13 18 25 32 37 38 39
8 14 15 17 25 33 35 36 42
12 13 14 17 25 33 36 37 38
11 14 17 24 25 26 33 36 39
10 15 23 24 25 26 27 35 40
10 15 17 21 25 29 33 35 40
11 14 21 23 25 27 29 36 39
12 13 18 21 25 29 32 37 38
11 12 13 17 25 33 37 38 39
8 17 22 24 25 26 28 33 42
11 12 14 20 25 30 36 38 39
11 13 14 20 25 30 36 37 39
7 18 23 24 25 26 27 32 43
11 12 14 21 25 29 36 38 39
9 12 14 16 25 34 36 38 41
11 14 19 23 25 27 31 36 39
11 14 20 23 25 27 30 36 39
12 13 15 16 25 34 35 37 38
11 14 17 23 25 27 33 36 39
9 16 19 21 25 29 31 34 41
10 15 16 23 25 27 34 35 40
10 15 18 19 25 31 32 35 40
12 13 14 16 25 34 36 37 38
11 12 13 16 25 34 37 38 39
11 12 14 15 25 35 36 38 39
12 13 14 21 25 29 36 37 38
8 14 17 24 25 26 33 36 42
11 14 17 20 25 30 33 36 39
10 12 13 14 25 36 37 38 40
11 12 13 15 25 35 37 38 39
12 13 14 15 25 35 36 37 38
10 13 15 21 25 29 35 37 40
10 15 22 24 25 26 28 35 40
12 13 17 22 25 28 33 37 38
12 13 20 21 25 29 30 37 38
10 11 12 14 25 36 38 39 40
11 13 14 17 25 33 36 37 39
11 12 14 17 25 33 36 38 39
9 11 14 24 25 26 36 39 41
9 12 13 14 25 36 37 38 41
12 13 18 23 25 27 32 37 38
10 15 19 23 25 27 31 35 40
8 13 17 18 25 32 33 37 42
11 14 16 21 25 29 34 36 39
10 15 16 22 25 28 34 35 40
11 14 16 24 25 26 34 36 39
10 15 18 21 25 29 32 35 40
10 15 17 24 25 26 33 35 40
11 14 19 24 25 26 31 36 39
9 14 16 19 25 31 34 36 41
10 15 19 22 25 28 31 35 40
10 15 21 23 25 27 29 35 40
12 13 14 20 25 30 36 37 38
11 14 15 17 25 33 35 36 39
9 16 21 23 25 27 29 34 41
8 11 14 15 25 35 36 39 42
8 17 23 24 25 26 27 33 42
8 11 17 18 25 32 33 39 42
9 11 13 14 25 36 37 39 41
9 16 21 22 25 28 29 34 41
16 17 18 22 25 28 32 33 34
16 17 18 20 25 30 32 33 34
14 18 20 22 25 28 30 32 36
16 17 18 19 25 31 32 33 34
12 15 19 24 25 26 31 35 38
14 18 22 24 25 26 28 32 36
14 15 16 18 25 32 34 35 36
13 14 16 18 25 32 34 36 37
13 16 17 18 25 32 33 34 37
12 16 19 24 25 26 31 34 38
16 17 18 23 25 27 32 33 34
16 17 18 21 25 29 32 33 34
14 18 22 23 25 27 28 32 36
14 17 18 22 25 28 32 33 36
12 19 20 24 25 26 30 31 38
12 19 22 24 25 26 28 31 38
14 16 18 19 25 31 32 34 36
14 18 21 22 25 28 29 32 36
16 17 18 24 25 26 32 33 34
12 19 21 24 25 26 29 31 38
14 15 18 22 25 28 32 35 36
12 14 18 22 25 28 32 36 38
14 18 19 22 25 28 31 32 36
14 16 18 24 25 26 32 34 36
9 12 14 18 25 32 36 38 41
12 19 23 24 25 26 27 31 38
8 13 15 17 25 33 35 37 42
11 14 20 21 25 29 30 36 39
12 13 15 17 25 33 35 37 38
8 15 17 22 25 28 33 35 42
10 12 13 17 25 33 37 38 40
11 14 20 24 25 26 30 36 39
10 12 13 18 25 32 37 38 40
12 13 15 18 25 32 35 37 38
12 13 15 21 25 29 35 37 38
10 11 15 19 25 31 35 39 40
10 15 22 23 25 27 28 35 40
10 13 15 17 25 33 35 37 40
10 15 18 23 25 27 32 35 40
10 15 19 24 25 26 31 35 40
10 15 21 24 25 26 29 35 40
9 13 16 19 25 31 34 37 41
11 14 23 24 25 26 27 36 39
11 13 14 21 25 29 36 37 39
9 16 22 24 25 26 28 34 41
7 8 18 22 25 28 32 42 43
9 14 16 21 25 29 34 36 41
10 12 15 18 25 32 35 38 40
7 13 18 23 25 27 32 37 43
11 14 21 24 25 26 29 36 39
10 14 15 16 25 34 35 36 40
9 12 13 15 25 35 37 38 41
10 12 13 16 25 34 37 38 40
10 11 14 23 25 27 36 39 40
12 13 16 20 25 30 34 37 38
11 14 15 19 25 31 35 36 39
12 13 20 23 25 27 30 37 38
9 14 15 16 25 34 35 36 41
9 10 14 16 25 34 36 40 41
9 15 16 21 25 29 34 35 41
9 10 16 21 25 29 34 40 41
11 14 15 16 25 34 35 36 39
12 13 20 22 25 28 30 37 38
12 13 18 22 25 28 32 37 38
11 13 14 15 25 35 36 37 39
9 11 14 21 25 29 36 39 41
9 16 21 24 25 26 29 34 41
12 13 17 18 25 32 33 37 38
8 12 17 22 25 28 33 38 42
9 11 16 21 25 29 34 39 41
12 13 22 23 25 27 28 37 38
11 14 19 21 25 29 31 36 39
9 14 16 24 25 26 34 36 41
10 15 17 19 25 31 33 35 40
10 15 21 22 25 28 29 35 40
10 14 15 23 25 27 35 36 40
10 15 18 24 25 26 32 35 40
8 17 18 22 25 28 32 33 42
12 13 17 23 25 27 33 37 38
9 13 14 16 25 34 36 37 41
12 13 16 23 25 27 34 37 38
11 12 13 20 25 30 37 38 39
9 12 15 16 25 34 35 38 41
12 13 21 23 25 27 29 37 38
11 14 15 23 25 27 35 36 39
12 13 21 22 25 28 29 37 38
11 12 14 16 25 34 36 38 39
5 12 13 15 25 35 37 38 45
15 17 18 21 25 29 32 33 35
13 18 19 23 25 27 31 32 37
13 17 20 21 25 29 30 33 37
13 17 20 22 25 28 30 33 37
11 17 19 20 25 30 31 33 39
11 19 20 24 25 26 30 31 39
14 16 20 21 25 29 30 34 36
8 11 18 19 25 31 32 39 42
8 9 19 22 25 28 31 41 42
11 13 18 19 25 31 32 37 39
11 18 19 20 25 30 31 32 39
13 17 18 20 25 30 32 33 37
14 15 21 23 25 27 29 35 36
11 17 18 21 25 29 32 33 39
15 16 19 22 25 28 31 34 35
11 15 23 24 25 26 27 35 39
11 19 20 23 25 27 30 31 39
12 15 18 23 25 27 32 35 38
10 13 16 21 25 29 34 37 40
14 15 16 21 25 29 34 35 36
13 18 19 21 25 29 31 32 37
10 17 19 21 25 29 31 33 40
12 14 17 21 25 29 33 36 38
10 13 18 19 25 31 32 37 40
11 13 16 21 25 29 34 37 39
11 18 20 21 25 29 30 32 39
11 15 18 21 25 29 32 35 39
13 17 18 19 25 31 32 33 37
14 16 19 20 25 30 31 34 36
9 14 23 24 25 26 27 36 41
14 17 19 21 25 29 31 33 36
13 17 20 23 25 27 30 33 37
11 13 17 20 25 30 33 37 39
13 18 19 22 25 28 31 32 37
13 15 16 19 25 31 34 35 37
8 9 11 19 25 31 39 41 42
12 17 18 20 25 30 32 33 38
6 15 18 24 25 26 32 35 44
8 19 23 24 25 26 27 31 42
11 18 19 21 25 29 31 32 39
10 13 19 23 25 27 31 37 40
13 15 19 22 25 28 31 35 37
14 15 21 24 25 26 29 35 36
13 15 16 22 25 28 34 35 37
13 16 21 22 25 28 29 34 37
10 14 23 24 25 26 27 36 40
12 17 21 22 25 28 29 33 38
11 16 19 20 25 30 31 34 39
13 15 18 19 25 31 32 35 37
14 17 19 20 25 30 31 33 36
14 15 17 19 25 31 33 35 36
10 17 21 23 25 27 29 33 40
13 18 19 20 25 30 31 32 37
12 17 21 23 25 27 29 33 38
12 15 17 18 25 32 33 35 38
12 18 20 23 25 27 30 32 38
13 14 20 23 25 27 30 36 37
11 13 21 24 25 26 29 37 39
11 17 22 23 25 27 28 33 39
11 17 21 22 25 28 29 33 39
11 13 16 24 25 26 34 37 39
11 17 18 22 25 28 32 33 39
11 12 17 22 25 28 33 38 39
11 13 18 24 25 26 32 37 39
8 16 22 24 25 26 28 34 42
8 14 16 24 25 26 34 36 42
12 14 16 24 25 26 34 36 38
15 17 18 22 25 28 32 33 35
13 14 16 23 25 27 34 36 37
15 17 18 19 25 31 32 33 35
8 9 19 23 25 27 31 41 42
15 16 19 24 25 26 31 34 35
9 19 21 22 25 28 29 31 41
12 15 16 23 25 27 34 35 38
12 17 18 21 25 29 32 33 38
13 16 20 21 25 29 30 34 37
9 19 22 24 25 26 28 31 41
11 16 23 24 25 26 27 34 39
9 12 15 21 25 29 35 38 41
7 15 16 23 25 27 34 35 43
10 14 17 23 25 27 33 36 40
12 14 16 20 25 30 34 36 38
10 19 21 22 25 28 29 31 40
12 15 21 23 25 27 29 35 38
12 16 22 23 25 27 28 34 38
10 16 22 24 25 26 28 34 40
12 16 20 22 25 28 30 34 38
14 15 19 21 25 29 31 35 36
12 15 16 22 25 28 34 35 38
11 16 21 23 25 27 29 34 39
13 14 16 20 25 30 34 36 37
11 13 20 24 25 26 30 37 39
14 16 20 22 25 28 30 34 36
11 12 19 20 25 30 31 38 39
11 18 21 22 25 28 29 32 39
13 18 19 24 25 26 31 32 37
13 14 22 23 25 27 28 36 37
11 14 18 23 25 27 32 36 39
8 9 12 16 25 34 38 41 42
12 13 19 21 25 29 31 37 38
11 12 14 18 25 32 36 38 39
11 14 17 18 25 32 33 36 39
9 16 17 21 25 29 33 34 41
12 13 19 22 25 28 31 37 38
9 16 17 22 25 28 33 34 41
11 13 14 18 25 32 36 37 39
8 9 16 19 25 31 34 41 42
11 14 18 24 25 26 32 36 39
12 13 17 19 25 31 33 37 38
8 17 21 22 25 28 29 33 42
11 14 18 20 25 30 32 36 39
8 11 14 18 25 32 36 39 42
11 12 13 19 25 31 37 38 39
12 13 14 19 25 31 36 37 38
9 14 16 17 25 33 34 36 41
11 14 18 19 25 31 32 36 39
12 13 19 23 25 27 31 37 38
8 9 14 16 25 34 36 41 42
12 16 17 19 25 31 33 34 38
12 13 15 19 25 31 35 37 38
9 13 16 17 25 33 34 37 41
12 13 16 19 25 31 34 37 38
9 15 16 17 25 33 34 35 41
11 14 15 18 25 32 35 36 39
12 13 19 20 25 30 31 37 38
10 11 14 18 25 32 36 39 40
7 15 16 18 25 32 34 35 43
10 12 13 19 25 31 37 38 40
15 17 18 23 25 27 32 33 35
15 17 18 24 25 26 32 33 35
13 16 21 23 25 27 29 34 37
11 13 18 21 25 29 32 37 39
9 14 21 23 25 27 29 36 41
11 18 21 24 25 26 29 32 39
9 15 23 24 25 26 27 35 41
13 15 22 23 25 27 28 35 37
13 14 15 21 25 29 35 36 37
10 19 21 24 25 26 29 31 40
13 16 19 21 25 29 31 34 37
9 15 22 24 25 26 28 35 41
13 14 17 23 25 27 33 36 37
14 15 16 19 25 31 34 35 36
10 18 22 23 25 27 28 32 40
15 16 19 23 25 27 31 34 35
11 19 20 21 25 29 30 31 39
11 12 18 21 25 29 32 38 39
5 15 21 24 25 26 29 35 45
11 15 18 24 25 26 32 35 39
13 14 17 20 25 30 33 36 37
13 15 18 22 25 28 32 35 37
12 14 15 21 25 29 35 36 38
10 18 19 22 25 28 31 32 40
14 16 20 24 25 26 30 34 36
12 18 20 22 25 28 30 32 38
12 14 15 24 25 26 35 36 38
9 12 14 24 25 26 36 38 41
11 17 20 22 25 28 30 33 39
14 17 19 24 25 26 31 33 36
11 15 19 24 25 26 31 35 39
13 15 17 22 25 28 33 35 37
13 15 21 22 25 28 29 35 37
13 17 19 20 25 30 31 33 37
14 16 20 23 25 27 30 34 36
11 15 16 19 25 31 34 35 39
13 14 17 19 25 31 33 36 37
5 15 18 23 25 27 32 35 45
10 17 22 23 25 27 28 33 40
14 17 19 23 25 27 31 33 36
11 13 19 20 25 30 31 37 39
13 14 15 23 25 27 35 36 37
10 16 21 24 25 26 29 34 40
5 15 22 23 25 27 28 35 45
13 14 19 23 25 27 31 36 37
8 15 23 24 25 26 27 35 42
14 15 17 21 25 29 33 35 36
8 14 15 23 25 27 35 36 42
5 15 19 24 25 26 31 35 45
11 15 17 18 25 32 33 35 39
8 11 18 24 25 26 32 39 42
12 16 21 22 25 28 29 34 38
8 18 23 24 25 26 27 32 42
11 12 18 20 25 30 32 38 39
11 16 19 23 25 27 31 34 39
9 12 14 21 25 29 36 38 41
11 12 20 23 25 27 30 38 39
11 18 21 23 25 27 29 32 39
13 15 17 18 25 32 33 35 37
13 14 21 23 25 27 29 36 37
12 18 20 21 25 29 30 32 38
13 15 16 21 25 29 34 35 37
10 13 19 21 25 29 31 37 40
8 18 22 24 25 26 28 32 42
13 14 16 21 25 29 34 36 37
15 16 19 21 25 29 31 34 35
12 14 21 24 25 26 29 36 38
8 16 23 24 25 26 27 34 42
9 18 21 23 25 27 29 32 41
11 13 17 24 25 26 33 37 39
11 17 19 22 25 28 31 33 39
12 14 23 24 25 26 27 36 38
8 14 15 22 25 28 35 36 42
11 13 19 24 25 26 31 37 39
11 17 22 24 25 26 28 33 39
11 15 17 22 25 28 33 35 39
12 14 17 24 25 26 33 36 38
12 14 20 24 25 26 30 36 38
13 15 22 24 25 26 28 35 37
14 17 19 22 25 28 31 33 36
13 14 23 24 25 26 27 36 37
15 17 18 20 25 30 32 33 35
15 16 19 20 25 30 31 34 35
9 12 18 21 25 29 32 38 41
15 16 18 19 25 31 32 34 35
9 18 19 22 25 28 31 32 41
14 15 20 21 25 29 30 35 36
12 14 17 19 25 31 33 36 38
13 14 18 19 25 31 32 36 37
13 16 21 24 25 26 29 34 37
14 15 17 18 25 32 33 35 36
14 16 17 19 25 31 33 34 36
12 14 18 20 25 30 32 36 38
12 15 23 24 25 26 27 35 38
11 15 22 24 25 26 28 35 39
14 15 21 22 25 28 29 35 36
12 18 20 24 25 26 30 32 38
12 16 18 22 25 28 32 34 38
13 17 20 24 25 26 30 33 37
12 16 22 24 25 26 28 34 38
13 16 17 20 25 30 33 34 37
13 16 18 21 25 29 32 34 37
13 15 20 22 25 28 30 35 37
11 19 20 22 25 28 30 31 39
12 15 16 19 25 31 34 35 38
11 16 17 22 25 28 33 34 39
12 14 22 24 25 26 28 36 38
7 11 13 18 25 32 37 39 43
8 9 17 22 25 28 33 41 42
7 9 11 16 25 34 39 41 43
7 9 15 16 25 34 35 41 43
11 14 22 24 25 26 28 36 39
12 13 23 24 25 26 27 37 38
12 13 20 24 25 26 30 37 38
11 12 19 22 25 28 31 38 39
14 16 17 22 25 28 33 34 36
14 15 18 20 25 30 32 35 36
15 16 17 20 25 30 33 34 35
12 15 19 20 25 30 31 35 38
13 14 22 24 25 26 28 36 37
8 9 17 23 25 27 33 41 42
8 9 11 17 25 33 39 41 42
8 9 14 17 25 33 36 41 42
8 9 13 17 25 33 37 41 42
7 8 11 18 25 32 39 42 43
8 9 17 19 25 31 33 41 42
8 9 12 17 25 33 38 41 42
8 9 15 17 25 33 35 41 42
7 11 18 24 25 26 32 39 43
8 9 10 17 25 33 40 41 42
8 9 17 20 25 30 33 41 42
12 13 17 24 25 26 33 37 38
12 13 22 24 25 26 28 37 38
12 13 21 24 25 26 29 37 38
11 14 21 22 25 28 29 36 39
9 16 18 21 25 29 32 34 41
11 12 14 22 25 28 36 38 39
11 14 22 23 25 27 28 36 39
12 13 18 24 25 26 32 37 38
12 13 15 24 25 26 35 37 38
12 13 16 24 25 26 34 37 38
11 14 20 22 25 28 30 36 39
11 14 15 22 25 28 35 36 39
9 13 19 22 25 28 31 37 41
9 12 17 21 25 29 33 38 41
10 12 16 22 25 28 34 38 40
9 13 14 23 25 27 36 37 41
6 14 15 21 25 29 35 36 44
10 11 18 21 25 29 32 39 40
9 15 17 24 25 26 33 35 41
11 12 15 23 25 27 35 38 39
10 13 14 23 25 27 36 37 40
8 15 19 23 25 27 31 35 42
12 16 18 24 25 26 32 34 38
13 14 18 24 25 26 32 36 37
15 16 18 20 25 30 32 34 35
12 14 19 22 25 28 31 36 38
13 16 18 24 25 26 32 34 37
13 16 17 24 25 26 33 34 37
10 13 17 23 25 27 33 37 40
10 14 16 24 25 26 34 36 40
10 12 18 22 25 28 32 38 40
7 13 15 22 25 28 35 37 43
9 11 15 24 25 26 35 39 41
8 12 15 23 25 27 35 38 42
10 11 19 21 25 29 31 39 40
6 8 18 24 25 26 32 42 44
11 12 16 23 25 27 34 38 39
14 16 18 22 25 28 32 34 36
14 16 17 18 25 32 33 34 36
10 15 16 17 25 33 34 35 40
10 14 15 18 25 32 35 36 40
9 13 16 24 25 26 34 37 41
12 13 16 18 25 32 34 37 38
11 14 16 17 25 33 34 36 39
8 13 17 24 25 26 33 37 42
12 13 14 18 25 32 36 37 38
5 15 20 21 25 29 30 35 45
5 15 20 24 25 26 30 35 45
5 15 20 22 25 28 30 35 45
11 13 15 24 25 26 35 37 39
10 12 14 24 25 26 36 38 40
15 16 17 18 25 32 33 34 35
14 16 18 20 25 30 32 34 36
12 13 14 22 25 28 36 37 38
10 12 15 19 25 31 35 38 40
10 15 16 18 25 32 34 35 40
9 14 16 22 25 28 34 36 41
11 12 14 19 25 31 36 38 39
12 13 16 17 25 33 34 37 38
8 12 13 16 25 34 37 38 42
11 13 14 24 25 26 36 37 39
11 12 14 24 25 26 36 38 39
12 13 18 19 25 31 32 37 38
11 14 18 21 25 29 32 36 39
8 13 17 21 25 29 33 37 42
8 9 16 24 25 26 34 41 42
11 14 15 20 25 30 35 36 39
12 13 15 20 25 30 35 37 38
10 15 20 24 25 26 30 35 40
5 15 20 23 25 27 30 35 45
10 15 20 23 25 27 30 35 40
10 15 20 22 25 28 30 35 40
10 15 20 21 25 29 30 35 40
8 9 17 18 25 32 33 41 42
7 11 18 21 25 29 32 39 43
8 9 17 24 25 26 33 41 42
9 14 16 18 25 32 34 36 41
11 14 17 22 25 28 33 36 39
12 13 14 24 25 26 36 37 38
8 12 18 24 25 26 32 38 42
9 11 14 18 25 32 36 39 41
11 14 16 18 25 32 34 36 39
10 16 20 24 25 26 30 34 40
10 17 20 23 25 27 30 33 40
10 18 20 22 25 28 30 32 40
10 19 20 21 25 29 30 31 40
8 16 18 24 25 26 32 34 42
9 14 18 23 25 27 32 36 41
10 16 18 20 25 30 32 34 40
10 16 17 20 25 30 33 34 40
11 15 19 20 25 30 31 35 39
11 16 18 21 25 29 32 34 39
9 11 19 22 25 28 31 39 41
13 16 17 21 25 29 33 34 37
12 15 19 23 25 27 31 35 38
13 16 18 19 25 31 32 34 37
13 15 17 20 25 30 33 35 37
11 12 16 22 25 28 34 38 39
12 15 18 20 25 30 32 35 38
12 16 19 22 25 28 31 34 38
14 17 18 19 25 31 32 33 36
13 14 15 22 25 28 35 36 37
12 14 16 22 25 28 34 36 38
10 16 18 22 25 28 32 34 40
9 15 17 18 25 32 33 35 41
12 18 19 20 25 30 31 32 38
10 12 19 22 25 28 31 38 40
14 16 17 20 25 30 33 34 36
12 16 17 22 25 28 33 34 38
14 15 18 21 25 29 32 35 36
13 14 18 23 25 27 32 36 37
12 14 19 24 25 26 31 36 38
8 14 18 22 25 28 32 36 42
9 12 19 21 25 29 31 38 41
15 16 17 19 25 31 33 34 35
9 12 15 24 25 26 35 38 41
11 16 17 23 25 27 33 34 39
12 16 18 20 25 30 32 34 38
14 15 16 20 25 30 34 35 36
10 13 16 24 25 26 34 37 40
12 17 19 21 25 29 31 33 38
12 14 18 24 25 26 32 36 38
8 14 21 22 25 28 29 36 42
9 14 16 23 25 27 34 36 41
8 17 18 24 25 26 32 33 42
11 14 17 19 25 31 33 36 39
12 13 14 23 25 27 36 37 38
10 13 15 22 25 28 35 37 40
10 15 16 19 25 31 34 35 40
9 14 16 20 25 30 34 36 41
11 14 19 20 25 30 31 36 39
10 15 18 22 25 28 32 35 40
10 15 17 18 25 32 33 35 40
10 14 15 21 25 29 35 36 40
12 13 17 21 25 29 33 37 38
9 16 19 22 25 28 31 34 41
8 15 17 23 25 27 33 35 42
9 16 20 21 25 29 30 34 41
12 13 15 22 25 28 35 37 38
11 14 16 20 25 30 34 36 39
10 15 17 23 25 27 33 35 40
10 15 16 24 25 26 34 35 40
10 15 19 21 25 29 31 35 40
12 13 16 21 25 29 34 37 38
11 12 14 23 25 27 36 38 39
9 12 16 22 25 28 34 38 41
11 13 14 23 25 27 36 37 39
11 14 15 21 25 29 35 36 39
9 15 16 24 25 26 34 35 41
9 15 16 19 25 31 34 35 41
11 14 15 24 25 26 35 36 39
10 11 14 21 25 29 36 39 40
10 11 14 24 25 26 36 39 40
8 15 17 18 25 32 33 35 42
12 13 17 20 25 30 33 37 38
12 13 18 20 25 30 32 37 38
12 13 15 23 25 27 35 37 38
9 13 16 21 25 29 34 37 41
12 13 16 22 25 28 34 37 38
11 14 16 23 25 27 34 36 39
9 12 16 21 25 29 34 38 41
12 13 19 24 25 26 31 37 38
11 14 18 22 25 28 32 36 39
8 9 17 21 25 29 33 41 42
7 11 16 18 25 32 34 39 43
11 12 13 14 25 36 37 38 39
10 12 13 15 25 35 37 38 40
10 11 14 15 25 35 36 39 40
8 12 13 17 25 33 37 38 42
9 12 13 16 25 34 37 38 41
9 11 14 16 25 34 36 39 41
10 12 13 20 25 30 37 38 40
8 9 16 17 25 33 34 41 42
5 10 15 20 25 30 35 40 45
