17 18 19 20 21 22 23 24 25 26 27
16 17 19 20 21 22 23 24 25 27 28
16 17 18 20 21 22 23 24 26 27 28
16 17 18 19 21 22 23 25 26 27 28
16 17 18 19 20 22 24 25 26 27 28
15 17 18 20 21 22 23 24 26 27 29
15 17 18 19 21 22 23 25 26 27 29
15 17 18 19 20 22 24 25 26 27 29
15 17 19 20 21 22 23 24 25 27 29
15 18 19 20 21 22 23 24 25 26 29
15 16 19 20 21 22 23 24 25 28 29
15 16 17 20 21 22 23 24 27 28 29
15 16 17 18 19 22 25 26 27 28 29
15 16 17 18 21 22 23 26 27 28 29
15 16 18 19 20 22 24 25 26 28 29
15 16 18 20 21 22 23 24 26 28 29
15 16 18 19 21 22 23 25 26 28 29
15 16 17 19 20 22 24 25 27 28 29
15 16 17 19 21 22 23 25 27 28 29
15 16 17 18 20 22 24 26 27 28 29
16 18 19 20 21 22 23 24 25 26 28
14 17 19 20 21 22 23 24 25 27 30
14 17 18 20 21 22 23 24 26 27 30
14 17 18 19 21 22 23 25 26 27 30
14 17 18 19 20 22 24 25 26 27 30
13 17 19 20 21 22 23 24 25 27 31
13 16 19 20 21 22 23 24 25 28 31
13 15 17 19 21 22 23 25 27 29 31
13 16 17 20 21 22 23 24 27 28 31
13 16 17 19 20 22 24 25 27 28 31
13 15 19 20 21 22 23 24 25 29 31
13 16 17 19 21 22 23 25 27 28 31
13 15 17 20 21 22 23 24 27 29 31
13 15 17 19 20 22 24 25 27 29 31
14 18 19 20 21 22 23 24 25 26 30
2 6 10 14 18 22 26 30 34 38 42
12 15 18 19 21 22 23 25 26 29 32
13 14 19 20 21 22 23 24 25 30 31
12 17 18 19 21 22 23 25 26 27 32
10 14 18 19 21 22 23 25 26 30 34
6 10 14 18 21 22 23 26 30 34 38
7 13 17 19 21 22 23 25 27 31 37
9 15 17 19 21 22 23 25 27 29 35
3 13 15 17 21 22 23 27 29 31 41
9 16 17 20 21 22 23 24 27 28 35
9 17 19 20 21 22 23 24 25 27 35
12 14 17 19 21 22 23 25 27 30 32
6 10 11 14 18 22 26 30 33 34 38
11 15 17 19 21 22 23 25 27 29 33
11 17 18 20 21 22 23 24 26 27 33
9 11 17 19 21 22 23 25 27 33 35
11 15 19 20 21 22 23 24 25 29 33
11 13 17 19 21 22 23 25 27 31 33
11 13 15 17 19 22 25 27 29 31 33
11 13 15 19 21 22 23 25 29 31 33
11 16 19 20 21 22 23 24 25 28 33
7 11 17 19 21 22 23 25 27 33 37
11 17 19 20 21 22 23 24 25 27 33
9 11 15 19 21 22 23 25 29 33 35
11 13 15 17 21 22 23 27 29 31 33
11 18 19 20 21 22 23 24 25 26 33
11 14 17 20 21 22 23 24 27 30 33
11 16 18 19 21 22 23 25 26 28 33
11 17 18 19 21 22 23 25 26 27 33
11 16 18 20 21 22 23 24 26 28 33
11 17 18 19 20 22 24 25 26 27 33
11 15 17 20 21 22 23 24 27 29 33
11 14 18 20 21 22 23 24 26 30 33
11 15 16 19 20 22 24 25 28 29 33
11 15 16 20 21 22 23 24 28 29 33
11 16 18 19 20 22 24 25 26 28 33
11 14 17 18 21 22 23 26 27 30 33
11 15 16 19 21 22 23 25 28 29 33
11 14 17 18 20 22 24 26 27 30 33
11 15 17 19 20 22 24 25 27 29 33
6 11 14 18 21 22 23 26 30 33 38
8 11 17 20 21 22 23 24 27 33 36
11 12 17 18 19 22 25 26 27 32 33
11 13 16 19 21 22 23 25 28 31 33
14 16 18 19 21 22 23 25 26 28 30
14 16 19 20 21 22 23 24 25 28 30
14 16 18 20 21 22 23 24 26 28 30
14 16 18 19 20 22 24 25 26 28 30
14 16 17 20 21 22 23 24 27 28 30
14 16 17 19 20 22 24 25 27 28 30
14 16 17 18 21 22 23 26 27 28 30
14 16 17 19 21 22 23 25 27 28 30
14 16 17 18 19 22 25 26 27 28 30
14 16 17 18 20 22 24 26 27 28 30
13 17 18 19 21 22 23 25 26 27 31
13 16 18 19 21 22 23 25 26 28 31
14 15 18 19 21 22 23 25 26 29 30
13 17 18 20 21 22 23 24 26 27 31
13 15 18 20 21 22 23 24 26 29 31
14 15 17 19 20 22 24 25 27 29 30
13 15 18 19 21 22 23 25 26 29 31
14 15 17 18 19 22 25 26 27 29 30
13 16 17 18 20 22 24 26 27 28 31
13 15 18 19 20 22 24 25 26 29 31
13 16 17 18 21 22 23 26 27 28 31
13 15 17 18 20 22 24 26 27 29 31
14 15 17 18 21 22 23 26 27 29 30
13 16 17 18 19 22 25 26 27 28 31
13 15 17 18 21 22 23 26 27 29 31
12 15 18 20 21 22 23 24 26 29 32
13 14 18 19 21 22 23 25 26 30 31
13 14 18 20 21 22 23 24 26 30 31
13 14 18 19 20 22 24 25 26 30 31
12 15 19 20 21 22 23 24 25 29 32
12 15 18 19 20 22 24 25 26 29 32
6 10 14 17 18 22 26 27 30 34 38
12 14 19 20 21 22 23 24 25 30 32
13 14 15 20 21 22 23 24 29 30 31
12 16 17 18 21 22 23 26 27 28 32
10 14 17 18 21 22 23 26 27 30 34
13 18 19 20 21 22 23 24 25 26 31
6 10 14 18 19 22 25 26 30 34 38
12 15 16 18 19 22 25 26 28 29 32
10 17 18 19 21 22 23 25 26 27 34
13 14 15 19 21 22 23 25 29 30 31
10 14 17 19 21 22 23 25 27 30 34
13 14 16 20 21 22 23 24 28 30 31
13 14 15 19 20 22 24 25 29 30 31
13 14 16 19 20 22 24 25 28 30 31
12 14 17 20 21 22 23 24 27 30 32
10 14 17 18 19 22 25 26 27 30 34
12 15 16 19 21 22 23 25 28 29 32
6 10 14 19 21 22 23 25 30 34 38
6 14 18 19 21 22 23 25 26 30 38
10 13 14 18 19 22 25 26 30 31 34
12 18 19 20 21 22 23 24 25 26 32
12 17 18 20 21 22 23 24 26 27 32
12 17 19 20 21 22 23 24 25 27 32
10 16 17 19 21 22 23 25 27 28 34
12 13 17 20 21 22 23 24 27 31 32
6 14 15 17 18 22 26 27 29 30 38
6 14 17 18 19 22 25 26 27 30 38
6 13 14 18 21 22 23 26 30 31 38
10 14 15 18 21 22 23 26 29 30 34
10 15 18 20 21 22 23 24 26 29 34
10 15 16 20 21 22 23 24 28 29 34
10 14 16 19 21 22 23 25 28 30 34
10 16 19 20 21 22 23 24 25 28 34
9 10 16 20 21 22 23 24 28 34 35
8 17 18 20 21 22 23 24 26 27 36
10 18 19 20 21 22 23 24 25 26 34
12 14 15 19 21 22 23 25 29 30 32
10 15 17 18 21 22 23 26 27 29 34
12 13 15 18 21 22 23 26 29 31 32
8 10 16 19 21 22 23 25 28 34 36
9 16 18 20 21 22 23 24 26 28 35
13 17 18 19 20 22 24 25 26 27 31
14 15 18 20 21 22 23 24 26 29 30
14 15 18 19 20 22 24 25 26 29 30
13 16 18 20 21 22 23 24 26 28 31
13 16 18 19 20 22 24 25 26 28 31
14 15 19 20 21 22 23 24 25 29 30
14 15 17 20 21 22 23 24 27 29 30
14 15 17 19 21 22 23 25 27 29 30
14 15 17 18 20 22 24 26 27 29 30
13 15 17 18 19 22 25 26 27 29 31
12 17 18 19 20 22 24 25 26 27 32
12 16 18 19 21 22 23 25 26 28 32
6 10 14 15 18 22 26 29 30 34 38
6 10 13 14 18 22 26 30 31 34 38
12 16 17 19 21 22 23 25 27 28 32
12 16 17 18 19 22 25 26 27 28 32
12 15 16 18 21 22 23 26 28 29 32
13 14 16 19 21 22 23 25 28 30 31
10 13 16 19 20 22 24 25 28 31 34
10 13 16 17 19 22 25 27 28 31 34
9 14 16 17 20 22 24 27 28 30 35
9 10 15 18 21 22 23 26 29 34 35
9 14 18 19 20 22 24 25 26 30 35
9 15 16 18 21 22 23 26 28 29 35
9 15 18 19 21 22 23 25 26 29 35
12 13 16 17 21 22 23 27 28 31 32
9 13 17 19 21 22 23 25 27 31 35
7 9 15 17 21 22 23 27 29 35 37
9 13 15 17 21 22 23 27 29 31 35
7 9 13 19 21 22 23 25 31 35 37
5 9 15 17 19 22 25 27 29 35 39
7 13 15 17 21 22 23 27 29 31 37
9 13 17 20 21 22 23 24 27 31 35
9 13 15 17 19 22 25 27 29 31 35
3 10 14 18 19 22 25 26 30 34 41
7 9 10 15 21 22 23 29 34 35 37
9 13 16 17 21 22 23 27 28 31 35
9 13 16 17 20 22 24 27 28 31 35
5 15 16 17 19 22 25 27 28 29 39
9 13 17 19 20 22 24 25 27 31 35
9 13 19 20 21 22 23 24 25 31 35
6 9 13 17 20 22 24 27 31 35 38
9 13 16 20 21 22 23 24 28 31 35
6 9 13 20 21 22 23 24 31 35 38
7 9 13 17 19 22 25 27 31 35 37
5 13 15 17 21 22 23 27 29 31 39
5 7 9 15 19 22 25 29 35 37 39
7 15 17 19 21 22 23 25 27 29 37
7 13 15 19 21 22 23 25 29 31 37
7 9 15 19 21 22 23 25 29 35 37
8 14 17 20 21 22 23 24 27 30 36
4 5 6 14 17 22 27 30 38 39 40
7 15 18 20 21 22 23 24 26 29 37
10 12 14 19 21 22 23 25 30 32 34
8 9 14 19 20 22 24 25 30 35 36
6 15 16 17 18 22 26 27 28 29 38
8 13 14 19 20 22 24 25 30 31 36
7 10 15 18 21 22 23 26 29 34 37
8 9 10 13 15 22 29 31 34 35 36
10 12 18 19 21 22 23 25 26 32 34
8 9 12 13 15 22 29 31 32 35 36
7 15 16 18 20 22 24 26 28 29 37
9 13 14 19 20 22 24 25 30 31 35
8 10 14 19 21 22 23 25 30 34 36
14 15 16 20 21 22 23 24 28 29 30
14 15 16 19 20 22 24 25 28 29 30
14 15 16 19 21 22 23 25 28 29 30
14 15 16 18 21 22 23 26 28 29 30
14 15 16 17 19 22 25 27 28 29 30
14 15 16 17 21 22 23 27 28 29 30
14 15 16 18 19 22 25 26 28 29 30
14 15 16 18 20 22 24 26 28 29 30
14 15 16 17 20 22 24 27 28 29 30
14 15 16 17 18 22 26 27 28 29 30
12 16 18 20 21 22 23 24 26 28 32
12 16 18 19 20 22 24 25 26 28 32
12 16 17 20 21 22 23 24 27 28 32
12 16 17 18 20 22 24 26 27 28 32
12 15 16 19 20 22 24 25 28 29 32
12 15 16 20 21 22 23 24 28 29 32
12 15 16 18 20 22 24 26 28 29 32
12 13 16 20 21 22 23 24 28 31 32
12 16 19 20 21 22 23 24 25 28 32
12 13 16 17 20 22 24 27 28 31 32
9 10 17 20 21 22 23 24 27 34 35
10 15 16 17 20 22 24 27 28 29 34
12 16 17 19 20 22 24 25 27 28 32
10 17 18 20 21 22 23 24 26 27 34
10 17 19 20 21 22 23 24 25 27 34
9 12 16 17 20 22 24 27 28 32 35
8 12 13 15 18 22 26 29 31 32 36
10 16 17 20 21 22 23 24 27 28 34
10 16 17 19 20 22 24 25 27 28 34
10 15 17 20 21 22 23 24 27 29 34
10 17 18 19 20 22 24 25 26 27 34
10 15 17 18 20 22 24 26 27 29 34
12 14 16 17 21 22 23 27 28 30 32
10 13 17 19 20 22 24 25 27 31 34
10 13 16 17 20 22 24 27 28 31 34
8 15 16 17 18 22 26 27 28 29 36
12 14 16 19 21 22 23 25 28 30 32
12 14 16 17 19 22 25 27 28 30 32
9 10 16 17 20 22 24 27 28 34 35
12 13 14 16 21 22 23 28 30 31 32
9 12 14 16 17 22 27 28 30 32 35
7 14 16 17 18 22 26 27 28 30 37
9 13 15 19 21 22 23 25 29 31 35
5 6 14 17 18 22 26 27 30 38 39
5 15 17 19 21 22 23 25 27 29 39
7 13 15 17 19 22 25 27 29 31 37
7 12 15 18 21 22 23 26 29 32 37
8 14 19 20 21 22 23 24 25 30 36
8 9 10 12 15 22 29 32 34 35 36
8 9 12 14 19 22 25 30 32 35 36
6 8 9 13 20 22 24 31 35 36 38
7 15 17 18 21 22 23 26 27 29 37
7 15 19 20 21 22 23 24 25 29 37
6 9 16 20 21 22 23 24 28 35 38
8 12 14 17 21 22 23 27 30 32 36
7 8 9 13 19 22 25 31 35 36 37
8 9 13 15 19 22 25 29 31 35 36
10 12 15 18 21 22 23 26 29 32 34
6 7 15 17 18 22 26 27 29 37 38
8 9 13 19 20 22 24 25 31 35 36
6 13 16 17 20 22 24 27 28 31 38
8 12 14 19 21 22 23 25 30 32 36
7 15 16 17 18 22 26 27 28 29 37
6 9 10 13 14 22 30 31 34 35 38
6 7 10 15 18 22 26 29 34 37 38
6 8 9 10 13 22 31 34 35 36 38
11 13 18 19 21 22 23 25 26 31 33
11 13 16 18 21 22 23 26 28 31 33
11 14 16 18 21 22 23 26 28 30 33
11 12 18 19 20 22 24 25 26 32 33
11 14 15 17 20 22 24 27 29 30 33
11 12 17 18 20 22 24 26 27 32 33
10 11 15 16 20 22 24 28 29 33 34
10 11 13 14 15 22 29 30 31 33 34
11 13 16 18 19 22 25 26 28 31 33
11 14 15 17 21 22 23 27 29 30 33
10 11 13 14 18 22 26 30 31 33 34
10 11 14 17 18 22 26 27 30 33 34
11 13 14 18 21 22 23 26 30 31 33
11 13 17 18 19 22 25 26 27 31 33
11 14 16 18 20 22 24 26 28 30 33
10 11 13 18 19 22 25 26 31 33 34
11 12 15 19 20 22 24 25 29 32 33
11 14 16 20 21 22 23 24 28 30 33
6 11 13 14 18 22 26 30 31 33 38
11 13 17 18 21 22 23 26 27 31 33
10 11 16 19 20 22 24 25 28 33 34
11 14 15 20 21 22 23 24 29 30 33
11 12 17 19 20 22 24 25 27 32 33
11 13 14 16 21 22 23 28 30 31 33
10 11 18 19 20 22 24 25 26 33 34
10 11 17 18 19 22 25 26 27 33 34
11 12 16 18 19 22 25 26 28 32 33
9 11 16 18 21 22 23 26 28 33 35
10 11 13 17 19 22 25 27 31 33 34
13 15 16 17 19 22 25 27 28 29 31
13 15 16 17 20 22 24 27 28 29 31
12 15 17 18 21 22 23 26 27 29 32
9 15 16 20 21 22 23 24 28 29 35
12 15 17 18 19 22 25 26 27 29 32
9 15 17 20 21 22 23 24 27 29 35
9 16 17 19 20 22 24 25 27 28 35
7 17 19 20 21 22 23 24 25 27 37
9 15 16 17 20 22 24 27 28 29 35
12 13 15 19 21 22 23 25 29 31 32
9 15 16 17 19 22 25 27 28 29 35
10 16 18 19 21 22 23 25 26 28 34
10 15 16 18 21 22 23 26 28 29 34
10 13 16 19 21 22 23 25 28 31 34
7 16 19 20 21 22 23 24 25 28 37
12 13 14 19 21 22 23 25 30 31 32
8 12 17 19 21 22 23 25 27 32 36
6 8 9 10 15 22 29 34 35 36 38
7 17 18 20 21 22 23 24 26 27 37
10 13 14 19 21 22 23 25 30 31 34
12 13 14 17 21 22 23 27 30 31 32
7 16 17 18 20 22 24 26 27 28 37
7 12 17 19 21 22 23 25 27 32 37
6 8 13 20 21 22 23 24 31 36 38
10 14 18 19 20 22 24 25 26 30 34
9 17 18 19 21 22 23 25 26 27 35
9 17 18 19 20 22 24 25 26 27 35
9 17 18 20 21 22 23 24 26 27 35
9 16 17 18 21 22 23 26 27 28 35
9 14 17 18 19 22 25 26 27 30 35
7 10 14 18 21 22 23 26 30 34 37
9 15 17 18 19 22 25 26 27 29 35
10 14 18 20 21 22 23 24 26 30 34
8 16 17 20 21 22 23 24 27 28 36
8 15 16 17 20 22 24 27 28 29 36
8 13 16 19 20 22 24 25 28 31 36
9 12 17 18 19 22 25 26 27 32 35
7 10 17 18 21 22 23 26 27 34 37
7 13 14 19 21 22 23 25 30 31 37
8 13 16 17 20 22 24 27 28 31 36
7 14 17 19 21 22 23 25 27 30 37
13 15 16 17 21 22 23 27 28 29 31
9 15 16 19 21 22 23 25 28 29 35
9 14 17 20 21 22 23 24 27 30 35
9 14 19 20 21 22 23 24 25 30 35
9 15 19 20 21 22 23 24 25 29 35
9 16 19 20 21 22 23 24 25 28 35
9 15 17 19 20 22 24 25 27 29 35
7 16 17 18 19 22 25 26 27 28 37
7 17 18 19 21 22 23 25 26 27 37
9 12 17 19 21 22 23 25 27 32 35
8 12 13 15 19 22 25 29 31 32 36
6 13 17 20 21 22 23 24 27 31 38
7 16 18 19 20 22 24 25 26 28 37
7 16 18 20 21 22 23 24 26 28 37
8 13 19 20 21 22 23 24 25 31 36
8 13 17 20 21 22 23 24 27 31 36
8 9 15 19 20 22 24 25 29 35 36
7 13 19 20 21 22 23 24 25 31 37
9 15 16 17 18 22 26 27 28 29 35
8 15 16 19 20 22 24 25 28 29 36
7 12 14 17 21 22 23 27 30 32 37
7 11 13 15 19 22 25 29 31 33 37
13 15 16 18 21 22 23 26 28 29 31
13 14 17 18 21 22 23 26 27 30 31
12 15 17 19 20 22 24 25 27 29 32
13 14 17 18 19 22 25 26 27 30 31
13 14 16 17 19 22 25 27 28 30 31
12 13 18 19 21 22 23 25 26 31 32
12 13 17 18 19 22 25 26 27 31 32
12 13 17 19 20 22 24 25 27 31 32
6 10 14 17 21 22 23 27 30 34 38
9 16 18 19 21 22 23 25 26 28 35
10 13 14 18 21 22 23 26 30 31 34
9 10 14 18 21 22 23 26 30 34 35
10 13 15 18 21 22 23 26 29 31 34
6 12 14 17 21 22 23 27 30 32 38
6 10 13 18 21 22 23 26 31 34 38
10 16 18 20 21 22 23 24 26 28 34
13 15 16 18 19 22 25 26 28 29 31
13 15 16 17 18 22 26 27 28 29 31
12 15 17 18 20 22 24 26 27 29 32
10 15 16 19 20 22 24 25 28 29 34
10 13 16 20 21 22 23 24 28 31 34
10 15 16 18 20 22 24 26 28 29 34
9 15 18 20 21 22 23 24 26 29 35
9 16 18 19 20 22 24 25 26 28 35
10 13 15 19 20 22 24 25 29 31 34
9 14 18 19 21 22 23 25 26 30 35
10 15 19 20 21 22 23 24 25 29 34
9 15 18 19 20 22 24 25 26 29 35
10 16 18 19 20 22 24 25 26 28 34
10 15 18 19 20 22 24 25 26 29 34
8 16 17 19 21 22 23 25 27 28 36
9 12 16 17 19 22 25 27 28 32 35
10 13 14 15 19 22 25 29 30 31 34
13 14 16 17 20 22 24 27 28 30 31
12 13 15 17 20 22 24 27 29 31 32
12 13 15 18 19 22 25 26 29 31 32
10 13 15 20 21 22 23 24 29 31 34
7 14 17 18 19 22 25 26 27 30 37
8 10 17 19 21 22 23 25 27 34 36
7 14 17 18 20 22 24 26 27 30 37
13 14 16 18 20 22 24 26 28 30 31
13 14 15 18 19 22 25 26 29 30 31
13 14 16 18 19 22 25 26 28 30 31
6 13 14 15 18 22 26 29 30 31 38
8 14 17 18 20 22 24 26 27 30 36
8 14 18 20 21 22 23 24 26 30 36
8 14 17 18 21 22 23 26 27 30 36
10 12 14 17 19 22 25 27 30 32 34
8 13 14 15 20 22 24 29 30 31 36
10 12 14 17 21 22 23 27 30 32 34
6 8 15 16 17 22 27 28 29 36 38
8 14 18 19 20 22 24 25 26 30 36
6 14 16 17 18 22 26 27 28 30 38
10 12 16 19 21 22 23 25 28 32 34
9 10 12 14 17 22 27 30 32 34 35
8 14 15 17 20 22 24 27 29 30 36
13 14 16 18 21 22 23 26 28 30 31
12 13 18 20 21 22 23 24 26 31 32
6 14 15 18 19 22 25 26 29 30 38
10 14 16 17 19 22 25 27 28 30 34
9 14 15 18 19 22 25 26 29 30 35
8 9 14 15 19 22 25 29 30 35 36
10 12 17 18 21 22 23 26 27 32 34
9 10 12 15 16 22 28 29 32 34 35
10 12 15 16 21 22 23 28 29 32 34
9 11 13 15 19 22 25 29 31 33 35
7 9 11 13 19 22 25 31 33 35 37
10 12 17 19 21 22 23 25 27 32 34
8 14 15 19 20 22 24 25 29 30 36
7 8 9 14 19 22 25 30 35 36 37
6 16 17 18 19 22 25 26 27 28 38
8 9 12 14 15 22 29 30 32 35 36
10 12 17 18 19 22 25 26 27 32 34
8 13 14 15 19 22 25 29 30 31 36
8 10 12 17 21 22 23 27 32 34 36
6 14 16 18 21 22 23 26 28 30 38
8 12 13 14 15 22 29 30 31 32 36
8 10 13 14 15 22 29 30 31 34 36
8 14 18 19 21 22 23 25 26 30 36
8 12 14 15 19 22 25 29 30 32 36
7 8 12 14 17 22 27 30 32 36 37
13 15 16 19 21 22 23 25 28 29 31
13 15 16 19 20 22 24 25 28 29 31
13 14 17 19 21 22 23 25 27 30 31
12 15 17 19 21 22 23 25 27 29 32
13 14 17 19 20 22 24 25 27 30 31
9 14 17 19 21 22 23 25 27 30 35
12 14 18 19 21 22 23 25 26 30 32
12 14 17 18 21 22 23 26 27 30 32
12 14 17 18 19 22 25 26 27 30 32
7 16 17 19 21 22 23 25 27 28 37
8 15 17 20 21 22 23 24 27 29 36
6 14 17 18 21 22 23 26 27 30 38
8 17 19 20 21 22 23 24 25 27 36
12 13 17 19 21 22 23 25 27 31 32
10 15 18 19 21 22 23 25 26 29 34
10 15 16 19 21 22 23 25 28 29 34
8 15 19 20 21 22 23 24 25 29 36
6 10 15 18 21 22 23 26 29 34 38
6 9 10 14 21 22 23 30 34 35 38
12 13 15 17 21 22 23 27 29 31 32
10 14 19 20 21 22 23 24 25 30 34
9 16 17 18 20 22 24 26 27 28 35
6 9 14 17 18 22 26 27 30 35 38
8 16 19 20 21 22 23 24 25 28 36
8 12 15 19 20 22 24 25 29 32 36
10 13 14 19 20 22 24 25 30 31 34
7 14 18 20 21 22 23 24 26 30 37
7 14 19 20 21 22 23 24 25 30 37
13 15 16 20 21 22 23 24 28 29 31
13 14 17 20 21 22 23 24 27 30 31
9 16 17 19 21 22 23 25 27 28 35
9 15 17 18 21 22 23 26 27 29 35
6 10 13 14 19 22 25 30 31 34 38
9 14 17 18 20 22 24 26 27 30 35
8 12 17 20 21 22 23 24 27 32 36
7 14 17 18 21 22 23 26 27 30 37
13 14 17 18 20 22 24 26 27 30 31
12 14 18 19 20 22 24 25 26 30 32
12 13 19 20 21 22 23 24 25 31 32
10 14 15 18 19 22 25 26 29 30 34
7 10 14 18 19 22 25 26 30 34 37
10 13 19 20 21 22 23 24 25 31 34
6 14 15 18 21 22 23 26 29 30 38
9 12 17 20 21 22 23 24 27 32 35
6 13 14 17 18 22 26 27 30 31 38
6 9 10 15 18 22 26 29 34 35 38
13 15 16 18 20 22 24 26 28 29 31
12 15 17 20 21 22 23 24 27 29 32
10 14 15 19 21 22 23 25 29 30 34
7 13 18 20 21 22 23 24 26 31 37
8 15 16 17 19 22 25 27 28 29 36
10 13 14 17 19 22 25 27 30 31 34
12 14 17 18 20 22 24 26 27 30 32
13 14 16 17 21 22 23 27 28 30 31
12 14 18 20 21 22 23 24 26 30 32
12 13 14 19 20 22 24 25 30 31 32
10 13 18 19 21 22 23 25 26 31 34
9 14 15 19 20 22 24 25 29 30 35
12 14 15 17 19 22 25 27 29 30 32
9 10 14 18 19 22 25 26 30 34 35
12 14 15 17 21 22 23 27 29 30 32
9 14 18 20 21 22 23 24 26 30 35
9 14 16 20 21 22 23 24 28 30 35
7 14 18 19 20 22 24 25 26 30 37
7 10 13 18 21 22 23 26 31 34 37
8 13 16 19 21 22 23 25 28 31 36
6 9 14 18 21 22 23 26 30 35 38
6 10 13 14 17 22 27 30 31 34 38
12 13 15 19 20 22 24 25 29 31 32
9 14 15 17 20 22 24 27 29 30 35
9 12 19 20 21 22 23 24 25 32 35
9 15 16 18 20 22 24 26 28 29 35
12 13 15 16 21 22 23 28 29 31 32
13 14 15 18 21 22 23 26 29 30 31
13 14 15 18 20 22 24 26 29 30 31
12 13 17 18 20 22 24 26 27 31 32
6 10 14 15 17 22 27 29 30 34 38
10 13 18 19 20 22 24 25 26 31 34
10 14 15 17 18 22 26 27 29 30 34
6 9 13 14 18 22 26 30 31 35 38
6 7 14 15 18 22 26 29 30 37 38
6 7 8 10 15 22 29 34 36 37 38
6 13 14 18 19 22 25 26 30 31 38
7 9 10 14 17 22 27 30 34 35 37
9 10 15 17 18 22 26 27 29 34 35
9 10 14 17 18 22 26 27 30 34 35
10 14 16 19 20 22 24 25 28 30 34
10 13 14 16 20 22 24 28 30 31 34
7 10 14 17 18 22 26 27 30 34 37
10 14 16 20 21 22 23 24 28 30 34
9 10 17 18 21 22 23 26 27 34 35
6 8 10 13 14 22 30 31 34 36 38
6 8 10 14 21 22 23 30 34 36 38
7 8 12 13 15 22 29 31 32 36 37
9 10 13 14 18 22 26 30 31 34 35
6 9 10 13 18 22 26 31 34 35 38
9 13 14 18 20 22 24 26 30 31 35
6 7 8 15 20 22 24 29 36 37 38
4 9 10 13 16 22 28 31 34 35 40
7 8 10 13 15 22 29 31 34 36 37
6 9 10 16 21 22 23 28 34 35 38
9 13 18 19 20 22 24 25 26 31 35
10 12 15 18 20 22 24 26 29 32 34
7 10 13 14 15 22 29 30 31 34 37
9 13 18 19 21 22 23 25 26 31 35
9 13 16 18 21 22 23 26 28 31 35
10 12 19 20 21 22 23 24 25 32 34
10 12 18 19 20 22 24 25 26 32 34
10 14 15 17 21 22 23 27 29 30 34
10 13 14 15 18 22 26 29 30 31 34
10 14 16 17 21 22 23 27 28 30 34
12 13 16 18 21 22 23 26 28 31 32
12 14 15 19 20 22 24 25 29 30 32
10 13 17 18 19 22 25 26 27 31 34
7 10 14 15 18 22 26 29 30 34 37
5 6 10 14 17 22 27 30 34 38 39
9 13 16 18 20 22 24 26 28 31 35
6 7 8 15 17 22 27 29 36 37 38
7 8 13 15 17 22 27 29 31 36 37
5 12 13 17 21 22 23 27 31 32 39
7 8 9 15 19 22 25 29 35 36 37
5 12 14 17 21 22 23 27 30 32 39
7 8 13 15 19 22 25 29 31 36 37
7 8 15 19 20 22 24 25 29 36 37
10 12 18 20 21 22 23 24 26 32 34
9 13 14 18 19 22 25 26 30 31 35
8 14 16 19 21 22 23 25 28 30 36
10 12 13 15 20 22 24 29 31 32 34
9 13 18 20 21 22 23 24 26 31 35
10 12 15 20 21 22 23 24 29 32 34
9 13 15 18 19 22 25 26 29 31 35
7 14 15 17 18 22 26 27 29 30 37
9 13 15 18 21 22 23 26 29 31 35
9 12 13 15 18 22 26 29 31 32 35
7 13 14 15 19 22 25 29 30 31 37
9 10 13 15 18 22 26 29 31 34 35
7 14 15 18 20 22 24 26 29 30 37
11 13 18 20 21 22 23 24 26 31 33
10 11 18 20 21 22 23 24 26 33 34
9 11 12 16 17 22 27 28 32 33 35
10 11 14 15 18 22 26 29 30 33 34
11 12 19 20 21 22 23 24 25 32 33
10 11 16 20 21 22 23 24 28 33 34
11 13 14 16 19 22 25 28 30 31 33
11 13 14 18 20 22 24 26 30 31 33
6 11 14 18 19 22 25 26 30 33 38
11 14 15 17 18 22 26 27 29 30 33
11 12 16 17 19 22 25 27 28 32 33
8 13 15 20 21 22 23 24 29 31 36
8 9 17 19 21 22 23 25 27 35 36
7 13 17 20 21 22 23 24 27 31 37
7 12 13 19 21 22 23 25 31 32 37
8 13 15 19 21 22 23 25 29 31 36
6 8 15 20 21 22 23 24 29 36 38
6 14 18 20 21 22 23 24 26 30 38
9 10 16 19 21 22 23 25 28 34 35
6 14 17 18 20 22 24 26 27 30 38
11 14 16 18 19 22 25 26 28 30 33
11 12 18 20 21 22 23 24 26 32 33
11 12 17 20 21 22 23 24 27 32 33
11 13 18 19 20 22 24 25 26 31 33
11 12 15 20 21 22 23 24 29 32 33
11 14 16 19 21 22 23 25 28 30 33
11 14 15 18 21 22 23 26 29 30 33
11 13 17 18 20 22 24 26 27 31 33
11 14 16 19 20 22 24 25 28 30 33
10 11 13 16 17 22 27 28 31 33 34
7 11 14 17 18 22 26 27 30 33 37
6 11 14 15 18 22 26 29 30 33 38
11 14 15 18 20 22 24 26 29 30 33
11 13 16 18 20 22 24 26 28 31 33
11 12 16 17 18 22 26 27 28 32 33
10 11 16 17 19 22 25 27 28 33 34
10 11 15 20 21 22 23 24 29 33 34
8 13 15 17 21 22 23 27 29 31 36
5 7 9 16 19 22 25 28 35 37 39
7 8 12 13 19 22 25 31 32 36 37
6 15 17 20 21 22 23 24 27 29 38
6 13 15 17 21 22 23 27 29 31 38
9 10 15 19 21 22 23 25 29 34 35
8 9 12 17 19 22 25 27 32 35 36
12 13 15 18 20 22 24 26 29 31 32
9 10 14 15 18 22 26 29 30 34 35
12 14 15 20 21 22 23 24 29 30 32
9 12 18 19 20 22 24 25 26 32 35
9 12 14 19 21 22 23 25 30 32 35
7 9 10 16 21 22 23 28 34 35 37
8 10 13 19 21 22 23 25 31 34 36
8 9 10 15 19 22 25 29 34 35 36
7 12 17 18 19 22 25 26 27 32 37
6 8 9 15 20 22 24 29 35 36 38
6 8 10 15 21 22 23 29 34 36 38
6 8 10 13 21 22 23 31 34 36 38
8 12 13 15 21 22 23 29 31 32 36
8 9 15 17 19 22 25 27 29 35 36
7 12 13 17 19 22 25 27 31 32 37
9 12 14 17 21 22 23 27 30 32 35
8 9 17 19 20 22 24 25 27 35 36
6 15 17 18 21 22 23 26 27 29 38
7 9 16 20 21 22 23 24 28 35 37
6 9 10 15 21 22 23 29 34 35 38
10 13 14 17 18 22 26 27 30 31 34
13 14 16 17 18 22 26 27 28 30 31
12 13 18 19 20 22 24 25 26 31 32
10 13 14 16 17 22 27 28 30 31 34
6 10 14 15 19 22 25 29 30 34 38
6 7 14 18 19 22 25 26 30 37 38
10 13 18 20 21 22 23 24 26 31 34
9 14 16 18 21 22 23 26 28 30 35
12 14 15 17 20 22 24 27 29 30 32
9 12 18 20 21 22 23 24 26 32 35
12 13 15 16 18 22 26 28 29 31 32
9 14 15 18 20 22 24 26 29 30 35
12 14 16 17 20 22 24 27 28 30 32
12 14 16 20 21 22 23 24 28 30 32
9 12 14 15 16 22 28 29 30 32 35
12 14 16 19 20 22 24 25 28 30 32
12 14 15 16 21 22 23 28 29 30 32
8 13 16 18 19 22 25 26 28 31 36
12 13 14 16 20 22 24 28 30 31 32
12 14 15 16 19 22 25 28 29 30 32
9 11 13 17 21 22 23 27 31 33 35
7 9 11 15 21 22 23 29 33 35 37
11 16 17 19 20 22 24 25 27 28 33
11 15 18 20 21 22 23 24 26 29 33
11 14 17 19 20 22 24 25 27 30 33
11 15 17 18 21 22 23 26 27 29 33
11 16 17 18 19 22 25 26 27 28 33
11 15 17 18 19 22 25 26 27 29 33
11 14 17 19 21 22 23 25 27 30 33
11 15 18 19 20 22 24 25 26 29 33
11 15 18 19 21 22 23 25 26 29 33
11 16 17 19 21 22 23 25 27 28 33
11 16 17 18 21 22 23 26 27 28 33
11 14 18 19 21 22 23 25 26 30 33
11 15 16 18 21 22 23 26 28 29 33
11 15 17 18 20 22 24 26 27 29 33
11 15 16 17 19 22 25 27 28 29 33
11 13 15 19 20 22 24 25 29 31 33
11 14 17 18 19 22 25 26 27 30 33
11 15 16 17 21 22 23 27 28 29 33
11 13 14 20 21 22 23 24 30 31 33
11 13 16 17 21 22 23 27 28 31 33
11 13 19 20 21 22 23 24 25 31 33
10 11 14 18 19 22 25 26 30 33 34
10 16 17 18 19 22 25 26 27 28 34
10 16 17 18 21 22 23 26 27 28 34
9 14 16 17 19 22 25 27 28 30 35
8 17 18 19 21 22 23 25 26 27 36
10 13 15 17 19 22 25 27 29 31 34
5 6 15 16 17 22 27 28 29 38 39
7 9 15 18 21 22 23 26 29 35 37
7 12 13 15 18 22 26 29 31 32 37
9 12 13 17 20 22 24 27 31 32 35
9 10 13 14 16 22 28 30 31 34 35
9 12 13 14 15 22 29 30 31 32 35
7 12 15 16 18 22 26 28 29 32 37
12 13 16 18 20 22 24 26 28 31 32
9 14 15 16 18 22 26 28 29 30 35
7 13 15 18 21 22 23 26 29 31 37
7 10 15 18 20 22 24 26 29 34 37
6 9 10 13 17 22 27 31 34 35 38
9 10 13 16 17 22 27 28 31 34 35
7 10 13 15 18 22 26 29 31 34 37
9 12 13 16 17 22 27 28 31 32 35
7 10 15 20 21 22 23 24 29 34 37
10 12 13 14 15 22 29 30 31 32 34
9 10 13 15 17 22 27 29 31 34 35
9 10 12 15 18 22 26 29 32 34 35
6 12 14 17 18 22 26 27 30 32 38
7 9 10 14 21 22 23 30 34 35 37
12 13 14 15 16 22 28 29 30 31 32
12 14 16 18 20 22 24 26 28 30 32
6 7 13 17 19 22 25 27 31 37 38
6 7 10 13 19 22 25 31 34 37 38
12 15 16 17 18 22 26 27 28 29 32
10 15 16 17 18 22 26 27 28 29 34
7 13 18 19 21 22 23 25 26 31 37
8 15 18 20 21 22 23 24 26 29 36
7 12 17 20 21 22 23 24 27 32 37
8 15 17 18 21 22 23 26 27 29 36
10 14 15 16 17 22 27 28 29 30 34
13 14 15 16 21 22 23 28 29 30 31
13 14 15 16 20 22 24 28 29 30 31
8 13 18 20 21 22 23 24 26 31 36
8 13 18 19 21 22 23 25 26 31 36
7 9 14 19 21 22 23 25 30 35 37
6 7 8 13 19 22 25 31 36 37 38
7 9 14 17 21 22 23 27 30 35 37
6 12 14 18 21 22 23 26 30 32 38
12 14 16 18 21 22 23 26 28 30 32
12 14 16 18 19 22 25 26 28 30 32
12 14 16 17 18 22 26 27 28 30 32
13 14 15 16 19 22 25 28 29 30 31
10 13 14 15 16 22 28 29 30 31 34
7 9 14 20 21 22 23 24 30 35 37
11 14 19 20 21 22 23 24 25 30 33
11 13 17 19 20 22 24 25 27 31 33
11 14 18 19 20 22 24 25 26 30 33
11 13 17 20 21 22 23 24 27 31 33
11 15 16 18 20 22 24 26 28 29 33
11 13 15 20 21 22 23 24 29 31 33
11 13 16 17 19 22 25 27 28 31 33
11 13 16 20 21 22 23 24 28 31 33
10 11 14 18 21 22 23 26 30 33 34
11 12 15 19 21 22 23 25 29 32 33
10 11 18 19 21 22 23 25 26 33 34
9 11 16 20 21 22 23 24 28 33 35
10 11 16 19 21 22 23 25 28 33 34
11 12 14 17 21 22 23 27 30 32 33
11 16 17 18 20 22 24 26 27 28 33
11 15 16 17 20 22 24 27 28 29 33
11 15 16 18 19 22 25 26 28 29 33
11 12 18 19 21 22 23 25 26 32 33
11 16 17 20 21 22 23 24 27 28 33
11 13 16 19 20 22 24 25 28 31 33
6 11 14 17 18 22 26 27 30 33 38
11 12 17 19 21 22 23 25 27 32 33
9 11 17 20 21 22 23 24 27 33 35
11 13 14 19 21 22 23 25 30 31 33
5 9 13 17 19 22 25 27 31 35 39
5 6 14 15 17 22 27 29 30 38 39
8 9 10 13 20 22 24 31 34 35 36
9 10 13 14 15 22 29 30 31 34 35
9 12 13 14 20 22 24 30 31 32 35
10 12 13 15 18 22 26 29 31 32 34
5 6 13 16 17 22 27 28 31 38 39
7 13 15 17 18 22 26 27 29 31 37
9 10 12 14 15 22 29 30 32 34 35
10 12 14 15 21 22 23 29 30 32 34
9 13 14 15 19 22 25 29 30 31 35
7 9 13 14 19 22 25 30 31 35 37
8 12 14 20 21 22 23 24 30 32 36
8 10 14 20 21 22 23 24 30 34 36
7 10 15 17 21 22 23 27 29 34 37
7 10 15 17 18 22 26 27 29 34 37
8 12 14 17 20 22 24 27 30 32 36
8 12 14 19 20 22 24 25 30 32 36
7 9 10 15 17 22 27 29 34 35 37
8 12 13 14 20 22 24 30 31 32 36
6 9 13 14 19 22 25 30 31 35 38
6 9 13 19 20 22 24 25 31 35 38
7 10 13 15 17 22 27 29 31 34 37
8 10 14 19 20 22 24 25 30 34 36
8 10 13 14 20 22 24 30 31 34 36
7 10 15 16 17 22 27 28 29 34 37
6 9 13 17 19 22 25 27 31 35 38
8 12 14 15 21 22 23 29 30 32 36
10 12 15 17 21 22 23 27 29 32 34
10 12 13 15 17 22 27 29 31 32 34
8 14 15 20 21 22 23 24 29 30 36
8 14 15 19 21 22 23 25 29 30 36
9 10 12 15 17 22 27 29 32 34 35
10 12 15 17 18 22 26 27 29 32 34
10 12 16 18 21 22 23 26 28 32 34
8 12 14 18 21 22 23 26 30 32 36
10 12 15 16 18 22 26 28 29 32 34
8 12 14 17 18 22 26 27 30 32 36
10 12 16 18 19 22 25 26 28 32 34
8 12 14 18 19 22 25 26 30 32 36
9 12 13 14 21 22 23 30 31 32 35
9 10 12 15 19 22 25 29 32 34 35
7 8 14 20 21 22 23 24 30 36 37
6 8 16 20 21 22 23 24 28 36 38
8 10 14 18 21 22 23 26 30 34 36
8 10 14 18 19 22 25 26 30 34 36
7 10 12 13 17 22 27 31 32 34 37
6 8 13 16 20 22 24 28 31 36 38
6 8 16 17 20 22 24 27 28 36 38
7 10 12 17 21 22 23 27 32 34 37
6 8 15 16 20 22 24 28 29 36 38
7 10 12 17 18 22 26 27 32 34 37
7 8 12 14 21 22 23 30 32 36 37
6 13 16 17 19 22 25 27 28 31 38
7 9 10 12 17 22 27 32 34 35 37
9 13 14 15 20 22 24 29 30 31 35
6 7 13 15 18 22 26 29 31 37 38
9 13 14 16 17 22 27 28 30 31 35
10 12 14 15 19 22 25 29 30 32 34
5 6 14 17 19 22 25 27 30 38 39
9 10 13 20 21 22 23 24 31 34 35
9 12 13 20 21 22 23 24 31 32 35
7 13 15 18 20 22 24 26 29 31 37
9 10 13 14 17 22 27 30 31 34 35
8 9 10 13 17 22 27 31 34 35 36
6 9 13 14 15 22 29 30 31 35 38
9 12 13 19 20 22 24 25 31 32 35
6 7 15 18 19 22 25 26 29 37 38
8 9 13 16 17 22 27 28 31 35 36
7 13 15 16 18 22 26 28 29 31 37
10 12 13 18 21 22 23 26 31 32 34
9 10 12 18 21 22 23 26 32 34 35
9 12 13 15 16 22 28 29 31 32 35
9 10 12 18 19 22 25 26 32 34 35
9 10 13 19 20 22 24 25 31 34 35
7 10 15 19 20 22 24 25 29 34 37
10 12 13 18 19 22 25 26 31 32 34
9 13 14 16 21 22 23 28 30 31 35
7 10 12 14 19 22 25 30 32 34 37
8 9 13 16 21 22 23 28 31 35 36
8 9 14 17 19 22 25 27 30 35 36
9 10 13 16 19 22 25 28 31 34 35
8 9 10 13 21 22 23 31 34 35 36
6 15 16 17 21 22 23 27 28 29 38
7 10 12 13 19 22 25 31 32 34 37
7 13 15 17 20 22 24 27 29 31 37
5 9 14 17 19 22 25 27 30 35 39
7 9 15 16 21 22 23 28 29 35 37
6 9 13 15 20 22 24 29 31 35 38
6 7 9 15 21 22 23 29 35 37 38
7 12 15 18 19 22 25 26 29 32 37
7 9 13 16 19 22 25 28 31 35 37
9 11 13 15 17 22 27 29 31 33 35
7 11 13 15 17 22 27 29 31 33 37
7 11 15 19 21 22 23 25 29 33 37
7 11 15 17 21 22 23 27 29 33 37
8 11 14 20 21 22 23 24 30 33 36
10 11 12 13 15 22 29 31 32 33 34
8 9 11 13 15 22 29 31 33 35 36
9 11 13 17 19 22 25 27 31 33 35
9 11 13 15 21 22 23 29 31 33 35
9 11 12 13 17 22 27 31 32 33 35
8 11 14 17 20 22 24 27 30 33 36
10 11 12 13 14 22 30 31 32 33 34
9 11 13 19 21 22 23 25 31 33 35
9 10 11 12 15 22 29 32 33 34 35
9 11 12 13 15 22 29 31 32 33 35
9 10 11 13 15 22 29 31 33 34 35
8 11 12 13 14 22 30 31 32 33 36
10 11 12 18 19 22 25 26 32 33 34
8 11 12 14 17 22 27 30 32 33 36
9 11 13 16 21 22 23 28 31 33 35
7 10 11 13 15 22 29 31 33 34 37
9 10 11 13 14 22 30 31 33 34 35
8 9 10 11 13 22 31 33 34 35 36
6 9 10 11 13 22 31 33 34 35 38
6 9 11 13 14 22 30 31 33 35 38
7 10 11 15 16 22 28 29 33 34 37
8 9 11 12 13 22 31 32 33 35 36
9 11 12 13 14 22 30 31 32 33 35
9 10 11 13 16 22 28 31 33 34 35
6 9 10 13 20 22 24 31 34 35 38
9 10 13 16 20 22 24 28 31 34 35
7 12 15 18 20 22 24 26 29 32 37
8 9 10 13 16 22 28 31 34 35 36
6 9 12 13 14 22 30 31 32 35 38
7 10 15 16 20 22 24 28 29 34 37
8 11 14 17 18 22 26 27 30 33 36
10 11 12 13 16 22 28 31 32 33 34
9 10 11 12 17 22 27 32 33 34 35
8 11 14 18 20 22 24 26 30 33 36
10 11 12 13 17 22 27 31 32 33 34
5 6 16 17 18 22 26 27 28 38 39
4 7 12 15 18 22 26 29 32 37 40
5 6 16 17 20 22 24 27 28 38 39
4 6 7 15 18 22 26 29 37 38 40
9 13 14 16 20 22 24 28 30 31 35
6 11 14 16 18 22 26 28 30 33 38
7 8 15 16 17 22 27 28 29 36 37
8 9 12 13 18 22 26 31 32 35 36
5 12 14 17 20 22 24 27 30 32 39
7 8 10 15 16 22 28 29 34 36 37
7 10 14 15 16 22 28 29 30 34 37
7 8 15 16 19 22 25 28 29 36 37
6 10 13 16 20 22 24 28 31 34 38
6 10 16 20 21 22 23 24 28 34 38
6 10 15 16 20 22 24 28 29 34 38
7 8 9 15 21 22 23 29 35 36 37
5 9 12 15 17 22 27 29 32 35 39
7 8 15 20 21 22 23 24 29 36 37
7 8 15 19 21 22 23 25 29 36 37
6 10 16 18 21 22 23 26 28 34 38
7 8 10 15 21 22 23 29 34 36 37
5 12 15 17 21 22 23 27 29 32 39
6 8 14 20 21 22 23 24 30 36 38
6 8 14 17 20 22 24 27 30 36 38
7 8 15 17 21 22 23 27 29 36 37
6 8 13 14 20 22 24 30 31 36 38
7 8 12 15 21 22 23 29 32 36 37
6 10 15 16 18 22 26 28 29 34 38
11 12 16 19 20 22 24 25 28 32 33
11 14 15 16 21 22 23 28 29 30 33
10 11 17 19 20 22 24 25 27 33 34
11 12 15 16 20 22 24 28 29 32 33
10 11 17 18 20 22 24 26 27 33 34
11 14 15 16 20 22 24 28 29 30 33
11 12 16 18 20 22 24 26 28 32 33
11 12 13 14 16 22 28 30 31 32 33
7 14 15 16 18 22 26 28 29 30 37
8 9 13 18 20 22 24 26 31 35 36
8 9 13 18 19 22 25 26 31 35 36
8 9 13 15 18 22 26 29 31 35 36
8 12 14 16 21 22 23 28 30 32 36
8 12 14 16 19 22 25 28 30 32 36
8 12 14 16 17 22 27 28 30 32 36
8 12 13 14 16 22 28 30 31 32 36
9 13 17 18 21 22 23 26 27 31 35
9 13 17 18 19 22 25 26 27 31 35
9 11 15 19 20 22 24 25 29 33 35
7 14 15 19 21 22 23 25 29 30 37
8 14 16 20 21 22 23 24 28 30 36
8 14 16 17 20 22 24 27 28 30 36
10 11 14 15 17 22 27 29 30 33 34
9 13 17 18 20 22 24 26 27 31 35
9 13 15 17 18 22 26 27 29 31 35
9 13 16 17 18 22 26 27 28 31 35
10 12 14 20 21 22 23 24 30 32 34
10 12 14 19 20 22 24 25 30 32 34
7 14 15 17 21 22 23 27 29 30 37
7 14 15 18 21 22 23 26 29 30 37
8 14 16 19 20 22 24 25 28 30 36
7 10 14 15 21 22 23 29 30 34 37
8 13 14 16 20 22 24 28 30 31 36
9 12 13 17 18 22 26 27 31 32 35
10 12 13 14 20 22 24 30 31 32 34
11 12 14 15 20 22 24 29 30 32 33
11 13 14 16 18 22 26 28 30 31 33
9 10 15 16 18 22 26 28 29 34 35
10 16 17 18 20 22 24 26 27 28 34
9 12 14 16 19 22 25 28 30 32 35
8 16 17 18 19 22 25 26 27 28 36
10 13 15 16 20 22 24 28 29 31 34
10 13 15 16 17 22 27 28 29 31 34
8 12 15 17 18 22 26 27 29 32 36
8 9 17 18 21 22 23 26 27 35 36
7 14 16 18 21 22 23 26 28 30 37
8 10 16 18 21 22 23 26 28 34 36
8 10 16 18 19 22 25 26 28 34 36
6 14 15 17 21 22 23 27 29 30 38
7 14 16 19 21 22 23 25 28 30 37
8 10 15 16 18 22 26 28 29 34 36
12 13 14 15 19 22 25 29 30 31 32
12 13 14 17 20 22 24 27 30 31 32
6 9 14 19 21 22 23 25 30 35 38
7 9 10 14 19 22 25 30 34 35 37
10 13 14 15 21 22 23 29 30 31 34
7 12 13 14 19 22 25 30 31 32 37
8 10 13 16 21 22 23 28 31 34 36
10 12 14 16 19 22 25 28 30 32 34
10 12 14 16 21 22 23 28 30 32 34
8 13 14 18 20 22 24 26 30 31 36
10 12 13 14 16 22 28 30 31 32 34
8 10 12 16 19 22 25 28 32 34 36
8 10 12 16 21 22 23 28 32 34 36
8 9 14 18 19 22 25 26 30 35 36
8 10 12 13 16 22 28 31 32 34 36
8 10 12 15 16 22 28 29 32 34 36
9 12 16 19 20 22 24 25 28 32 35
10 12 13 17 21 22 23 27 31 32 34
10 13 16 18 21 22 23 26 28 31 34
12 13 14 15 17 22 27 29 30 31 32
8 9 12 16 17 22 27 28 32 35 36
12 13 15 16 19 22 25 28 29 31 32
9 11 17 18 20 22 24 26 27 33 35
8 11 16 19 20 22 24 25 28 33 36
7 11 14 18 21 22 23 26 30 33 37
13 14 15 16 17 22 27 28 29 30 31
8 9 16 17 18 22 26 27 28 35 36
6 14 15 16 18 22 26 28 29 30 38
8 13 14 18 19 22 25 26 30 31 36
11 12 13 15 19 22 25 29 31 32 33
8 14 17 18 19 22 25 26 27 30 36
7 10 12 16 19 22 25 28 32 34 37
6 10 12 14 18 22 26 30 32 34 38
7 8 9 14 21 22 23 30 35 36 37
7 10 12 14 17 22 27 30 32 34 37
6 13 14 16 18 22 26 28 30 31 38
10 12 13 17 18 22 26 27 31 32 34
8 13 14 18 21 22 23 26 30 31 36
10 13 15 18 19 22 25 26 29 31 34
12 13 15 17 18 22 26 27 29 31 32
10 13 14 16 21 22 23 28 30 31 34
8 10 15 16 19 22 25 28 29 34 36
6 12 13 14 17 22 27 30 31 32 38
9 10 16 19 20 22 24 25 28 34 35
7 13 17 18 20 22 24 26 27 31 37
8 10 13 20 21 22 23 24 31 34 36
9 10 14 15 19 22 25 29 30 34 35
9 12 14 20 21 22 23 24 30 32 35
7 10 16 20 21 22 23 24 28 34 37
8 9 17 18 20 22 24 26 27 35 36
7 10 17 18 20 22 24 26 27 34 37
7 14 16 17 21 22 23 27 28 30 37
8 9 12 17 18 22 26 27 32 35 36
8 9 15 17 18 22 26 27 29 35 36
6 10 15 17 21 22 23 27 29 34 38
9 10 15 18 19 22 25 26 29 34 35
6 13 14 17 21 22 23 27 30 31 38
7 14 16 18 19 22 25 26 28 30 37
10 14 15 16 19 22 25 28 29 30 34
8 12 13 18 19 22 25 26 31 32 36
7 8 16 18 19 22 25 26 28 36 37
8 9 15 18 20 22 24 26 29 35 36
11 14 15 18 19 22 25 26 29 30 33
11 13 15 18 20 22 24 26 29 31 33
11 14 16 17 19 22 25 27 28 30 33
11 12 16 17 21 22 23 27 28 32 33
9 12 16 19 21 22 23 25 28 32 35
7 13 18 19 20 22 24 25 26 31 37
8 12 16 17 19 22 25 27 28 32 36
9 14 15 16 20 22 24 28 29 30 35
12 13 14 16 17 22 27 28 30 31 32
12 13 15 16 20 22 24 28 29 31 32
9 14 16 19 21 22 23 25 28 30 35
12 13 15 16 17 22 27 28 29 31 32
12 13 14 18 19 22 25 26 30 31 32
7 12 16 19 21 22 23 25 28 32 37
12 13 14 17 18 22 26 27 30 31 32
6 10 13 17 21 22 23 27 31 34 38
10 14 15 19 20 22 24 25 29 30 34
12 14 15 17 18 22 26 27 29 30 32
9 14 15 20 21 22 23 24 29 30 35
10 13 14 17 21 22 23 27 30 31 34
9 12 15 20 21 22 23 24 29 32 35
7 10 13 20 21 22 23 24 31 34 37
6 10 15 19 21 22 23 25 29 34 38
10 13 15 16 18 22 26 28 29 31 34
10 11 14 20 21 22 23 24 30 33 34
9 10 14 15 20 22 24 29 30 34 35
11 13 15 16 19 22 25 28 29 31 33
8 11 15 20 21 22 23 24 29 33 36
10 12 15 17 20 22 24 27 29 32 34
10 12 16 18 20 22 24 26 28 32 34
7 10 14 20 21 22 23 24 30 34 37
10 11 14 19 20 22 24 25 30 33 34
9 11 16 17 18 22 26 27 28 33 35
8 11 13 16 20 22 24 28 31 33 36
7 10 11 17 18 22 26 27 33 34 37
9 12 13 19 21 22 23 25 31 32 35
10 11 13 16 21 22 23 28 31 33 34
9 11 15 17 20 22 24 27 29 33 35
9 11 15 20 21 22 23 24 29 33 35
9 11 12 17 21 22 23 27 32 33 35
7 11 16 18 19 22 25 26 28 33 37
6 11 14 17 21 22 23 27 30 33 38
7 11 17 18 19 22 25 26 27 33 37
10 11 13 15 21 22 23 29 31 33 34
10 11 13 14 21 22 23 30 31 33 34
9 11 15 16 20 22 24 28 29 33 35
8 11 17 19 21 22 23 25 27 33 36
10 11 13 19 21 22 23 25 31 33 34
8 11 12 17 19 22 25 27 32 33 36
7 9 16 19 21 22 23 25 28 35 37
7 17 18 19 20 22 24 25 26 27 37
9 10 15 16 19 22 25 28 29 34 35
10 14 16 18 20 22 24 26 28 30 34
10 13 14 18 20 22 24 26 30 31 34
9 14 16 17 18 22 26 27 28 30 35
7 10 13 17 18 22 26 27 31 34 37
7 13 14 18 21 22 23 26 30 31 37
9 10 17 18 20 22 24 26 27 34 35
6 9 10 13 19 22 25 31 34 35 38
10 12 13 19 21 22 23 25 31 32 34
6 8 14 17 19 22 25 27 30 36 38
7 8 15 18 19 22 25 26 29 36 37
5 12 16 17 21 22 23 27 28 32 39
6 10 16 17 21 22 23 27 28 34 38
7 12 13 19 20 22 24 25 31 32 37
9 11 15 18 20 22 24 26 29 33 35
10 11 13 20 21 22 23 24 31 33 34
9 11 12 20 21 22 23 24 32 33 35
7 11 14 18 19 22 25 26 30 33 37
7 8 10 15 17 22 27 29 34 36 37
7 10 14 15 17 22 27 29 30 34 37
9 10 16 18 19 22 25 26 28 34 35
8 9 16 17 19 22 25 27 28 35 36
6 9 15 18 20 22 24 26 29 35 38
5 9 10 14 19 22 25 30 34 35 39
7 11 14 15 18 22 26 29 30 33 37
9 11 13 18 20 22 24 26 31 33 35
10 11 12 20 21 22 23 24 32 33 34
12 13 14 17 19 22 25 27 30 31 32
6 9 15 20 21 22 23 24 29 35 38
7 9 10 16 19 22 25 28 34 35 37
6 7 13 17 20 22 24 27 31 37 38
5 9 14 19 20 22 24 25 30 35 39
8 10 15 19 21 22 23 25 29 34 36
8 12 13 17 19 22 25 27 31 32 36
5 9 15 19 20 22 24 25 29 35 39
6 8 15 17 21 22 23 27 29 36 38
8 10 13 15 21 22 23 29 31 34 36
6 9 15 17 21 22 23 27 29 35 38
9 10 17 18 19 22 25 26 27 34 35
7 10 14 17 21 22 23 27 30 34 37
9 12 16 17 18 22 26 27 28 32 35
9 12 17 18 20 22 24 26 27 32 35
9 14 15 17 18 22 26 27 29 30 35
7 9 14 17 18 22 26 27 30 35 37
10 13 14 17 20 22 24 27 30 31 34
11 12 16 17 20 22 24 27 28 32 33
11 14 15 16 18 22 26 28 29 30 33
6 9 14 15 21 22 23 29 30 35 38
9 10 15 19 20 22 24 25 29 34 35
8 9 10 17 19 22 25 27 34 35 36
8 13 15 16 21 22 23 28 29 31 36
9 10 13 19 21 22 23 25 31 34 35
9 13 15 16 19 22 25 28 29 31 35
9 13 14 17 21 22 23 27 30 31 35
9 10 12 19 21 22 23 25 32 34 35
8 9 13 17 21 22 23 27 31 35 36
7 11 14 19 21 22 23 25 30 33 37
9 12 14 18 21 22 23 26 30 32 35
7 9 16 18 19 22 25 26 28 35 37
7 12 14 18 19 22 25 26 30 32 37
6 12 15 17 21 22 23 27 29 32 38
7 12 13 18 19 22 25 26 31 32 37
11 12 14 16 19 22 25 28 30 32 33
10 11 16 17 20 22 24 27 28 33 34
6 8 10 14 18 22 26 30 34 36 38
6 10 13 16 19 22 25 28 31 34 38
8 9 12 13 21 22 23 31 32 35 36
9 10 13 14 21 22 23 30 31 34 35
9 13 15 16 20 22 24 28 29 31 35
8 13 14 17 21 22 23 27 30 31 36
7 10 15 18 19 22 25 26 29 34 37
10 12 13 15 19 22 25 29 31 32 34
8 11 16 17 20 22 24 27 28 33 36
9 11 15 17 18 22 26 27 29 33 35
10 11 13 14 20 22 24 30 31 33 34
8 9 11 17 19 22 25 27 33 35 36
9 11 12 14 21 22 23 30 32 33 35
8 10 11 13 21 22 23 31 33 34 36
11 12 13 19 20 22 24 25 31 32 33
10 11 14 15 19 22 25 29 30 33 34
9 13 14 17 18 22 26 27 30 31 35
10 12 14 18 20 22 24 26 30 32 34
6 11 15 17 21 22 23 27 29 33 38
11 13 15 16 18 22 26 28 29 31 33
11 13 14 16 17 22 27 28 30 31 33
13 14 15 17 19 22 25 27 29 30 31
10 14 16 18 19 22 25 26 28 30 34
9 10 15 20 21 22 23 24 29 34 35
6 14 17 19 21 22 23 25 27 30 38
10 14 16 18 21 22 23 26 28 30 34
10 13 16 18 19 22 25 26 28 31 34
6 13 18 20 21 22 23 24 26 31 38
10 14 17 18 20 22 24 26 27 30 34
10 14 17 20 21 22 23 24 27 30 34
10 14 17 19 20 22 24 25 27 30 34
8 16 17 18 20 22 24 26 27 28 36
8 15 16 18 20 22 24 26 28 29 36
8 16 18 20 21 22 23 24 26 28 36
9 10 15 16 20 22 24 28 29 34 35
8 13 15 16 17 22 27 28 29 31 36
8 16 18 19 20 22 24 25 26 28 36
13 14 15 17 21 22 23 27 29 30 31
12 15 16 17 21 22 23 27 28 29 32
8 12 17 18 19 22 25 26 27 32 36
7 12 13 14 17 22 27 30 31 32 37
9 10 17 19 21 22 23 25 27 34 35
7 12 14 17 18 22 26 27 30 32 37
12 13 16 19 20 22 24 25 28 31 32
12 15 16 17 20 22 24 27 28 29 32
10 15 17 19 20 22 24 25 27 29 34
13 14 15 17 20 22 24 27 29 30 31
12 15 16 17 19 22 25 27 28 29 32
10 15 17 19 21 22 23 25 27 29 34
12 14 15 18 21 22 23 26 29 30 32
7 13 17 18 19 22 25 26 27 31 37
7 12 17 18 20 22 24 26 27 32 37
12 14 15 18 19 22 25 26 29 30 32
12 13 16 17 19 22 25 27 28 31 32
10 15 16 17 19 22 25 27 28 29 34
7 13 16 18 19 22 25 26 28 31 37
9 14 16 19 20 22 24 25 28 30 35
9 14 15 19 21 22 23 25 29 30 35
10 13 16 17 21 22 23 27 28 31 34
9 12 16 17 21 22 23 27 28 32 35
9 10 14 17 19 22 25 27 30 34 35
9 12 15 16 17 22 27 28 29 32 35
7 10 13 18 19 22 25 26 31 34 37
12 13 14 18 21 22 23 26 30 31 32
9 12 15 19 20 22 24 25 29 32 35
6 13 14 15 17 22 27 29 30 31 38
12 13 16 19 21 22 23 25 28 31 32
10 13 17 19 21 22 23 25 27 31 34
9 10 16 18 21 22 23 26 28 34 35
8 10 13 15 16 22 28 29 31 34 36
9 12 14 18 19 22 25 26 30 32 35
10 13 15 17 21 22 23 27 29 31 34
8 13 15 16 19 22 25 28 29 31 36
8 9 10 15 18 22 26 29 34 35 36
10 15 17 18 19 22 25 26 27 29 34
9 10 14 17 20 22 24 27 30 34 35
9 12 16 20 21 22 23 24 28 32 35
7 8 13 18 19 22 25 26 31 36 37
8 12 13 15 16 22 28 29 31 32 36
10 13 17 20 21 22 23 24 27 31 34
9 10 17 19 20 22 24 25 27 34 35
10 14 15 16 20 22 24 28 29 30 34
10 14 15 18 20 22 24 26 29 30 34
8 12 17 18 20 22 24 26 27 32 36
11 14 15 17 19 22 25 27 29 30 33
11 14 16 17 18 22 26 27 28 30 33
11 12 13 16 21 22 23 28 31 32 33
11 14 16 17 21 22 23 27 28 30 33
10 13 16 18 20 22 24 26 28 31 34
9 12 15 18 20 22 24 26 29 32 35
12 13 16 18 19 22 25 26 28 31 32
9 14 15 18 21 22 23 26 29 30 35
8 12 18 19 20 22 24 25 26 32 36
8 12 18 20 21 22 23 24 26 32 36
8 12 15 18 20 22 24 26 29 32 36
11 12 16 19 21 22 23 25 28 32 33
10 11 14 17 21 22 23 27 30 33 34
11 12 15 16 21 22 23 28 29 32 33
11 12 14 15 19 22 25 29 30 32 33
11 13 15 17 18 22 26 27 29 31 33
11 13 15 18 21 22 23 26 29 31 33
11 12 16 18 21 22 23 26 28 32 33
11 12 13 17 20 22 24 27 31 32 33
10 13 17 18 21 22 23 26 27 31 34
10 13 14 15 17 22 27 29 30 31 34
10 14 15 17 19 22 25 27 29 30 34
12 13 14 18 20 22 24 26 30 31 32
9 14 16 18 19 22 25 26 28 30 35
10 14 15 20 21 22 23 24 29 30 34
10 13 14 15 20 22 24 29 30 31 34
11 13 15 18 19 22 25 26 29 31 33
9 11 15 18 21 22 23 26 29 33 35
10 11 13 16 20 22 24 28 31 33 34
7 13 14 18 19 22 25 26 30 31 37
13 14 15 17 18 22 26 27 29 30 31
8 10 17 18 21 22 23 26 27 34 36
11 14 16 17 20 22 24 27 28 30 33
11 14 15 19 21 22 23 25 29 30 33
11 14 15 19 20 22 24 25 29 30 33
10 11 17 19 21 22 23 25 27 33 34
11 13 14 15 19 22 25 29 30 31 33
11 12 13 15 18 22 26 29 31 32 33
12 14 15 18 20 22 24 26 29 30 32
7 9 14 18 19 22 25 26 30 35 37
10 11 17 18 21 22 23 26 27 33 34
10 11 13 19 20 22 24 25 31 33 34
9 10 11 15 18 22 26 29 33 34 35
7 13 14 17 18 22 26 27 30 31 37
9 10 15 18 20 22 24 26 29 34 35
9 12 16 18 21 22 23 26 28 32 35
10 14 16 17 20 22 24 27 28 30 34
12 14 15 16 20 22 24 28 29 30 32
13 14 15 16 18 22 26 28 29 30 31
10 11 14 16 17 22 27 28 30 33 34
11 12 13 18 20 22 24 26 31 32 33
6 14 15 18 20 22 24 26 29 30 38
9 12 14 15 21 22 23 29 30 32 35
9 10 14 16 19 22 25 28 30 34 35
8 9 10 16 19 22 25 28 34 35 36
6 9 12 14 21 22 23 30 32 35 38
7 12 16 18 19 22 25 26 28 32 37
8 10 13 17 21 22 23 27 31 34 36
6 10 14 18 20 22 24 26 30 34 38
8 12 15 16 20 22 24 28 29 32 36
8 12 13 16 20 22 24 28 31 32 36
8 12 16 19 20 22 24 25 28 32 36
8 12 16 17 20 22 24 27 28 32 36
8 13 15 18 21 22 23 26 29 31 36
12 14 15 16 17 22 27 28 29 30 32
11 13 14 15 18 22 26 29 30 31 33
9 11 14 15 18 22 26 29 30 33 35
9 10 16 17 19 22 25 27 28 34 35
5 9 10 16 19 22 25 28 34 35 39
6 13 14 18 20 22 24 26 30 31 38
7 9 14 18 21 22 23 26 30 35 37
5 9 10 15 19 22 25 29 34 35 39
8 12 16 20 21 22 23 24 28 32 36
8 13 15 16 18 22 26 28 29 31 36
7 10 11 15 18 22 26 29 33 34 37
9 11 13 16 20 22 24 28 31 33 35
5 6 11 14 17 22 27 30 33 38 39
5 9 13 17 21 22 23 27 31 35 39
9 10 12 13 15 22 29 31 32 34 35
8 10 12 14 21 22 23 30 32 34 36
8 10 12 14 19 22 25 30 32 34 36
7 9 13 15 21 22 23 29 31 35 37
8 10 12 13 14 22 30 31 32 34 36
9 13 16 19 20 22 24 25 28 31 35
7 12 15 17 21 22 23 27 29 32 37
7 15 16 18 21 22 23 26 28 29 37
6 13 15 16 17 22 27 28 29 31 38
7 9 15 20 21 22 23 24 29 35 37
7 10 15 16 21 22 23 28 29 34 37
9 13 14 17 19 22 25 27 30 31 35
8 9 12 13 17 22 27 31 32 35 36
6 9 10 13 15 22 29 31 34 35 38
8 14 17 19 21 22 23 25 27 30 36
7 10 15 16 19 22 25 28 29 34 37
8 9 13 15 20 22 24 29 31 35 36
7 9 13 20 21 22 23 24 31 35 37
9 10 12 15 21 22 23 29 32 34 35
7 13 15 16 19 22 25 28 29 31 37
8 9 13 20 21 22 23 24 31 35 36
7 12 13 15 17 22 27 29 31 32 37
5 7 15 18 19 22 25 26 29 37 39
5 6 13 14 17 22 27 30 31 38 39
8 12 13 14 21 22 23 30 31 32 36
6 16 18 20 21 22 23 24 26 28 38
9 12 13 14 17 22 27 30 31 32 35
9 10 13 15 16 22 28 29 31 34 35
8 9 12 14 17 22 27 30 32 35 36
10 12 13 14 19 22 25 30 31 32 34
10 12 14 18 19 22 25 26 30 32 34
6 15 16 18 20 22 24 26 28 29 38
7 15 16 18 19 22 25 26 28 29 37
8 9 13 19 21 22 23 25 31 35 36
7 10 13 15 16 22 28 29 31 34 37
6 9 13 14 17 22 27 30 31 35 38
8 13 14 20 21 22 23 24 30 31 36
8 10 12 15 19 22 25 29 32 34 36
9 13 15 16 17 22 27 28 29 31 35
6 9 13 15 17 22 27 29 31 35 38
8 10 12 13 19 22 25 31 32 34 36
9 13 16 17 19 22 25 27 28 31 35
7 12 15 17 18 22 26 27 29 32 37
7 15 17 18 19 22 25 26 27 29 37
9 12 13 15 19 22 25 29 31 32 35
7 15 17 20 21 22 23 24 27 29 37
10 12 13 15 21 22 23 29 31 32 34
9 12 13 15 21 22 23 29 31 32 35
7 13 15 19 20 22 24 25 29 31 37
7 9 10 13 19 22 25 31 34 35 37
7 9 10 13 21 22 23 31 34 35 37
8 9 13 14 20 22 24 30 31 35 36
8 9 13 14 15 22 29 30 31 35 36
5 6 16 17 19 22 25 27 28 38 39
6 16 17 19 21 22 23 25 27 28 38
10 11 13 15 19 22 25 29 31 33 34
11 12 13 15 17 22 27 29 31 32 33
11 12 15 18 20 22 24 26 29 32 33
10 11 15 18 20 22 24 26 29 33 34
10 11 12 19 21 22 23 25 32 33 34
6 9 11 13 20 22 24 31 33 35 38
9 11 13 17 20 22 24 27 31 33 35
7 11 15 18 21 22 23 26 29 33 37
8 11 14 19 20 22 24 25 30 33 36
10 11 12 14 21 22 23 30 32 33 34
10 11 12 18 21 22 23 26 32 33 34
8 11 14 19 21 22 23 25 30 33 36
8 11 12 14 19 22 25 30 32 33 36
9 11 13 14 20 22 24 30 31 33 35
8 9 11 13 20 22 24 31 33 35 36
7 8 14 15 19 22 25 29 30 36 37
6 10 12 16 21 22 23 28 32 34 38
6 10 12 13 16 22 28 31 32 34 38
7 8 14 15 17 22 27 29 30 36 37
6 8 16 17 19 22 25 27 28 36 38
7 8 14 18 19 22 25 26 30 36 37
8 13 16 18 20 22 24 26 28 31 36
11 14 15 16 17 22 27 28 29 30 33
11 12 13 16 20 22 24 28 31 32 33
8 13 14 15 21 22 23 29 30 31 36
7 11 15 18 19 22 25 26 29 33 37
9 10 11 12 21 22 23 32 33 34 35
9 11 13 15 20 22 24 29 31 33 35
10 11 12 13 21 22 23 31 32 33 34
7 9 13 14 21 22 23 30 31 35 37
11 12 14 16 21 22 23 28 30 32 33
9 10 11 17 20 22 24 27 33 34 35
7 9 12 14 21 22 23 30 32 35 37
8 9 17 18 19 22 25 26 27 35 36
8 10 14 16 20 22 24 28 30 34 36
7 10 12 17 19 22 25 27 32 34 37
5 9 13 15 17 22 27 29 31 35 39
7 10 12 13 15 22 29 31 32 34 37
7 10 12 15 21 22 23 29 32 34 37
8 9 13 14 19 22 25 30 31 35 36
7 9 13 15 17 22 27 29 31 35 37
7 9 13 15 19 22 25 29 31 35 37
9 13 15 17 20 22 24 27 29 31 35
7 13 15 16 17 22 27 28 29 31 37
9 10 12 14 19 22 25 30 32 34 35
8 13 14 17 20 22 24 27 30 31 36
6 7 13 15 17 22 27 29 31 37 38
9 12 13 14 19 22 25 30 31 32 35
9 12 13 17 19 22 25 27 31 32 35
9 13 15 20 21 22 23 24 29 31 35
7 15 16 19 21 22 23 25 28 29 37
7 15 17 18 20 22 24 26 27 29 37
8 9 13 15 17 22 27 29 31 35 36
9 13 14 17 20 22 24 27 30 31 35
7 9 13 19 20 22 24 25 31 35 37
10 12 15 19 21 22 23 25 29 32 34
7 10 12 13 21 22 23 31 32 34 37
9 13 14 20 21 22 23 24 30 31 35
8 9 10 13 19 22 25 31 34 35 36
8 12 13 14 17 22 27 30 31 32 36
6 9 13 14 21 22 23 30 31 35 38
5 6 14 17 21 22 23 27 30 38 39
7 10 15 19 21 22 23 25 29 34 37
7 12 15 19 21 22 23 25 29 32 37
9 13 16 19 21 22 23 25 28 31 35
7 15 18 19 21 22 23 25 26 29 37
7 15 16 17 21 22 23 27 28 29 37
8 9 12 13 19 22 25 31 32 35 36
9 13 14 19 21 22 23 25 30 31 35
9 10 13 14 19 22 25 30 31 34 35
9 12 13 17 21 22 23 27 31 32 35
6 7 15 18 21 22 23 26 29 37 38
8 9 14 19 21 22 23 25 30 35 36
8 9 13 17 20 22 24 27 31 35 36
8 13 14 19 21 22 23 25 30 31 36
8 14 17 19 20 22 24 25 27 30 36
10 12 13 14 21 22 23 30 31 32 34
6 9 10 13 21 22 23 31 34 35 38
9 10 13 16 21 22 23 28 31 34 35
9 13 15 19 20 22 24 25 29 31 35
6 16 17 18 20 22 24 26 27 28 38
10 12 14 18 21 22 23 26 30 32 34
6 16 17 20 21 22 23 24 27 28 38
8 12 14 17 19 22 25 27 30 32 36
9 13 15 16 21 22 23 28 29 31 35
7 10 13 15 19 22 25 29 31 34 37
7 15 18 19 20 22 24 25 26 29 37
10 12 15 18 19 22 25 26 29 32 34
9 10 13 15 21 22 23 29 31 34 35
9 10 12 13 14 22 30 31 32 34 35
8 9 10 12 13 22 31 32 34 35 36
6 7 15 16 18 22 26 28 29 37 38
9 10 13 17 20 22 24 27 31 34 35
9 12 13 14 16 22 28 30 31 32 35
9 10 12 13 17 22 27 31 32 34 35
6 9 12 13 20 22 24 31 32 35 38
6 16 18 19 20 22 24 25 26 28 38
11 13 14 15 20 22 24 29 30 31 33
9 11 14 18 19 22 25 26 30 33 35
11 13 14 18 19 22 25 26 30 31 33
10 11 14 17 19 22 25 27 30 33 34
11 13 16 17 18 22 26 27 28 31 33
11 13 14 16 20 22 24 28 30 31 33
11 12 15 16 18 22 26 28 29 32 33
10 11 15 17 18 22 26 27 29 33 34
6 7 11 15 18 22 26 29 33 37 38
8 9 11 14 19 22 25 30 33 35 36
7 8 13 14 15 22 29 30 31 36 37
7 11 17 20 21 22 23 24 27 33 37
10 12 14 15 17 22 27 29 30 32 34
10 11 12 15 21 22 23 29 32 33 34
9 11 13 20 21 22 23 24 31 33 35
9 11 13 19 20 22 24 25 31 33 35
7 11 15 17 18 22 26 27 29 33 37
6 10 12 15 16 22 28 29 32 34 38
7 8 10 14 15 22 29 30 34 36 37
7 8 12 14 15 22 29 30 32 36 37
5 10 12 14 17 22 27 30 32 34 39
7 8 14 15 20 22 24 29 30 36 37
11 13 16 17 20 22 24 27 28 31 33
11 12 14 19 21 22 23 25 30 32 33
10 11 15 18 21 22 23 26 29 33 34
6 14 16 18 20 22 24 26 28 30 38
8 13 14 17 18 22 26 27 30 31 36
8 9 14 18 21 22 23 26 30 35 36
8 12 14 18 20 22 24 26 30 32 36
6 7 9 13 19 22 25 31 35 37 38
9 10 12 16 19 22 25 28 32 34 35
6 8 10 16 20 22 24 28 34 36 38
9 12 13 16 19 22 25 28 31 32 35
6 10 15 16 19 22 25 28 29 34 38
6 7 15 17 21 22 23 27 29 37 38
7 13 14 15 18 22 26 29 30 31 37
9 12 13 18 20 22 24 26 31 32 35
9 10 12 13 19 22 25 31 32 34 35
7 9 13 17 20 22 24 27 31 35 37
8 9 13 17 19 22 25 27 31 35 36
8 10 12 13 21 22 23 31 32 34 36
8 9 12 14 21 22 23 30 32 35 36
8 10 13 14 21 22 23 30 31 34 36
9 10 12 14 21 22 23 30 32 34 35
7 9 12 13 19 22 25 31 32 35 37
7 12 13 15 19 22 25 29 31 32 37
8 9 13 15 21 22 23 29 31 35 36
7 9 10 15 19 22 25 29 34 35 37
9 10 12 17 18 22 26 27 32 34 35
11 13 14 19 20 22 24 25 30 31 33
9 10 13 15 19 22 25 29 31 34 35
5 6 15 17 21 22 23 27 29 38 39
7 8 10 15 20 22 24 29 34 36 37
9 12 13 16 18 22 26 28 31 32 35
6 8 10 14 17 22 27 30 34 36 38
9 13 14 16 18 22 26 28 30 31 35
6 7 8 12 15 22 29 32 36 37 38
6 7 8 15 19 22 25 29 36 37 38
10 12 13 18 20 22 24 26 31 32 34
9 13 14 15 18 22 26 29 30 31 35
9 10 13 18 20 22 24 26 31 34 35
7 10 12 15 17 22 27 29 32 34 37
8 9 14 17 18 22 26 27 30 35 36
7 10 15 17 20 22 24 27 29 34 37
8 11 14 18 21 22 23 26 30 33 36
10 11 12 15 16 22 28 29 32 33 34
8 11 12 14 15 22 29 30 32 33 36
10 11 12 17 19 22 25 27 32 33 34
8 11 13 14 15 22 29 30 31 33 36
10 11 12 17 18 22 26 27 32 33 34
8 11 14 15 20 22 24 29 30 33 36
10 11 12 14 17 22 27 30 32 33 34
10 11 12 16 19 22 25 28 32 33 34
10 12 17 18 20 22 24 26 27 32 34
8 14 16 18 21 22 23 26 28 30 36
8 14 16 18 19 22 25 26 28 30 36
8 14 16 17 18 22 26 27 28 30 36
10 12 16 20 21 22 23 24 28 32 34
10 12 17 20 21 22 23 24 27 32 34
10 12 17 19 20 22 24 25 27 32 34
9 10 12 17 20 22 24 27 32 34 35
10 12 16 19 20 22 24 25 28 32 34
10 12 13 17 20 22 24 27 31 32 34
10 12 13 16 20 22 24 28 31 32 34
10 12 15 16 20 22 24 28 29 32 34
8 14 15 16 19 22 25 28 29 30 36
11 14 15 16 19 22 25 28 29 30 33
11 12 14 16 17 22 27 28 30 32 33
11 12 16 20 21 22 23 24 28 32 33
10 11 17 20 21 22 23 24 27 33 34
9 10 11 13 18 22 26 31 33 34 35
7 8 11 15 20 22 24 29 33 36 37
7 8 10 11 15 22 29 33 34 36 37
5 11 12 14 17 22 27 30 32 33 39
9 11 13 16 18 22 26 28 31 33 35
9 11 12 13 18 22 26 31 32 33 35
7 10 11 14 15 22 29 30 33 34 37
7 8 11 12 15 22 29 32 33 36 37
6 8 10 14 15 22 29 30 34 36 38
6 8 10 13 16 22 28 31 34 36 38
6 8 13 14 15 22 29 30 31 36 38
6 8 14 15 17 22 27 29 30 36 38
11 12 13 14 17 22 27 30 31 32 33
6 7 8 11 15 22 29 33 36 37 38
9 11 13 14 18 22 26 30 31 33 35
7 8 11 13 15 22 29 31 33 36 37
6 10 11 15 16 22 28 29 33 34 38
6 10 11 13 16 22 28 31 33 34 38
8 9 11 12 17 22 27 32 33 35 36
10 11 12 14 15 22 29 30 32 33 34
9 11 13 14 16 22 28 30 31 33 35
8 9 11 13 16 22 28 31 33 35 36
7 10 11 15 19 22 25 29 33 34 37
10 11 12 13 19 22 25 31 32 33 34
9 11 13 15 16 22 28 29 31 33 35
9 11 13 14 17 22 27 30 31 33 35
9 10 11 12 19 22 25 32 33 34 35
9 10 12 17 19 22 25 27 32 34 35
10 11 12 19 20 22 24 25 32 33 34
9 11 13 18 21 22 23 26 31 33 35
10 11 12 18 20 22 24 26 32 33 34
10 11 12 15 20 22 24 29 32 33 34
7 10 11 12 17 22 27 32 33 34 37
6 10 16 19 21 22 23 25 28 34 38
6 10 14 16 21 22 23 28 30 34 38
6 8 10 16 21 22 23 28 34 36 38
6 8 10 15 16 22 28 29 34 36 38
6 10 13 14 16 22 28 30 31 34 38
7 8 11 15 17 22 27 29 33 36 37
6 8 10 11 14 22 30 33 34 36 38
9 11 13 14 15 22 29 30 31 33 35
10 11 12 14 18 22 26 30 32 33 34
6 11 16 18 20 22 24 26 28 33 38
9 10 11 13 17 22 27 31 33 34 35
10 11 12 13 18 22 26 31 32 33 34
8 9 11 13 17 22 27 31 33 35 36
9 11 13 14 21 22 23 30 31 33 35
10 12 13 16 19 22 25 28 31 32 34
8 13 14 15 17 22 27 29 30 31 36
9 10 12 16 21 22 23 28 32 34 35
9 11 13 18 19 22 25 26 31 33 35
8 10 11 14 18 22 26 30 33 34 36
6 8 11 16 20 22 24 28 33 36 38
6 10 11 16 20 22 24 28 33 34 38
8 9 13 15 16 22 28 29 31 35 36
8 9 13 16 19 22 25 28 31 35 36
5 13 14 15 17 22 27 29 30 31 39
9 13 14 16 19 22 25 28 30 31 35
5 14 15 17 19 22 25 27 29 30 39
7 13 15 18 19 22 25 26 29 31 37
9 13 14 15 21 22 23 29 30 31 35
9 10 13 15 20 22 24 29 31 34 35
7 9 13 14 17 22 27 30 31 35 37
9 10 13 17 21 22 23 27 31 34 35
6 13 16 18 20 22 24 26 28 31 38
10 12 14 15 18 22 26 29 30 32 34
9 13 14 15 17 22 27 29 30 31 35
7 10 13 15 20 22 24 29 31 34 37
9 12 13 16 21 22 23 28 31 32 35
10 12 13 14 18 22 26 30 31 32 34
9 10 13 17 19 22 25 27 31 34 35
7 9 15 18 19 22 25 26 29 35 37
9 12 13 15 20 22 24 29 31 32 35
8 11 12 14 20 22 24 30 32 33 36
8 10 11 14 20 22 24 30 33 34 36
8 12 13 14 18 22 26 30 31 32 36
10 12 16 17 18 22 26 27 28 32 34
8 12 14 15 18 22 26 29 30 32 36
8 10 14 15 20 22 24 29 30 34 36
8 10 14 17 20 22 24 27 30 34 36
8 10 13 14 18 22 26 30 31 34 36
7 10 12 15 18 22 26 29 32 34 37
6 9 13 16 20 22 24 28 31 35 38
8 9 10 13 14 22 30 31 34 35 36
8 9 12 13 14 22 30 31 32 35 36
5 7 15 17 18 22 26 27 29 37 39
5 9 13 16 17 22 27 28 31 35 39
5 6 7 15 17 22 27 29 37 38 39
5 9 13 17 20 22 24 27 31 35 39
7 9 10 13 15 22 29 31 34 35 37
7 9 12 13 15 22 29 31 32 35 37
7 10 11 15 20 22 24 29 33 34 37
9 11 12 13 16 22 28 31 32 33 35
8 9 12 13 16 22 28 31 32 35 36
9 12 13 16 20 22 24 28 31 32 35
6 9 10 12 13 22 31 32 34 35 38
9 10 12 13 16 22 28 31 32 34 35
5 6 14 16 17 22 27 28 30 38 39
5 6 8 16 17 22 27 28 36 38 39
6 9 13 14 16 22 28 30 31 35 38
7 10 12 15 16 22 28 29 32 34 37
8 14 15 18 20 22 24 26 29 30 36
10 12 16 17 21 22 23 27 28 32 34
8 14 15 18 19 22 25 26 29 30 36
6 7 8 16 19 22 25 28 36 37 38
8 14 15 17 18 22 26 27 29 30 36
9 10 12 16 17 22 27 28 32 34 35
7 8 11 15 16 22 28 29 33 36 37
8 9 11 13 18 22 26 31 33 35 36
8 11 12 14 16 22 28 30 32 33 36
5 12 16 17 20 22 24 27 28 32 39
6 10 16 17 20 22 24 27 28 34 38
6 8 14 15 20 22 24 29 30 36 38
6 10 14 16 18 22 26 28 30 34 38
6 10 16 19 20 22 24 25 28 34 38
7 8 15 16 18 22 26 28 29 36 37
8 14 16 18 20 22 24 26 28 30 36
10 12 14 17 20 22 24 27 30 32 34
8 12 14 15 16 22 28 29 30 32 36
6 14 16 18 19 22 25 26 28 30 38
10 12 13 16 17 22 27 28 31 32 34
7 8 14 17 18 22 26 27 30 36 37
10 12 16 17 19 22 25 27 28 32 34
10 11 12 14 16 22 28 30 32 33 34
8 10 11 12 16 22 28 32 33 34 36
8 10 14 18 20 22 24 26 30 34 36
5 6 12 14 17 22 27 30 32 38 39
6 9 10 16 17 22 27 28 34 35 38
6 8 10 14 19 22 25 30 34 36 38
7 8 15 17 18 22 26 27 29 36 37
5 12 13 16 17 22 27 28 31 32 39
5 12 16 17 19 22 25 27 28 32 39
7 10 15 17 19 22 25 27 29 34 37
9 13 14 15 16 22 28 29 30 31 35
6 8 16 19 20 22 24 25 28 36 38
8 10 14 15 18 22 26 29 30 34 36
6 10 14 15 16 22 28 29 30 34 38
6 7 8 15 21 22 23 29 36 37 38
4 6 10 14 18 22 26 30 34 38 40
6 10 13 16 17 22 27 28 31 34 38
6 10 15 16 17 22 27 28 29 34 38
4 9 13 14 20 22 24 30 31 35 40
6 7 8 15 18 22 26 29 36 37 38
7 8 12 15 18 22 26 29 32 36 37
5 12 16 17 18 22 26 27 28 32 39
7 8 15 18 20 22 24 26 29 36 37
5 12 14 15 17 22 27 29 30 32 39
10 12 15 17 19 22 25 27 29 32 34
7 10 12 16 17 22 27 28 32 34 37
7 8 14 18 21 22 23 26 30 36 37
8 10 14 17 18 22 26 27 30 34 36
8 13 14 16 18 22 26 28 30 31 36
6 8 13 14 19 22 25 30 31 36 38
7 8 13 15 21 22 23 29 31 36 37
6 9 11 14 21 22 23 30 33 35 38
10 11 15 16 19 22 25 28 29 33 34
9 11 16 19 21 22 23 25 28 33 35
11 13 15 16 21 22 23 28 29 31 33
11 12 15 17 19 22 25 27 29 32 33
10 11 13 15 16 22 28 29 31 33 34
11 13 14 17 21 22 23 27 30 31 33
10 11 16 18 19 22 25 26 28 33 34
11 12 14 17 18 22 26 27 30 32 33
11 12 13 17 19 22 25 27 31 32 33
9 11 14 18 21 22 23 26 30 33 35
10 11 16 18 20 22 24 26 28 33 34
11 12 13 15 16 22 28 29 31 32 33
9 11 17 18 19 22 25 26 27 33 35
9 11 17 18 21 22 23 26 27 33 35
9 11 12 17 18 22 26 27 32 33 35
10 11 14 18 20 22 24 26 30 33 34
8 11 15 16 20 22 24 28 29 33 36
8 11 16 20 21 22 23 24 28 33 36
7 11 14 17 21 22 23 27 30 33 37
9 11 14 17 18 22 26 27 30 33 35
11 13 14 17 18 22 26 27 30 31 33
11 12 14 15 17 22 27 29 30 32 33
11 12 14 18 20 22 24 26 30 32 33
11 12 13 18 19 22 25 26 31 32 33
10 11 15 19 20 22 24 25 29 33 34
11 12 15 17 20 22 24 27 29 32 33
10 11 13 14 17 22 27 30 31 33 34
9 10 11 17 18 22 26 27 33 34 35
10 11 14 16 20 22 24 28 30 33 34
11 12 14 15 16 22 28 29 30 32 33
11 12 14 16 20 22 24 28 30 32 33
7 11 12 15 18 22 26 29 32 33 37
7 11 15 18 20 22 24 26 29 33 37
7 11 15 16 18 22 26 28 29 33 37
9 10 13 17 18 22 26 27 31 34 35
7 10 14 15 20 22 24 29 30 34 37
7 8 12 15 20 22 24 29 32 36 37
7 8 10 15 18 22 26 29 34 36 37
4 9 13 16 20 22 24 28 31 35 40
6 8 10 14 16 22 28 30 34 36 38
6 10 12 16 20 22 24 28 32 34 38
7 9 14 15 21 22 23 29 30 35 37
10 11 13 18 21 22 23 26 31 33 34
6 10 11 16 17 22 27 28 33 34 38
8 9 13 17 18 22 26 27 31 35 36
6 12 16 18 20 22 24 26 28 32 38
9 11 14 15 20 22 24 29 30 33 35
8 13 14 15 16 22 28 29 30 31 36
5 11 12 16 17 22 27 28 32 33 39
7 8 11 15 18 22 26 29 33 36 37
6 14 17 20 21 22 23 24 27 30 38
6 13 17 19 21 22 23 25 27 31 38
7 8 16 20 21 22 23 24 28 36 37
12 13 15 17 19 22 25 27 29 31 32
7 8 13 20 21 22 23 24 31 36 37
9 10 14 19 21 22 23 25 30 34 35
7 16 18 19 21 22 23 25 26 28 37
8 15 17 19 21 22 23 25 27 29 36
9 12 15 17 21 22 23 27 29 32 35
8 12 15 17 19 22 25 27 29 32 36
10 13 15 16 19 22 25 28 29 31 34
7 14 18 19 21 22 23 25 26 30 37
8 16 17 19 20 22 24 25 27 28 36
6 9 14 17 21 22 23 27 30 35 38
8 13 15 16 20 22 24 28 29 31 36
9 12 15 17 18 22 26 27 29 32 35
6 10 13 19 21 22 23 25 31 34 38
10 14 15 16 18 22 26 28 29 30 34
8 12 13 16 19 22 25 28 31 32 36
9 10 15 17 20 22 24 27 29 34 35
12 13 14 16 19 22 25 28 30 31 32
9 11 14 16 19 22 25 28 30 33 35
10 11 16 17 18 22 26 27 28 33 34
11 12 15 16 17 22 27 28 29 32 33
10 12 14 15 16 22 28 29 30 32 34
9 11 12 13 21 22 23 31 32 33 35
9 10 11 13 21 22 23 31 33 34 35
9 15 16 19 20 22 24 25 28 29 35
7 10 16 18 19 22 25 26 28 34 37
9 14 17 18 21 22 23 26 27 30 35
9 16 17 18 19 22 25 26 27 28 35
7 10 13 17 21 22 23 27 31 34 37
9 12 14 17 18 22 26 27 30 32 35
8 13 17 19 21 22 23 25 27 31 36
8 9 12 17 21 22 23 27 32 35 36
10 13 15 19 21 22 23 25 29 31 34
6 9 14 20 21 22 23 24 30 35 38
7 10 16 18 21 22 23 26 28 34 37
8 13 16 20 21 22 23 24 28 31 36
6 15 18 20 21 22 23 24 26 29 38
10 13 14 20 21 22 23 24 30 31 34
8 12 13 19 20 22 24 25 31 32 36
9 10 14 19 20 22 24 25 30 34 35
6 9 15 17 18 22 26 27 29 35 38
10 15 16 18 19 22 25 26 28 29 34
10 13 15 16 21 22 23 28 29 31 34
8 9 12 15 17 22 27 29 32 35 36
6 13 14 17 20 22 24 27 30 31 38
8 12 13 19 21 22 23 25 31 32 36
9 15 17 18 20 22 24 26 27 29 35
8 15 16 20 21 22 23 24 28 29 36
7 12 14 19 21 22 23 25 30 32 37
7 16 17 20 21 22 23 24 27 28 37
6 8 9 15 17 22 27 29 35 36 38
8 12 15 17 21 22 23 27 29 32 36
5 9 16 19 20 22 24 25 28 35 39
7 14 17 20 21 22 23 24 27 30 37
9 12 17 18 21 22 23 26 27 32 35
7 12 14 18 21 22 23 26 30 32 37
8 9 12 15 20 22 24 29 32 35 36
8 9 16 19 20 22 24 25 28 35 36
7 13 14 17 21 22 23 27 30 31 37
8 10 15 18 21 22 23 26 29 34 36
7 10 16 17 18 22 26 27 28 34 37
7 10 17 18 19 22 25 26 27 34 37
8 12 13 20 21 22 23 24 31 32 36
7 10 16 17 21 22 23 27 28 34 37
9 10 14 20 21 22 23 24 30 34 35
6 13 14 17 19 22 25 27 30 31 38
7 9 10 16 17 22 27 28 34 35 37
8 12 17 19 20 22 24 25 27 32 36
6 7 10 13 17 22 27 31 34 37 38
8 9 12 17 20 22 24 27 32 35 36
8 12 15 20 21 22 23 24 29 32 36
9 10 16 17 18 22 26 27 28 34 35
9 14 15 16 19 22 25 28 29 30 35
8 12 15 16 17 22 27 28 29 32 36
7 8 12 16 19 22 25 28 32 36 37
9 12 15 16 20 22 24 28 29 32 35
8 10 16 18 20 22 24 26 28 34 36
6 7 13 18 19 22 25 26 31 37 38
8 9 10 17 18 22 26 27 34 35 36
11 12 14 15 18 22 26 29 30 32 33
8 10 13 18 21 22 23 26 31 34 36
7 9 14 16 21 22 23 28 30 35 37
6 12 14 18 20 22 24 26 30 32 38
9 12 14 16 21 22 23 28 30 32 35
8 12 14 16 18 22 26 28 30 32 36
6 8 12 14 20 22 24 30 32 36 38
7 8 15 16 21 22 23 28 29 36 37
6 10 16 18 20 22 24 26 28 34 38
6 15 17 19 21 22 23 25 27 29 38
7 12 13 17 20 22 24 27 31 32 37
6 14 18 19 20 22 24 25 26 30 38
7 12 13 16 19 22 25 28 31 32 37
9 10 15 17 19 22 25 27 29 34 35
7 8 9 16 19 22 25 28 35 36 37
5 7 9 14 19 22 25 30 35 37 39
6 12 13 14 18 22 26 30 31 32 38
6 12 14 18 19 22 25 26 30 32 38
12 14 15 16 18 22 26 28 29 30 32
8 10 13 16 18 22 26 28 31 34 36
8 12 13 18 20 22 24 26 31 32 36
8 10 16 17 18 22 26 27 28 34 36
10 14 15 17 20 22 24 27 29 30 34
10 13 14 16 18 22 26 28 30 31 34
10 13 16 17 18 22 26 27 28 31 34
9 12 14 15 18 22 26 29 30 32 35
10 14 16 17 18 22 26 27 28 30 34
12 13 14 15 18 22 26 29 30 31 32
12 13 14 16 18 22 26 28 30 31 32
8 12 16 18 20 22 24 26 28 32 36
6 12 14 15 18 22 26 29 30 32 38
4 8 12 16 20 22 24 28 32 36 40
9 13 14 18 21 22 23 26 30 31 35
9 12 13 18 19 22 25 26 31 32 35
9 12 13 18 21 22 23 26 31 32 35
7 10 14 15 19 22 25 29 30 34 37
10 12 13 19 20 22 24 25 31 32 34
11 13 15 16 17 22 27 28 29 31 33
7 11 17 18 20 22 24 26 27 33 37
8 11 13 20 21 22 23 24 31 33 36
11 13 15 16 20 22 24 28 29 31 33
11 12 13 19 21 22 23 25 31 32 33
10 11 15 18 19 22 25 26 29 33 34
11 13 14 17 20 22 24 27 30 31 33
10 11 15 19 21 22 23 25 29 33 34
11 12 13 14 19 22 25 30 31 32 33
7 8 9 13 15 22 29 31 35 36 37
7 9 13 14 15 22 29 30 31 35 37
11 15 16 17 18 22 26 27 28 29 33
11 12 15 18 21 22 23 26 29 32 33
7 8 12 15 19 22 25 29 32 36 37
6 8 9 14 17 22 27 30 35 36 38
7 10 13 15 21 22 23 29 31 34 37
5 9 16 17 19 22 25 27 28 35 39
8 9 10 14 19 22 25 30 34 35 36
8 10 12 15 21 22 23 29 32 34 36
10 12 13 14 17 22 27 30 31 32 34
8 9 10 12 17 22 27 32 34 35 36
6 9 10 15 16 22 28 29 34 35 38
5 12 13 14 17 22 27 30 31 32 39
5 12 14 17 19 22 25 27 30 32 39
6 9 14 16 21 22 23 28 30 35 38
10 12 13 15 16 22 28 29 31 32 34
7 10 12 16 21 22 23 28 32 34 37
10 12 13 16 21 22 23 28 31 32 34
8 14 15 17 19 22 25 27 29 30 36
7 8 9 14 17 22 27 30 35 36 37
8 9 13 14 18 22 26 30 31 35 36
6 7 8 15 16 22 28 29 36 37 38
9 10 12 15 20 22 24 29 32 34 35
8 9 14 16 19 22 25 28 30 35 36
6 9 13 18 20 22 24 26 31 35 38
7 12 14 15 18 22 26 29 30 32 37
8 11 14 15 18 22 26 29 30 33 36
10 11 12 16 17 22 27 28 32 33 34
3 7 15 18 19 22 25 26 29 37 41
7 9 13 15 20 22 24 29 31 35 37
8 10 12 14 18 22 26 30 32 34 36
4 10 12 16 18 22 26 28 32 34 40
9 10 12 13 21 22 23 31 32 34 35
6 7 8 14 15 22 29 30 36 37 38
7 8 11 15 19 22 25 29 33 36 37
6 10 11 16 21 22 23 28 33 34 38
7 8 12 15 16 22 28 29 32 36 37
8 9 13 16 18 22 26 28 31 35 36
7 8 14 15 16 22 28 29 30 36 37
8 10 12 14 17 22 27 30 32 34 36
8 10 12 14 15 22 29 30 32 34 36
9 10 13 18 21 22 23 26 31 34 35
8 13 14 16 21 22 23 28 30 31 36
9 13 15 16 18 22 26 28 29 31 35
10 12 15 19 20 22 24 25 29 32 34
9 13 16 18 19 22 25 26 28 31 35
9 10 13 18 19 22 25 26 31 34 35
9 13 15 18 20 22 24 26 29 31 35
9 10 12 20 21 22 23 24 32 34 35
7 14 15 18 19 22 25 26 29 30 37
10 12 13 20 21 22 23 24 31 32 34
9 10 12 19 20 22 24 25 32 34 35
11 12 14 18 21 22 23 26 30 32 33
9 11 14 19 21 22 23 25 30 33 35
8 11 12 13 19 22 25 31 32 33 36
9 11 14 20 21 22 23 24 30 33 35
9 11 16 19 20 22 24 25 28 33 35
8 11 13 19 21 22 23 25 31 33 36
9 10 11 14 19 22 25 30 33 34 35
6 11 13 14 17 22 27 30 31 33 38
10 11 15 16 18 22 26 28 29 33 34
9 11 16 17 19 22 25 27 28 33 35
10 11 16 18 21 22 23 26 28 33 34
11 12 15 17 21 22 23 27 29 32 33
11 12 15 17 18 22 26 27 29 32 33
11 12 14 18 19 22 25 26 30 32 33
11 13 14 17 19 22 25 27 30 31 33
7 8 12 15 17 22 27 29 32 36 37
6 7 8 13 15 22 29 31 36 37 38
7 8 10 15 19 22 25 29 34 36 37
7 9 12 15 21 22 23 29 32 35 37
5 7 15 18 21 22 23 26 29 37 39
9 12 13 15 17 22 27 29 31 32 35
8 9 11 13 19 22 25 31 33 35 36
9 11 13 14 19 22 25 30 31 33 35
6 7 16 18 19 22 25 26 28 37 38
8 10 12 17 19 22 25 27 32 34 36
7 10 12 14 21 22 23 30 32 34 37
7 9 10 13 17 22 27 31 34 35 37
10 11 14 19 21 22 23 25 30 33 34
9 11 16 17 20 22 24 27 28 33 35
7 8 13 15 20 22 24 29 31 36 37
6 10 13 15 16 22 28 29 31 34 38
7 8 15 17 20 22 24 27 29 36 37
6 10 15 16 21 22 23 28 29 34 38
8 12 13 14 19 22 25 30 31 32 36
8 11 12 14 21 22 23 30 32 33 36
10 11 12 15 18 22 26 29 32 33 34
5 13 15 16 17 22 27 28 29 31 39
6 7 15 18 20 22 24 26 29 37 38
5 6 14 17 20 22 24 27 30 38 39
9 11 13 16 17 22 27 28 31 33 35
7 10 11 15 21 22 23 29 33 34 37
10 11 12 14 19 22 25 30 32 33 34
8 11 13 14 20 22 24 30 31 33 36
6 13 14 16 17 22 27 28 30 31 38
7 8 12 14 19 22 25 30 32 36 37
8 10 14 15 19 22 25 29 30 34 36
8 12 14 15 17 22 27 29 30 32 36
8 9 12 13 20 22 24 31 32 35 36
9 10 13 14 20 22 24 30 31 34 35
7 9 15 17 18 22 26 27 29 35 37
7 10 12 14 15 22 29 30 32 34 37
7 8 10 12 15 22 29 32 34 36 37
9 10 12 13 18 22 26 31 32 34 35
5 8 12 14 17 22 27 30 32 36 39
6 8 10 12 14 22 30 32 34 36 38
10 12 13 17 19 22 25 27 31 32 34
10 12 14 17 18 22 26 27 30 32 34
6 14 16 17 21 22 23 27 28 30 38
9 10 12 17 21 22 23 27 32 34 35
10 12 15 16 19 22 25 28 29 32 34
8 10 12 14 16 22 28 30 32 34 36
7 8 15 17 19 22 25 27 29 36 37
6 10 13 16 21 22 23 28 31 34 38
7 8 9 15 17 22 27 29 35 36 37
9 10 13 16 18 22 26 28 31 34 35
5 12 14 17 18 22 26 27 30 32 39
7 8 13 15 16 22 28 29 31 36 37
7 13 14 15 17 22 27 29 30 31 37
7 9 13 18 19 22 25 26 31 35 37
8 9 10 13 18 22 26 31 34 35 36
9 12 13 14 18 22 26 30 31 32 35
4 9 10 13 14 22 30 31 34 35 40
7 8 15 16 20 22 24 28 29 36 37
8 9 13 18 21 22 23 26 31 35 36
4 6 14 18 20 22 24 26 30 38 40
6 9 10 16 19 22 25 28 34 35 38
7 10 12 15 19 22 25 29 32 34 37
8 9 13 14 17 22 27 30 31 35 36
4 10 12 14 18 22 26 30 32 34 40
8 10 12 14 20 22 24 30 32 34 36
5 6 16 17 21 22 23 27 28 38 39
8 9 13 14 21 22 23 30 31 35 36
7 8 14 15 21 22 23 29 30 36 37
6 10 12 16 18 22 26 28 32 34 38
6 8 14 16 20 22 24 28 30 36 38
9 11 13 15 18 22 26 29 31 33 35
10 11 12 13 20 22 24 31 32 33 34
6 12 14 16 18 22 26 28 30 32 38
6 8 14 18 20 22 24 26 30 36 38
4 12 16 18 20 22 24 26 28 32 40
6 8 10 16 18 22 26 28 34 36 38
8 10 12 16 18 22 26 28 32 34 36
5 6 10 16 17 22 27 28 34 38 39
8 11 13 14 21 22 23 30 31 33 36
8 9 11 13 21 22 23 31 33 35 36
9 11 12 13 19 22 25 31 32 33 35
9 10 11 13 19 22 25 31 33 34 35
9 11 13 16 19 22 25 28 31 33 35
10 11 12 15 19 22 25 29 32 33 34
5 12 15 16 17 22 27 28 29 32 39
6 10 16 17 18 22 26 27 28 34 38
7 8 15 18 21 22 23 26 29 36 37
6 8 14 19 20 22 24 25 30 36 38
10 11 12 15 17 22 27 29 32 33 34
7 8 11 15 21 22 23 29 33 36 37
6 10 11 16 18 22 26 28 33 34 38
6 8 11 14 20 22 24 30 33 36 38
8 14 15 18 21 22 23 26 29 30 36
7 10 11 15 17 22 27 29 33 34 37
10 11 12 16 18 22 26 28 32 33 34
8 11 12 14 18 22 26 30 32 33 36
10 12 15 16 17 22 27 28 29 32 34
8 11 13 14 18 22 26 30 31 33 36
6 10 11 14 16 22 28 30 33 34 38
10 11 12 16 20 22 24 28 32 33 34
9 10 11 15 20 22 24 29 33 34 35
6 10 16 18 19 22 25 26 28 34 38
8 14 15 16 20 22 24 28 29 30 36
10 11 13 17 21 22 23 27 31 33 34
7 11 13 18 19 22 25 26 31 33 37
9 11 12 16 21 22 23 28 32 33 35
4 12 14 18 20 22 24 26 30 32 40
10 12 14 16 20 22 24 28 30 32 34
9 11 13 17 18 22 26 27 31 33 35
6 10 12 16 19 22 25 28 32 34 38
6 8 10 12 16 22 28 32 34 36 38
6 10 12 14 16 22 28 30 32 34 38
9 10 11 13 20 22 24 31 33 34 35
9 11 12 13 20 22 24 31 32 33 35
8 11 14 16 20 22 24 28 30 33 36
10 11 12 14 20 22 24 30 32 33 34
10 11 12 17 21 22 23 27 32 33 34
8 11 14 15 19 22 25 29 30 33 36
8 11 14 18 19 22 25 26 30 33 36
10 11 12 16 21 22 23 28 32 33 34
7 11 13 15 18 22 26 29 31 33 37
10 12 13 16 18 22 26 28 31 32 34
5 12 14 16 17 22 27 28 30 32 39
8 12 14 15 20 22 24 29 30 32 36
7 8 14 15 18 22 26 29 30 36 37
5 10 12 16 17 22 27 28 32 34 39
6 10 12 16 17 22 27 28 32 34 38
5 8 12 16 17 22 27 28 32 36 39
7 8 13 15 18 22 26 29 31 36 37
6 10 14 16 19 22 25 28 30 34 38
8 14 15 16 18 22 26 28 29 30 36
10 12 16 17 20 22 24 27 28 32 34
6 8 10 16 19 22 25 28 34 36 38
5 9 10 13 17 22 27 31 34 35 39
5 9 12 13 17 22 27 31 32 35 39
6 9 10 13 16 22 28 31 34 35 38
6 8 10 11 16 22 28 33 34 36 38
8 9 13 16 20 22 24 28 31 35 36
7 10 12 15 20 22 24 29 32 34 37
8 11 14 16 18 22 26 28 30 33 36
10 11 12 17 20 22 24 27 32 33 34
7 10 15 16 18 22 26 28 29 34 37
6 9 13 14 20 22 24 30 31 35 38
5 6 8 14 17 22 27 30 36 38 39
6 8 9 13 14 22 30 31 35 36 38
6 10 11 16 19 22 25 28 33 34 38
6 7 12 15 18 22 26 29 32 37 38
9 10 12 13 20 22 24 31 32 34 35
8 9 13 14 16 22 28 30 31 35 36
4 7 9 13 15 22 29 31 35 37 40
7 9 13 15 18 22 26 29 31 35 37
8 9 14 15 18 22 26 29 30 35 36
8 13 14 15 18 22 26 29 30 31 36
8 10 12 16 17 22 27 28 32 34 36
7 9 11 13 15 22 29 31 33 35 37
5 9 11 13 17 22 27 31 33 35 39
9 10 11 12 13 22 31 32 33 34 35
8 10 11 12 14 22 30 32 33 34 36
8 9 11 13 14 22 30 31 33 35 36
7 10 11 12 15 22 29 32 33 34 37
7 8 11 14 15 22 29 30 33 36 37
6 10 11 12 16 22 28 32 33 34 38
6 10 16 17 19 22 25 27 28 34 38
6 10 14 16 17 22 27 28 30 34 38
6 8 10 16 17 22 27 28 34 36 38
6 7 8 14 19 22 25 30 36 37 38
10 12 14 16 17 22 27 28 30 32 34
6 7 9 13 15 22 29 31 35 37 38
7 9 13 15 16 22 28 29 31 35 37
5 9 13 17 18 22 26 27 31 35 39
5 7 12 15 17 22 27 29 32 37 39
5 8 9 13 17 22 27 31 35 36 39
5 9 13 14 17 22 27 30 31 35 39
6 10 13 16 18 22 26 28 31 34 38
6 8 16 18 20 22 24 26 28 36 38
5 6 12 16 17 22 27 28 32 38 39
6 10 14 16 20 22 24 28 30 34 38
10 12 14 16 18 22 26 28 30 32 34
10 12 14 15 20 22 24 29 30 32 34
6 8 10 14 20 22 24 30 34 36 38
7 11 12 13 19 22 25 31 32 33 37
9 10 11 16 19 22 25 28 33 34 35
6 11 14 18 20 22 24 26 30 33 38
9 10 11 15 19 22 25 29 33 34 35
8 11 13 15 21 22 23 29 31 33 36
7 9 11 14 21 22 23 30 33 35 37
11 13 14 15 16 22 28 29 30 31 33
11 12 14 16 18 22 26 28 30 32 33
6 11 12 14 18 22 26 30 32 33 38
8 9 11 17 18 22 26 27 33 35 36
8 10 11 16 18 22 26 28 33 34 36
6 8 12 16 20 22 24 28 32 36 38
9 10 11 17 19 22 25 27 33 34 35
10 11 15 17 19 22 25 27 29 33 34
11 13 14 15 17 22 27 29 30 31 33
11 12 13 16 19 22 25 28 31 32 33
10 11 14 17 20 22 24 27 30 33 34
8 11 16 18 20 22 24 26 28 33 36
10 11 13 16 18 22 26 28 31 33 34
8 11 13 15 16 22 28 29 31 33 36
11 12 13 14 18 22 26 30 31 32 33
10 11 14 16 18 22 26 28 30 33 34
8 11 12 18 20 22 24 26 32 33 36
10 11 14 15 20 22 24 29 30 33 34
8 11 12 16 20 22 24 28 32 33 36
8 12 14 16 20 22 24 28 30 32 36
8 10 12 16 20 22 24 28 32 34 36
7 10 12 17 20 22 24 27 32 34 37
8 10 14 16 18 22 26 28 30 34 36
5 6 11 16 17 22 27 28 33 38 39
