13 14 22 23 31 32
10 17 19 26 28 35
11 16 20 25 29 34
19 20 22 23 25 26
19 20 21 24 25 26
18 21 22 23 24 27
18 20 22 23 25 27
19 21 22 23 24 26
13 17 21 24 28 32
11 12 19 26 33 34
14 16 18 27 29 31
18 20 21 24 25 27
12 16 18 27 29 33
18 19 22 23 26 27
11 16 19 26 29 34
12 17 18 27 28 33
14 16 19 26 29 31
13 17 18 27 28 32
20 21 22 23 24 25
17 21 22 23 24 28
6 21 22 23 24 39
16 20 22 23 25 29
16 21 22 23 24 29
16 18 19 26 27 29
17 19 22 23 26 28
12 18 19 26 27 33
16 17 20 25 28 29
6 19 21 24 26 39
17 18 20 25 27 28
13 17 22 23 28 32
14 16 21 24 29 31
12 18 22 23 27 33
12 13 17 28 32 33
18 19 21 24 26 27
17 20 21 24 25 28
14 16 20 25 29 31
11 19 20 25 26 34
13 17 20 25 28 32
7 8 22 23 37 38
16 18 22 23 27 29
16 19 20 25 26 29
12 17 19 26 28 33
18 19 20 25 26 27
17 18 22 23 27 28
14 19 21 24 26 31
13 14 21 24 31 32
14 16 22 23 29 31
14 18 20 25 27 31
12 19 20 25 26 33
17 18 19 26 27 28
13 18 22 23 27 32
16 18 20 25 27 29
17 19 20 25 26 28
6 20 21 24 25 39
17 19 21 24 26 28
14 21 22 23 24 31
14 20 21 24 25 31
13 20 22 23 25 32
12 16 20 25 29 33
16 17 19 26 28 29
16 19 21 24 26 29
14 20 22 23 25 31
11 12 20 25 33 34
16 17 21 24 28 29
16 19 22 23 26 29
16 18 21 24 27 29
12 13 22 23 32 33
17 20 22 23 25 28
17 18 21 24 27 28
12 18 20 25 27 33
13 20 21 24 25 32
13 21 22 23 24 32
16 20 21 24 25 29
11 20 21 24 25 34
6 9 21 24 36 39
15 19 21 24 26 30
15 18 22 23 27 30
15 17 22 23 28 30
15 17 21 24 28 30
15 20 22 23 25 30
15 20 21 24 25 30
15 18 19 26 27 30
15 16 21 24 29 30
15 18 20 25 27 30
15 17 19 26 28 30
15 19 22 23 26 30
15 16 20 25 29 30
15 19 20 25 26 30
15 21 22 23 24 30
13 15 22 23 30 32
15 18 21 24 27 30
12 17 21 24 28 33
12 19 21 24 26 33
14 16 17 28 29 31
13 17 19 26 28 32
12 21 22 23 24 33
11 17 20 25 28 34
12 20 21 24 25 33
14 17 20 25 28 31
10 20 22 23 25 35
10 16 20 25 29 35
14 17 19 26 28 31
12 16 21 24 29 33
14 17 22 23 28 31
10 19 20 25 26 35
10 20 21 24 25 35
14 17 18 27 28 31
10 18 20 25 27 35
13 16 20 25 29 32
13 16 22 23 29 32
14 17 21 24 28 31
13 14 17 28 31 32
13 16 17 28 29 32
13 19 21 24 26 32
13 18 19 26 27 32
12 13 19 26 32 33
13 19 22 23 26 32
12 18 21 24 27 33
9 18 22 23 27 36
9 18 21 24 27 36
9 18 20 25 27 36
13 16 19 26 29 32
6 12 21 24 33 39
6 18 21 24 27 39
10 13 22 23 32 35
12 13 20 25 32 33
11 14 20 25 31 34
8 14 22 23 31 37
14 15 16 29 30 31
13 14 18 27 31 32
10 17 18 27 28 35
10 14 21 24 31 35
12 14 19 26 31 33
12 16 17 28 29 33
12 15 18 27 30 33
11 12 22 23 33 34
9 12 21 24 33 36
11 16 18 27 29 34
12 15 21 24 30 33
14 15 17 28 30 31
9 15 18 27 30 36
6 15 21 24 30 39
10 15 20 25 30 35
5 10 20 25 35 40
