7 9 11 13 15 17 19 21 23 25
5 7 9 11 15 17 21 23 25 27
5 7 9 11 13 19 21 23 25 27
3 5 11 13 15 17 19 21 27 29
5 9 11 13 15 17 19 21 23 27
3 9 11 13 15 17 19 21 23 29
5 7 11 13 15 17 19 21 25 27
6 7 8 9 10 22 23 24 25 26
4 7 9 12 15 17 20 23 25 28
3 5 11 12 13 19 20 21 27 29
11 12 13 14 15 17 18 19 20 21
6 7 8 9 11 21 23 24 25 26
5 7 8 9 11 21 23 24 25 27
7 8 9 10 11 21 22 23 24 25
10 12 13 14 15 17 18 19 20 22
6 8 9 10 11 21 22 23 24 26
6 7 9 10 11 21 22 23 25 26
6 8 10 13 15 17 19 22 24 26
10 11 13 14 15 17 18 19 21 22
9 11 13 14 15 17 18 19 21 23
5 8 11 12 14 18 20 21 24 27
4 7 9 10 12 20 22 23 25 28
6 10 13 14 15 17 18 19 22 26
8 12 13 14 15 17 18 19 20 24
4 11 12 13 14 18 19 20 21 28
2 6 10 14 15 17 18 22 26 30
9 12 13 14 15 17 18 19 20 23
8 11 12 14 15 17 18 20 21 24
10 11 12 14 15 17 18 20 21 22
10 11 12 13 14 18 19 20 21 22
10 11 12 13 15 17 19 20 21 22
4 10 11 12 13 19 20 21 22 28
8 10 12 13 15 17 19 20 22 24
4 9 12 14 15 17 18 20 23 28
7 8 9 10 12 20 22 23 24 25
5 6 8 9 11 21 23 24 26 27
8 11 13 14 15 17 18 19 21 24
9 11 12 13 15 17 19 20 21 23
7 11 12 13 15 17 19 20 21 25
5 11 12 13 15 17 19 20 21 27
5 11 13 14 15 17 18 19 21 27
7 9 12 13 15 17 19 20 23 25
7 11 13 14 15 17 18 19 21 25
7 11 12 14 15 17 18 20 21 25
5 11 12 13 14 18 19 20 21 27
4 7 9 10 15 17 22 23 25 28
5 11 12 14 15 17 18 20 21 27
8 10 13 14 15 17 18 19 22 24
5 9 11 12 13 19 20 21 23 27
7 9 11 12 15 17 20 21 23 25
7 8 9 10 13 19 22 23 24 25
6 7 8 9 13 19 23 24 25 26
6 7 8 10 13 19 22 24 25 26
5 7 11 14 15 17 18 21 25 27
9 11 12 14 15 17 18 20 21 23
9 10 13 14 15 17 18 19 22 23
7 9 10 12 15 17 20 22 23 25
7 12 13 14 15 17 18 19 20 25
9 10 12 13 15 17 19 20 22 23
9 11 12 13 14 18 19 20 21 23
6 7 9 12 15 17 20 23 25 26
4 7 10 12 15 17 20 22 25 28
6 8 10 11 15 17 21 22 24 26
4 6 8 10 15 17 22 24 26 28
8 10 11 13 15 17 19 21 22 24
7 8 9 13 14 18 19 23 24 25
9 10 12 14 15 17 18 20 22 23
6 10 11 13 14 18 19 21 22 26
7 8 9 11 13 19 21 23 24 25
5 7 8 11 15 17 21 24 25 27
6 7 9 11 13 19 21 23 25 26
5 6 10 14 15 17 18 22 26 27
8 9 13 14 15 17 18 19 23 24
3 6 10 14 15 17 18 22 26 29
6 10 11 14 15 17 18 21 22 26
6 9 10 14 15 17 18 22 23 26
6 7 10 14 15 17 18 22 25 26
4 7 9 10 11 21 22 23 25 28
5 8 9 11 12 20 21 23 24 27
7 8 13 14 15 17 18 19 24 25
7 8 9 12 13 19 20 23 24 25
5 8 11 12 15 17 20 21 24 27
5 8 12 14 15 17 18 20 24 27
7 8 9 11 12 20 21 23 24 25
7 10 13 14 15 17 18 19 22 25
8 9 11 14 15 17 18 21 23 24
4 7 9 12 14 18 20 23 25 28
9 10 11 14 15 17 18 21 22 23
4 7 8 9 12 20 23 24 25 28
6 7 10 13 14 18 19 22 25 26
7 10 11 13 14 18 19 21 22 25
6 7 10 11 14 18 21 22 25 26
4 10 12 14 15 17 18 20 22 28
4 10 12 13 14 18 19 20 22 28
6 9 10 11 14 18 21 22 23 26
4 5 9 11 13 19 21 23 27 28
5 6 7 11 15 17 21 25 26 27
5 8 11 13 15 17 19 21 24 27
3 11 13 14 15 17 18 19 21 29
5 6 9 10 11 21 22 23 26 27
9 10 12 13 14 18 19 20 22 23
7 8 12 13 14 18 19 20 24 25
6 8 10 14 15 17 18 22 24 26
5 6 8 11 15 17 21 24 26 27
5 7 9 12 15 17 20 23 25 27
7 8 9 11 15 17 21 23 24 25
5 8 9 11 13 19 21 23 24 27
4 9 12 13 15 17 19 20 23 28
6 8 9 10 15 17 22 23 24 26
8 9 12 13 14 18 19 20 23 24
5 7 11 12 13 19 20 21 25 27
4 11 12 13 15 17 19 20 21 28
7 8 9 13 15 17 19 23 24 25
5 7 11 12 15 17 20 21 25 27
7 8 10 13 15 17 19 22 24 25
5 6 11 14 15 17 18 21 26 27
4 7 9 11 15 17 21 23 25 28
5 7 9 12 13 19 20 23 25 27
4 7 9 10 13 19 22 23 25 28
6 7 9 11 15 17 21 23 25 26
4 6 10 12 15 17 20 22 26 28
6 8 10 11 13 19 21 22 24 26
5 6 10 11 14 18 21 22 26 27
5 6 8 10 11 21 22 24 26 27
6 9 10 13 14 18 19 22 23 26
5 6 10 13 14 18 19 22 26 27
7 10 12 14 15 17 18 20 22 25
8 9 11 12 14 18 20 21 23 24
7 9 13 14 15 17 18 19 23 25
5 7 9 10 11 21 22 23 25 27
6 7 9 10 12 20 22 23 25 26
6 7 9 10 14 18 22 23 25 26
7 9 12 14 15 17 18 20 23 25
5 10 11 12 13 19 20 21 22 27
5 10 11 12 14 18 20 21 22 27
6 8 10 12 15 17 20 22 24 26
7 8 10 11 12 20 21 22 24 25
8 10 11 12 15 17 20 21 22 24
4 5 6 11 13 19 21 26 27 28
8 10 11 14 15 17 18 21 22 24
7 9 10 11 15 17 21 22 23 25
9 10 11 12 15 17 20 21 22 23
5 9 11 13 14 18 19 21 23 27
5 7 9 10 15 17 22 23 25 27
5 7 9 10 13 19 22 23 25 27
7 9 10 11 13 19 21 22 23 25
7 10 11 13 15 17 19 21 22 25
7 10 11 12 15 17 20 21 22 25
7 9 10 11 12 20 21 22 23 25
4 9 12 13 14 18 19 20 23 28
5 9 13 14 15 17 18 19 23 27
5 9 12 13 14 18 19 20 23 27
5 6 7 10 15 17 22 25 26 27
4 6 10 14 15 17 18 22 26 28
8 9 10 11 12 20 21 22 23 24
8 10 12 14 15 17 18 20 22 24
8 10 12 13 14 18 19 20 22 24
8 9 12 14 15 17 18 20 23 24
7 8 12 14 15 17 18 20 24 25
6 8 9 10 14 18 22 23 24 26
7 8 9 12 15 17 20 23 24 25
5 8 11 12 13 19 20 21 24 27
4 6 10 12 13 19 20 22 26 28
5 6 9 11 13 19 21 23 26 27
7 9 10 12 14 18 20 22 23 25
6 7 11 12 13 19 20 21 25 26
5 10 12 14 15 17 18 20 22 27
6 7 12 13 15 17 19 20 25 26
3 9 10 13 14 18 19 22 23 29
6 9 11 14 15 17 18 21 23 26
4 8 9 10 13 19 22 23 24 28
4 9 10 12 13 19 20 22 23 28
8 9 10 11 13 19 21 22 23 24
8 9 10 13 14 18 19 22 23 24
7 8 12 13 15 17 19 20 24 25
4 6 9 10 15 17 22 23 26 28
5 9 11 12 15 17 20 21 23 27
4 10 11 12 15 17 20 21 22 28
7 10 12 13 15 17 19 20 22 25
6 9 12 14 15 17 18 20 23 26
4 6 10 13 15 17 19 22 26 28
6 9 10 13 15 17 19 22 23 26
9 10 11 12 13 19 20 21 22 23
6 7 8 12 13 19 20 24 25 26
8 11 12 13 14 18 19 20 21 24
4 12 13 14 15 17 18 19 20 28
4 7 11 12 14 18 20 21 25 28
8 9 11 13 14 18 19 21 23 24
4 10 12 13 15 17 19 20 22 28
6 8 12 14 15 17 18 20 24 26
6 7 9 12 13 19 20 23 25 26
6 8 11 12 14 18 20 21 24 26
5 7 12 14 15 17 18 20 25 27
6 9 10 11 15 17 21 22 23 26
6 7 8 9 14 18 23 24 25 26
5 8 10 11 12 20 21 22 24 27
5 10 12 13 14 18 19 20 22 27
8 9 10 12 13 19 20 22 23 24
8 9 10 14 15 17 18 22 23 24
4 7 12 13 14 18 19 20 25 28
7 8 11 12 13 19 20 21 24 25
6 8 11 13 15 17 19 21 24 26
8 10 11 13 14 18 19 21 22 24
5 6 9 11 12 20 21 23 26 27
8 9 11 12 15 17 20 21 23 24
7 9 10 12 13 19 20 22 23 25
3 10 11 13 14 18 19 21 22 29
8 9 11 12 13 19 20 21 23 24
5 6 11 13 14 18 19 21 26 27
6 9 11 12 14 18 20 21 23 26
6 10 11 12 15 17 20 21 22 26
5 6 10 11 12 20 21 22 26 27
7 8 9 14 15 17 18 23 24 25
6 7 11 12 14 18 20 21 25 26
7 8 11 13 15 17 19 21 24 25
4 5 6 11 15 17 21 26 27 28
6 7 8 9 15 17 23 24 25 26
7 8 9 10 15 17 22 23 24 25
7 10 11 12 14 18 20 21 22 25
6 9 11 12 15 17 20 21 23 26
5 6 8 11 13 19 21 24 26 27
7 8 10 14 15 17 18 22 24 25
4 6 10 11 15 17 21 22 26 28
4 6 11 13 15 17 19 21 26 28
5 7 9 11 12 20 21 23 25 27
7 9 10 13 15 17 19 22 23 25
7 9 11 12 13 19 20 21 23 25
3 10 13 14 15 17 18 19 22 29
6 7 9 10 15 17 22 23 25 26
4 6 9 11 15 17 21 23 26 28
7 10 11 14 15 17 18 21 22 25
4 9 10 13 15 17 19 22 23 28
4 7 9 12 13 19 20 23 25 28
4 9 11 13 15 17 19 21 23 28
5 7 12 13 15 17 19 20 25 27
5 6 9 11 15 17 21 23 26 27
6 8 9 11 15 17 21 23 24 26
5 7 9 11 14 18 21 23 25 27
6 7 11 13 14 18 19 21 25 26
5 6 7 10 13 19 22 25 26 27
6 7 10 11 13 19 21 22 25 26
7 8 11 12 14 18 20 21 24 25
5 6 12 13 14 18 19 20 26 27
3 7 10 14 15 17 18 22 25 29
6 8 9 14 15 17 18 23 24 26
5 6 10 11 15 17 21 22 26 27
5 7 8 12 15 17 20 24 25 27
5 7 12 13 14 18 19 20 25 27
5 7 8 12 13 19 20 24 25 27
5 6 11 12 15 17 20 21 26 27
4 6 10 12 14 18 20 22 26 28
8 11 12 13 15 17 19 20 21 24
6 12 13 14 15 17 18 19 20 26
4 11 12 14 15 17 18 20 21 28
9 10 11 13 15 17 19 21 22 23
5 6 11 12 13 19 20 21 26 27
7 8 10 12 13 19 20 22 24 25
4 6 9 10 11 21 22 23 26 28
6 11 13 14 15 17 18 19 21 26
6 11 12 13 14 18 19 20 21 26
8 9 12 13 15 17 19 20 23 24
6 7 9 11 12 20 21 23 25 26
7 8 10 13 14 18 19 22 24 25
6 11 12 13 15 17 19 20 21 26
6 8 9 11 12 20 21 23 24 26
7 8 9 11 14 18 21 23 24 25
4 10 11 12 14 18 20 21 22 28
7 9 11 14 15 17 18 21 23 25
9 10 11 13 14 18 19 21 22 23
7 10 12 13 14 18 19 20 22 25
4 6 8 10 13 19 22 24 26 28
6 10 12 14 15 17 18 20 22 26
6 7 9 11 14 18 21 23 25 26
6 7 12 14 15 17 18 20 25 26
6 9 13 14 15 17 18 19 23 26
6 10 11 13 15 17 19 21 22 26
7 9 11 13 14 18 19 21 23 25
5 10 11 13 15 17 19 21 22 27
6 9 10 11 13 19 21 22 23 26
4 9 10 12 14 18 20 22 23 28
6 8 10 12 13 19 20 22 24 26
4 8 12 13 14 18 19 20 24 28
4 8 12 14 15 17 18 20 24 28
4 8 11 12 14 18 20 21 24 28
7 9 10 11 14 18 21 22 23 25
6 10 12 13 15 17 19 20 22 26
7 8 9 12 14 18 20 23 24 25
4 6 10 11 14 18 21 22 26 28
9 10 11 12 14 18 20 21 22 23
4 9 10 11 13 19 21 22 23 28
4 6 11 14 15 17 18 21 26 28
6 10 11 12 14 18 20 21 22 26
8 10 11 12 13 19 20 21 22 24
6 8 11 12 13 19 20 21 24 26
7 8 10 11 15 17 21 22 24 25
5 7 10 14 15 17 18 22 25 27
5 6 10 11 13 19 21 22 26 27
6 8 10 13 14 18 19 22 24 26
6 8 10 11 14 18 21 22 24 26
5 8 12 13 14 18 19 20 24 27
3 7 11 14 15 17 18 21 25 29
5 7 10 12 13 19 20 22 25 27
7 9 11 12 14 18 20 21 23 25
5 8 9 13 14 18 19 23 24 27
5 6 7 12 13 19 20 25 26 27
7 11 12 13 14 18 19 20 21 25
4 5 6 9 11 21 23 26 27 28
5 12 13 14 15 17 18 19 20 27
6 11 12 14 15 17 18 20 21 26
4 7 12 13 15 17 19 20 25 28
5 9 12 14 15 17 18 20 23 27
6 7 10 13 15 17 19 22 25 26
7 10 11 12 13 19 20 21 22 25
8 9 10 12 15 17 20 22 23 24
5 9 10 13 14 18 19 22 23 27
6 7 12 13 14 18 19 20 25 26
5 7 10 12 15 17 20 22 25 27
4 9 10 13 14 18 19 22 23 28
8 9 11 13 15 17 19 21 23 24
6 7 9 10 13 19 22 23 25 26
6 7 8 11 13 19 21 24 25 26
5 10 13 14 15 17 18 19 22 27
7 8 9 10 14 18 22 23 24 25
5 6 11 12 14 18 20 21 26 27
6 8 11 14 15 17 18 21 24 26
7 8 11 14 15 17 18 21 24 25
5 9 11 12 14 18 20 21 23 27
4 9 11 12 15 17 20 21 23 28
8 9 10 13 15 17 19 22 23 24
4 7 9 11 12 20 21 23 25 28
4 6 7 10 13 19 22 25 26 28
6 7 8 11 14 18 21 24 25 26
6 7 11 13 15 17 19 21 25 26
5 6 7 11 13 19 21 25 26 27
6 7 9 13 15 17 19 23 25 26
5 6 12 14 15 17 18 20 26 27
4 8 12 13 15 17 19 20 24 28
4 8 11 12 15 17 20 21 24 28
6 7 11 14 15 17 18 21 25 26
5 6 9 11 14 18 21 23 26 27
7 8 11 13 14 18 19 21 24 25
6 7 9 12 14 18 20 23 25 26
4 8 11 12 13 19 20 21 24 28
6 9 11 12 13 19 20 21 23 26
7 8 10 11 14 18 21 22 24 25
4 6 8 10 14 18 22 24 26 28
7 8 10 12 15 17 20 22 24 25
4 6 8 10 12 20 22 24 26 28
3 9 10 11 13 19 21 22 23 29
6 9 11 13 15 17 19 21 23 26
5 6 7 12 15 17 20 25 26 27
5 6 11 13 15 17 19 21 26 27
3 5 11 13 14 18 19 21 27 29
6 9 10 11 12 20 21 22 23 26
4 6 9 10 14 18 22 23 26 28
6 9 10 12 15 17 20 22 23 26
5 9 10 11 13 19 21 22 23 27
5 7 10 11 15 17 21 22 25 27
8 10 11 12 14 18 20 21 22 24
5 10 11 12 15 17 20 21 22 27
6 8 12 13 14 18 19 20 24 26
7 9 10 13 14 18 19 22 23 25
5 9 10 11 12 20 21 22 23 27
6 8 9 12 14 18 20 23 24 26
7 9 12 13 14 18 19 20 23 25
7 9 10 14 15 17 18 22 23 25
6 7 9 14 15 17 18 23 25 26
6 7 10 12 13 19 20 22 25 26
6 10 12 13 14 18 19 20 22 26
4 6 10 11 13 19 21 22 26 28
6 9 12 13 14 18 19 20 23 26
6 10 11 12 13 19 20 21 22 26
8 9 10 11 14 18 21 22 23 24
6 9 10 12 14 18 20 22 23 26
8 9 10 12 14 18 20 22 23 24
4 8 10 12 14 18 20 22 24 28
4 6 10 13 14 18 19 22 26 28
2 6 8 10 14 18 22 24 26 30
2 6 10 12 14 18 20 22 26 30
6 7 9 13 14 18 19 23 25 26
6 8 10 12 14 18 20 22 24 26
3 5 8 11 13 19 21 24 27 29
4 8 10 11 12 20 21 22 24 28
