19 20 21 22 23 24 25
18 20 21 22 23 24 26
18 19 20 22 24 25 26
18 19 21 22 23 25 26
17 20 21 22 23 24 27
17 19 20 22 24 25 27
17 18 20 22 24 26 27
17 19 21 22 23 25 27
17 18 19 22 25 26 27
16 20 21 22 23 24 28
16 18 19 22 25 26 28
16 17 20 22 24 27 28
16 17 21 22 23 27 28
16 19 20 22 24 25 28
15 18 21 22 23 26 29
15 20 21 22 23 24 29
15 19 20 22 24 25 29
15 19 21 22 23 25 29
15 18 19 22 25 26 29
15 16 19 22 25 28 29
15 16 18 22 26 28 29
16 19 21 22 23 25 28
17 18 21 22 23 26 27
16 17 18 22 26 27 28
14 17 21 22 23 27 30
15 17 19 22 25 27 29
14 19 21 22 23 25 30
15 16 20 22 24 28 29
13 19 21 22 23 25 31
14 17 20 22 24 27 30
14 19 20 22 24 25 30
15 17 20 22 24 27 29
10 18 21 22 23 26 34
15 16 17 22 27 28 29
10 15 18 22 26 29 34
16 18 21 22 23 26 28
16 17 19 22 25 27 28
14 18 21 22 23 26 30
15 17 18 22 26 27 29
6 14 18 22 26 30 38
10 14 18 22 26 30 34
13 17 19 22 25 27 31
10 18 19 22 25 26 34
14 17 18 22 26 27 30
13 15 19 22 25 29 31
15 17 21 22 23 27 29
13 19 20 22 24 25 31
13 14 19 22 25 30 31
13 17 21 22 23 27 31
13 20 21 22 23 24 31
13 16 21 22 23 28 31
15 18 20 22 24 26 29
13 16 20 22 24 28 31
14 18 19 22 25 26 30
13 14 20 22 24 30 31
13 16 17 22 27 28 31
12 19 21 22 23 25 32
14 20 21 22 23 24 30
16 18 20 22 24 26 28
14 18 20 22 24 26 30
11 19 21 22 23 25 33
10 11 18 22 26 33 34
11 17 21 22 23 27 33
11 14 18 22 26 30 33
11 15 21 22 23 29 33
11 19 20 22 24 25 33
11 18 21 22 23 26 33
11 18 19 22 25 26 33
11 20 21 22 23 24 33
11 17 19 22 25 27 33
11 16 21 22 23 28 33
11 18 20 22 24 26 33
11 16 20 22 24 28 33
11 17 20 22 24 27 33
11 17 18 22 26 27 33
11 14 20 22 24 30 33
11 16 18 22 26 28 33
14 15 17 22 27 29 30
13 18 21 22 23 26 31
12 17 20 22 24 27 32
12 15 20 22 24 29 32
13 16 18 22 26 28 31
10 17 18 22 26 27 34
10 14 17 22 27 30 34
12 19 20 22 24 25 32
10 17 19 22 25 27 34
14 15 18 22 26 29 30
13 18 20 22 24 26 31
14 16 19 22 25 28 30
12 20 21 22 23 24 32
13 14 16 22 28 30 31
14 16 18 22 26 28 30
12 18 20 22 24 26 32
14 15 20 22 24 29 30
13 15 18 22 26 29 31
14 15 21 22 23 29 30
12 16 21 22 23 28 32
14 15 19 22 25 29 30
14 16 17 22 27 28 30
14 16 20 22 24 28 30
13 18 19 22 25 26 31
13 14 18 22 26 30 31
14 16 21 22 23 28 30
12 16 18 22 26 28 32
10 16 20 22 24 28 34
10 18 20 22 24 26 34
9 13 19 22 25 31 35
9 13 17 22 27 31 35
14 15 16 22 28 29 30
12 14 16 22 28 30 32
12 16 20 22 24 28 32
10 12 15 22 29 32 34
9 13 21 22 23 31 35
10 12 21 22 23 32 34
10 12 19 22 25 32 34
9 13 15 22 29 31 35
10 12 13 22 31 32 34
10 12 14 22 30 32 34
8 14 20 22 24 30 36
10 12 18 22 26 32 34
8 12 14 22 30 32 36
7 10 15 22 29 34 37
9 13 16 22 28 31 35
9 10 13 22 31 34 35
9 12 13 22 31 32 35
9 13 14 22 30 31 35
8 9 13 22 31 35 36
7 15 18 22 26 29 37
9 13 20 22 24 31 35
11 14 15 22 29 30 33
11 12 20 22 24 32 33
11 14 16 22 28 30 33
10 16 18 22 26 28 34
8 14 18 22 26 30 36
10 12 16 22 28 32 34
10 12 17 22 27 32 34
13 14 17 22 27 30 31
13 15 16 22 28 29 31
12 15 17 22 27 29 32
12 13 19 22 25 31 32
12 14 18 22 26 30 32
9 15 20 22 24 29 35
10 13 21 22 23 31 34
10 15 19 22 25 29 34
9 17 18 22 26 27 35
10 14 20 22 24 30 34
8 16 20 22 24 28 36
6 10 16 22 28 34 38
10 12 20 22 24 32 34
9 13 18 22 26 31 35
7 8 15 22 29 36 37
11 16 17 22 27 28 33
11 15 18 22 26 29 33
9 11 13 22 31 33 35
10 11 12 22 32 33 34
