13 14 15 16 17 18
12 14 15 16 17 19
12 13 14 17 18 19
12 13 15 16 18 19
11 13 15 16 18 20
11 14 15 16 17 20
11 13 14 17 18 20
10 13 15 16 18 21
10 14 15 16 17 21
10 12 15 16 19 21
10 12 13 18 19 21
11 12 14 17 19 20
9 14 15 16 17 22
11 12 15 16 19 20
11 12 13 18 19 20
10 11 13 18 20 21
10 11 14 17 20 21
10 11 12 19 20 21
9 13 15 16 18 22
9 11 14 17 20 22
10 11 15 16 20 21
9 12 13 18 19 22
9 11 12 19 20 22
9 11 15 16 20 22
8 14 15 16 17 23
9 11 13 18 20 22
9 10 12 19 21 22
8 10 13 18 21 23
8 11 12 19 20 23
7 10 14 17 21 24
8 9 14 17 22 23
