9 11 13 15 33 35 37 39
17 19 21 23 25 27 29 31
13 17 21 23 25 27 31 35
13 15 17 21 27 31 33 35
11 15 17 19 29 31 33 37
9 13 17 19 29 31 35 39
11 15 17 23 25 31 33 37
13 15 19 23 25 29 33 35
13 15 17 23 25 31 33 35
13 15 19 21 27 29 33 35
9 13 19 21 27 29 35 39
7 9 21 23 25 27 39 41
5 9 11 21 27 37 39 43
7 9 11 23 25 37 39 41
7 9 19 23 25 29 39 41
15 19 21 23 25 27 29 33
15 17 19 21 27 29 31 33
15 17 19 23 25 29 31 33
13 17 19 23 25 29 31 35
11 15 21 23 25 27 33 37
9 19 21 23 25 27 29 39
15 17 21 23 25 27 31 33
7 13 19 23 25 29 35 41
11 13 15 23 25 33 35 37
7 15 17 19 29 31 33 41
7 11 15 17 31 33 37 41
9 15 17 23 25 31 33 39
11 13 15 19 29 33 35 37
11 13 17 21 27 31 35 37
9 13 15 17 31 33 35 39
9 11 15 19 29 33 37 39
9 15 19 23 25 29 33 39
9 11 21 23 25 27 37 39
11 13 19 21 27 29 35 37
9 13 15 19 29 33 35 39
13 15 17 19 29 31 33 35
11 15 19 21 27 29 33 37
13 19 21 23 25 27 29 35
11 15 17 21 27 31 33 37
13 17 19 21 27 29 31 35
7 9 15 23 25 33 39 41
7 9 17 23 25 31 39 41
9 13 19 23 25 29 35 39
7 9 15 17 31 33 39 41
5 11 13 19 29 35 37 43
11 13 15 17 31 33 35 37
9 11 13 17 31 35 37 39
11 13 21 23 25 27 35 37
9 11 13 23 25 35 37 39
11 17 21 23 25 27 31 37
11 13 19 23 25 29 35 37
7 17 19 23 25 29 31 41
9 11 13 19 29 35 37 39
9 15 17 21 27 31 33 39
7 13 17 19 29 31 35 41
9 15 19 21 27 29 33 39
9 15 21 23 25 27 33 39
11 19 21 23 25 27 29 37
9 11 15 21 27 33 37 39
11 17 19 23 25 29 31 37
13 15 21 23 25 27 33 35
11 13 17 23 25 31 35 37
7 11 13 17 31 35 37 41
11 13 15 21 27 33 35 37
9 11 13 21 27 35 37 39
11 13 17 19 29 31 35 37
7 11 17 23 25 31 37 41
9 13 15 23 25 33 35 39
9 15 17 19 29 31 33 39
7 8 9 23 25 39 40 41
11 12 13 14 34 35 36 37
20 21 22 23 25 26 27 28
6 11 13 18 30 35 37 42
5 7 17 19 29 31 41 43
6 17 18 19 29 30 31 42
11 13 18 23 25 30 35 37
7 17 18 19 29 30 31 41
10 12 14 23 25 34 36 38
19 20 22 23 25 26 28 29
19 21 22 23 25 26 27 29
19 20 21 23 25 27 28 29
19 20 21 22 26 27 28 29
8 11 18 21 27 30 37 40
18 20 21 22 26 27 28 30
10 11 13 15 33 35 37 38
12 15 19 22 26 29 33 36
18 19 21 23 25 27 29 30
18 19 21 22 26 27 29 30
18 19 20 22 26 28 29 30
18 19 20 23 25 28 29 30
11 12 14 15 33 34 36 37
10 13 14 15 33 34 35 38
10 14 21 23 25 27 34 38
4 12 20 23 25 28 36 44
18 20 22 23 25 26 28 30
18 19 20 21 27 28 29 30
4 12 20 21 27 28 36 44
11 12 13 20 28 35 36 37
4 19 20 21 27 28 29 44
9 12 15 22 26 33 36 39
4 17 20 23 25 28 31 44
11 12 13 15 33 35 36 37
12 14 21 23 25 27 34 36
10 12 14 21 27 34 36 38
9 12 15 19 29 33 36 39
9 15 19 22 26 29 33 39
9 13 14 15 33 34 35 39
4 13 19 20 28 29 35 44
12 17 20 23 25 28 31 36
12 15 20 23 25 28 33 36
12 13 19 20 28 29 35 36
4 15 17 20 28 31 33 44
12 15 17 20 28 31 33 36
11 12 20 21 27 28 36 37
12 13 19 21 27 29 35 36
12 15 17 23 25 31 33 36
7 9 20 23 25 28 39 41
11 13 19 20 28 29 35 37
9 12 15 23 25 33 36 39
11 12 13 19 29 35 36 37
9 12 15 20 28 33 36 39
11 19 20 21 27 28 29 37
9 15 17 20 28 31 33 39
11 13 20 21 27 28 35 37
7 15 17 20 28 31 33 41
9 15 20 23 25 28 33 39
7 17 20 23 25 28 31 41
11 12 13 21 27 35 36 37
12 17 21 22 26 27 31 36
11 13 14 15 33 34 35 37
8 10 15 17 31 33 38 40
17 20 21 23 25 27 28 31
17 20 22 23 25 26 28 31
17 20 21 22 26 27 28 31
17 18 22 23 25 26 30 31
8 13 18 19 29 30 35 40
7 10 22 23 25 26 38 41
17 19 20 23 25 28 29 31
17 19 20 22 26 28 29 31
17 19 20 21 27 28 29 31
8 14 18 21 27 30 34 40
17 18 21 23 25 27 30 31
17 18 20 21 27 28 30 31
17 18 20 22 26 28 30 31
17 19 22 23 25 26 29 31
17 19 21 22 26 27 29 31
17 21 22 23 25 26 27 31
8 10 15 22 26 33 38 40
17 18 21 22 26 27 30 31
18 21 22 23 25 26 27 30
6 7 9 23 25 39 41 42
7 9 22 23 25 26 39 41
8 15 17 22 26 31 33 40
18 20 21 23 25 27 28 30
18 19 22 23 25 26 29 30
8 14 18 19 29 30 34 40
8 10 22 23 25 26 38 40
11 14 18 21 27 30 34 37
6 10 15 17 31 33 38 42
13 14 18 19 29 30 34 35
10 15 17 22 26 31 33 38
12 19 20 21 27 28 29 36
9 14 15 21 27 33 34 39
8 14 21 23 25 27 34 40
8 15 19 22 26 29 33 40
13 18 20 23 25 28 30 35
9 15 21 22 26 27 33 39
8 12 21 22 26 27 36 40
8 12 19 22 26 29 36 40
6 18 19 20 28 29 30 42
6 18 20 23 25 28 30 42
11 13 20 23 25 28 35 37
7 18 19 20 28 29 30 41
7 17 19 20 28 29 31 41
10 11 13 14 34 35 37 38
8 10 14 23 25 34 38 40
8 12 15 22 26 33 36 40
11 18 20 23 25 28 30 37
8 11 12 13 35 36 37 40
8 11 13 15 33 35 37 40
11 13 18 20 28 30 35 37
8 17 21 22 26 27 31 40
4 15 20 21 27 28 33 44
10 14 15 21 27 33 34 38
10 15 21 22 26 27 33 38
9 10 14 15 33 34 38 39
8 11 13 14 34 35 37 40
7 17 18 20 28 30 31 41
13 19 20 21 27 28 29 35
8 12 21 23 25 27 36 40
8 10 14 21 27 34 38 40
9 10 15 22 26 33 38 39
9 14 15 22 26 33 34 39
4 17 19 20 28 29 31 44
8 9 15 19 29 33 39 40
6 8 18 23 25 30 40 42
8 9 15 21 27 33 39 40
8 17 18 19 29 30 31 40
8 11 13 23 25 35 37 40
8 11 13 18 30 35 37 40
13 14 19 23 25 29 34 35
11 17 18 21 27 30 31 37
15 20 21 23 25 27 28 33
15 19 20 21 27 28 29 33
15 19 20 22 26 28 29 33
8 13 15 17 31 33 35 40
15 20 22 23 25 26 28 33
8 17 18 21 27 30 31 40
7 9 12 23 25 36 39 41
8 13 19 23 25 29 35 40
9 21 22 23 25 26 27 39
13 18 19 23 25 29 30 35
8 21 22 23 25 26 27 40
8 18 19 23 25 29 30 40
15 17 21 22 26 27 31 33
8 13 17 19 29 31 35 40
8 13 15 19 29 33 35 40
15 17 20 21 27 28 31 33
8 14 18 23 25 30 34 40
8 9 13 19 29 35 39 40
8 15 17 19 29 31 33 40
8 11 15 21 27 33 37 40
13 14 18 23 25 30 34 35
15 17 22 23 25 26 31 33
15 17 19 20 28 29 31 33
8 15 17 21 27 31 33 40
8 11 21 23 25 27 37 40
8 13 14 19 29 34 35 40
17 18 20 23 25 28 30 31
8 17 19 22 26 29 31 40
11 12 15 17 31 33 36 37
12 13 15 17 31 33 35 36
10 13 15 17 31 33 35 38
10 11 15 17 31 33 37 38
4 18 20 23 25 28 30 44
9 13 14 19 29 34 35 39
14 21 22 23 25 26 27 34
14 18 19 21 27 29 30 34
8 12 17 21 27 31 36 40
15 21 22 23 25 26 27 33
10 14 15 22 26 33 34 38
10 14 21 22 26 27 34 38
4 18 19 20 28 29 30 44
14 15 21 22 26 27 33 34
12 19 22 23 25 26 29 36
12 15 22 23 25 26 33 36
10 14 22 23 25 26 34 38
12 13 15 19 29 33 35 36
11 12 13 17 31 35 36 37
10 11 13 17 31 35 37 38
15 17 20 23 25 28 31 33
10 14 18 23 25 30 34 38
6 15 19 22 26 29 33 42
8 9 15 22 26 33 39 40
9 15 22 23 25 26 33 39
12 15 19 23 25 29 33 36
9 10 21 22 26 27 38 39
9 15 20 21 27 28 33 39
6 10 15 22 26 33 38 42
6 10 22 23 25 26 38 42
14 18 22 23 25 26 30 34
10 11 13 18 30 35 37 38
11 13 14 18 30 34 35 37
14 18 21 23 25 27 30 34
6 15 17 19 29 31 33 42
8 12 17 22 26 31 36 40
12 19 21 23 25 27 29 36
12 17 22 23 25 26 31 36
17 18 19 22 26 29 30 31
11 14 15 21 27 33 34 37
6 10 18 22 26 30 38 42
6 10 14 22 26 34 38 42
6 14 18 22 26 30 34 42
10 14 18 22 26 30 34 38
6 10 14 18 30 34 38 42
2 10 14 22 26 34 38 46
8 19 22 23 25 26 29 40
8 11 14 15 33 34 37 40
6 18 22 23 25 26 30 42
10 17 22 23 25 26 31 38
8 12 15 17 31 33 36 40
15 17 20 22 26 28 31 33
15 19 20 23 25 28 29 33
7 20 22 23 25 26 28 41
13 17 19 20 28 29 31 35
13 17 20 23 25 28 31 35
8 11 15 17 31 33 37 40
10 21 22 23 25 26 27 38
8 13 14 18 30 34 35 40
17 18 19 23 25 29 30 31
8 14 15 21 27 33 34 40
10 12 15 17 31 33 36 38
17 18 19 20 28 29 30 31
12 15 20 22 26 28 33 36
14 18 19 22 26 29 30 34
13 18 20 21 27 28 30 35
6 17 18 22 26 30 31 42
6 18 19 22 26 29 30 42
11 13 14 19 29 34 35 37
15 19 21 22 26 27 29 33
8 14 19 23 25 29 34 40
12 21 22 23 25 26 27 36
13 19 20 23 25 28 29 35
12 17 20 21 27 28 31 36
9 12 13 19 29 35 36 39
7 17 20 22 26 28 31 41
4 18 20 21 27 28 30 44
4 9 15 20 28 33 39 44
11 13 18 21 27 30 35 37
8 11 13 17 31 35 37 40
13 18 21 23 25 27 30 35
7 17 18 21 27 30 31 41
15 19 22 23 25 26 29 33
10 14 18 21 27 30 34 38
14 19 21 23 25 27 29 34
4 11 13 20 28 35 37 44
15 20 21 22 26 27 28 33
8 15 21 22 26 27 33 40
8 12 22 23 25 26 36 40
12 17 20 22 26 28 31 36
12 19 21 22 26 27 29 36
12 15 17 22 26 31 33 36
11 18 21 23 25 27 30 37
8 12 13 19 29 35 36 40
12 19 20 22 26 28 29 36
12 20 21 23 25 27 28 36
17 18 19 21 27 29 30 31
9 20 21 22 26 27 28 39
8 10 21 22 26 27 38 40
14 18 19 23 25 29 30 34
14 19 22 23 25 26 29 34
14 19 21 22 26 27 29 34
13 18 19 21 27 29 30 35
15 17 19 22 26 29 31 33
6 8 10 22 26 38 40 42
11 20 21 23 25 27 28 37
11 15 20 21 27 28 33 37
9 20 22 23 25 26 28 39
12 14 19 23 25 29 34 36
13 20 21 23 25 27 28 35
12 17 21 23 25 27 31 36
8 18 21 23 25 27 30 40
8 9 12 15 33 36 39 40
8 12 19 23 25 29 36 40
12 13 14 19 29 34 35 36
10 18 22 23 25 26 30 38
6 15 17 20 28 31 33 42
13 18 19 20 28 29 30 35
14 15 21 23 25 27 33 34
11 18 20 21 27 28 30 37
8 13 18 23 25 30 35 40
9 15 20 22 26 28 33 39
10 13 14 18 30 34 35 38
12 19 20 23 25 28 29 36
12 20 22 23 25 26 28 36
10 18 21 23 25 27 30 38
14 18 21 22 26 27 30 34
12 20 21 22 26 27 28 36
10 18 21 22 26 27 30 38
3 9 15 21 27 33 39 45
8 10 12 14 34 36 38 40
4 6 18 20 28 30 42 44
16 21 22 23 25 26 27 32
16 19 21 22 26 27 29 32
16 19 22 23 25 26 29 32
16 18 21 22 26 27 30 32
16 18 20 21 27 28 30 32
16 18 19 23 25 29 30 32
12 15 16 22 26 32 33 36
12 16 17 22 26 31 32 36
12 16 17 21 27 31 32 36
16 19 20 21 27 28 29 32
16 19 20 22 26 28 29 32
16 20 21 23 25 27 28 32
16 17 21 23 25 27 31 32
16 17 22 23 25 26 31 32
16 18 22 23 25 26 30 32
16 19 20 23 25 28 29 32
16 17 20 22 26 28 31 32
16 17 20 23 25 28 31 32
16 20 22 23 25 26 28 32
16 17 18 21 27 30 31 32
16 17 18 22 26 30 31 32
16 17 19 23 25 29 31 32
16 17 19 21 27 29 31 32
16 17 19 22 26 29 31 32
11 14 15 16 32 33 34 37
13 16 18 23 25 30 32 35
13 16 18 20 28 30 32 35
12 16 19 22 26 29 32 36
14 15 16 21 27 32 33 34
11 13 16 20 28 32 35 37
11 13 16 23 25 32 35 37
6 16 18 23 25 30 32 42
11 13 15 16 32 33 35 37
12 16 21 23 25 27 32 36
16 17 20 21 27 28 31 32
12 16 21 22 26 27 32 36
16 18 19 21 27 29 30 32
15 16 21 23 25 27 32 33
13 16 20 23 25 28 32 35
16 18 21 23 25 27 30 32
15 16 20 23 25 28 32 33
15 16 19 23 25 29 32 33
15 16 19 21 27 29 32 33
16 18 19 22 26 29 30 32
16 17 18 19 29 30 31 32
16 17 21 22 26 27 31 32
9 15 16 20 28 32 33 39
16 17 19 20 28 29 31 32
15 16 21 22 26 27 32 33
14 16 21 23 25 27 32 34
14 16 19 23 25 29 32 34
16 18 19 20 28 29 30 32
16 18 20 23 25 28 30 32
10 14 16 23 25 32 34 38
10 14 16 21 27 32 34 38
16 17 18 20 28 30 31 32
14 16 22 23 25 26 32 34
12 16 19 23 25 29 32 36
12 16 22 23 25 26 32 36
16 19 21 23 25 27 29 32
14 16 21 22 26 27 32 34
13 16 21 23 25 27 32 35
13 16 17 23 25 31 32 35
16 20 21 22 26 27 28 32
15 16 20 22 26 28 32 33
12 16 19 21 27 29 32 36
15 16 19 22 26 29 32 33
11 13 16 18 30 32 35 37
11 13 14 16 32 34 35 37
9 15 16 19 29 32 33 39
9 15 16 22 26 32 33 39
15 16 20 21 27 28 32 33
11 13 16 17 31 32 35 37
9 15 16 21 27 32 33 39
15 16 22 23 25 26 32 33
16 17 18 23 25 30 31 32
16 18 20 22 26 28 30 32
11 12 13 16 32 35 36 37
12 16 17 23 25 31 32 36
9 12 15 16 32 33 36 39
10 12 14 16 32 34 36 38
6 16 18 20 28 30 32 42
8 17 18 20 28 30 31 40
8 18 20 23 25 28 30 40
15 18 20 21 27 28 30 33
8 10 19 22 26 29 38 40
8 14 17 18 30 31 34 40
8 15 18 21 27 30 33 40
15 18 19 23 25 29 30 33
8 14 15 18 30 33 34 40
15 18 19 21 27 29 30 33
15 18 21 23 25 27 30 33
15 17 18 23 25 30 31 33
10 19 21 23 25 27 29 38
15 18 19 22 26 29 30 33
14 15 20 22 26 28 33 34
10 14 19 23 25 29 34 38
10 11 14 17 31 34 37 38
11 13 14 17 31 34 35 37
10 14 19 21 27 29 34 38
15 18 20 22 26 28 30 33
11 15 18 21 27 30 33 37
13 15 17 22 26 31 33 35
10 15 17 19 29 31 33 38
14 18 19 20 28 29 30 34
14 17 21 22 26 27 31 34
13 19 21 22 26 27 29 35
13 17 20 22 26 28 31 35
14 17 18 23 25 30 31 34
14 17 19 21 27 29 31 34
15 17 18 21 27 30 31 33
14 17 19 23 25 29 31 34
13 20 21 22 26 27 28 35
14 15 18 21 27 30 33 34
9 14 18 19 29 30 34 39
14 15 17 21 27 31 33 34
13 19 22 23 25 26 29 35
13 17 19 22 26 29 31 35
11 15 17 18 30 31 33 37
8 13 19 22 26 29 35 40
14 19 20 22 26 28 29 34
14 18 20 23 25 28 30 34
11 14 15 17 31 33 34 37
4 17 20 22 26 28 31 44
10 15 18 22 26 30 33 38
10 13 17 22 26 31 35 38
9 18 20 23 25 28 30 39
7 13 14 19 29 34 35 41
10 14 19 22 26 29 34 38
6 15 18 22 26 30 33 42
7 14 18 19 29 30 34 41
10 13 14 22 26 34 35 38
13 19 20 22 26 28 29 35
10 13 17 19 29 31 35 38
8 15 18 19 29 30 33 40
13 17 22 23 25 26 31 35
6 18 21 22 26 27 30 42
8 10 14 19 29 34 38 40
11 13 15 18 30 33 35 37
12 18 19 20 28 29 30 36
10 15 17 20 28 31 33 38
12 14 19 20 28 29 34 36
9 17 18 20 28 30 31 39
8 13 20 23 25 28 35 40
9 13 18 19 29 30 35 39
4 19 20 22 26 28 29 44
12 14 15 17 31 33 34 36
10 11 15 18 30 33 37 38
8 17 19 20 28 29 31 40
12 13 21 22 26 27 35 36
15 18 21 22 26 27 30 33
13 18 21 22 26 27 30 35
10 17 19 22 26 29 31 38
10 20 21 22 26 27 28 38
12 17 18 20 28 30 31 36
12 18 20 23 25 28 30 36
14 15 17 23 25 31 33 34
14 17 21 23 25 27 31 34
13 21 22 23 25 26 27 35
11 18 22 23 25 26 30 37
14 18 20 21 27 28 30 34
8 18 20 21 27 28 30 40
14 17 19 22 26 29 31 34
13 14 20 23 25 28 34 35
11 17 22 23 25 26 31 37
12 17 18 23 25 30 31 36
8 13 17 22 26 31 35 40
12 14 18 23 25 30 34 36
4 15 20 22 26 28 33 44
10 14 17 23 25 31 34 38
10 13 14 19 29 34 35 38
8 18 19 20 28 29 30 40
14 17 18 22 26 30 31 34
10 19 21 22 26 27 29 38
10 15 20 21 27 28 33 38
11 14 19 20 28 29 34 37
4 20 21 22 26 27 28 44
12 18 21 22 26 27 30 36
8 12 18 21 27 30 36 40
8 11 15 18 30 33 37 40
14 20 21 22 26 27 28 34
13 14 15 17 31 33 34 35
10 12 14 19 29 34 36 38
11 12 13 18 30 35 36 37
12 13 14 18 30 34 35 36
12 18 19 22 26 29 30 36
10 15 20 22 26 28 33 38
12 14 17 23 25 31 34 36
12 18 19 21 27 29 30 36
12 18 20 21 27 28 30 36
12 13 20 22 26 28 35 36
11 19 20 22 26 28 29 37
12 18 22 23 25 26 30 36
12 18 19 23 25 29 30 36
13 14 19 20 28 29 34 35
11 14 17 18 30 31 34 37
11 17 18 22 26 30 31 37
12 13 18 19 29 30 35 36
8 12 18 19 29 30 36 40
10 20 22 23 25 26 28 38
14 19 20 23 25 28 29 34
8 20 22 23 25 26 28 40
10 17 20 22 26 28 31 38
14 18 20 22 26 28 30 34
11 13 14 20 28 34 35 37
12 13 17 22 26 31 35 36
13 20 22 23 25 26 28 35
14 19 20 21 27 28 29 34
9 13 18 23 25 30 35 39
13 17 21 22 26 27 31 35
10 18 19 22 26 29 30 38
8 13 18 20 28 30 35 40
11 20 21 22 26 27 28 37
12 14 20 21 27 28 34 36
8 15 20 21 27 28 33 40
14 20 22 23 25 26 28 34
12 14 15 20 28 33 34 36
8 15 20 22 26 28 33 40
13 14 17 19 29 31 34 35
14 15 20 23 25 28 33 34
6 8 18 20 28 30 40 42
10 12 14 18 30 34 36 38
4 12 20 22 26 28 36 44
12 18 20 22 26 28 30 36
4 12 18 20 28 30 36 44
13 18 20 22 26 28 30 35
8 14 17 19 29 31 34 40
8 11 22 23 25 26 37 40
10 15 19 22 26 29 33 38
8 14 17 21 27 31 34 40
15 17 18 22 26 30 31 33
8 13 14 17 31 34 35 40
10 14 15 17 31 33 34 38
14 17 22 23 25 26 31 34
13 15 21 22 26 27 33 35
11 14 20 21 27 28 34 37
15 18 22 23 25 26 30 33
15 18 20 23 25 28 30 33
6 18 21 23 25 27 30 42
8 12 18 23 25 30 36 40
12 13 14 20 28 34 35 36
13 14 15 18 30 33 34 35
13 14 18 22 26 30 34 35
13 15 18 23 25 30 33 35
10 14 18 19 29 30 34 38
10 14 17 18 30 31 34 38
4 20 22 23 25 26 28 44
10 14 17 22 26 31 34 38
14 17 18 19 29 30 31 34
12 14 18 19 29 30 34 36
6 15 17 18 30 31 33 42
8 12 14 17 31 34 36 40
13 18 22 23 25 26 30 35
6 17 18 21 27 30 31 42
6 18 19 21 27 29 30 42
12 13 18 20 28 30 35 36
13 14 19 22 26 29 34 35
6 10 21 22 26 27 38 42
6 10 19 22 26 29 38 42
10 14 15 18 30 33 34 38
6 14 17 18 30 31 34 42
14 15 20 21 27 28 33 34
14 20 21 23 25 27 28 34
11 19 22 23 25 26 29 37
13 18 19 22 26 29 30 35
8 20 21 23 25 27 28 40
13 15 19 22 26 29 33 35
8 14 15 17 31 33 34 40
13 14 18 20 28 30 34 35
11 20 22 23 25 26 28 37
13 14 17 23 25 31 34 35
8 17 20 21 27 28 31 40
14 17 18 21 27 30 31 34
8 19 20 23 25 28 29 40
8 20 21 22 26 27 28 40
8 19 20 22 26 28 29 40
11 15 18 23 25 30 33 37
6 18 20 21 27 28 30 42
11 14 15 20 28 33 34 37
14 15 18 23 25 30 33 34
12 13 19 22 26 29 35 36
12 17 18 21 27 30 31 36
12 14 18 21 27 30 34 36
12 17 18 22 26 30 31 36
15 17 18 20 28 30 31 33
15 17 18 19 29 30 31 33
11 18 21 22 26 27 30 37
11 12 18 21 27 30 36 37
12 18 21 23 25 27 30 36
8 11 20 21 27 28 37 40
8 15 17 20 28 31 33 40
12 14 17 21 27 31 34 36
11 15 18 20 28 30 33 37
10 19 22 23 25 26 29 38
10 15 17 18 30 31 33 38
8 15 17 18 30 31 33 40
11 21 22 23 25 26 27 37
8 17 20 22 26 28 31 40
13 15 18 19 29 30 33 35
6 8 18 21 27 30 40 42
11 14 15 18 30 33 34 37
9 14 15 17 31 33 34 39
7 15 17 18 30 31 33 41
15 18 19 20 28 29 30 33
12 13 14 17 31 34 35 36
14 15 18 22 26 30 33 34
14 15 17 22 26 31 33 34
9 14 15 20 28 33 34 39
4 15 18 20 28 30 33 44
10 11 13 19 29 35 37 38
8 11 13 20 28 35 37 40
8 9 15 20 28 33 39 40
12 14 20 23 25 28 34 36
8 13 19 20 28 29 35 40
8 12 14 18 30 34 36 40
8 15 16 21 27 32 33 40
8 11 13 16 32 35 37 40
8 12 16 21 27 32 36 40
8 10 14 16 32 34 38 40
6 8 16 18 30 32 40 42
8 16 18 21 27 30 32 40
8 9 15 16 32 33 39 40
8 16 17 22 26 31 32 40
8 12 16 23 25 32 36 40
8 16 19 22 26 29 32 40
8 16 21 22 26 27 32 40
8 15 16 22 26 32 33 40
8 16 17 21 27 31 32 40
8 16 18 19 29 30 32 40
8 16 18 23 25 30 32 40
8 16 17 19 29 31 32 40
8 16 19 23 25 29 32 40
8 16 22 23 25 26 32 40
8 12 16 22 26 32 36 40
8 16 21 23 25 27 32 40
10 13 19 20 28 29 35 38
14 17 20 23 25 28 31 34
12 15 18 19 29 30 33 36
12 15 18 22 26 30 33 36
12 14 15 18 30 33 34 36
11 12 15 18 30 33 36 37
12 15 17 18 30 31 33 36
12 15 18 23 25 30 33 36
8 12 15 18 30 33 36 40
10 14 16 19 29 32 34 38
14 17 20 21 27 28 31 34
14 17 20 22 26 28 31 34
14 17 19 20 28 29 31 34
8 13 14 20 28 34 35 40
8 14 20 23 25 28 34 40
14 17 18 20 28 30 31 34
14 15 17 20 28 31 33 34
8 14 20 21 27 28 34 40
10 17 19 20 28 29 31 38
8 10 20 22 26 28 38 40
8 14 18 20 28 30 34 40
12 14 17 20 28 31 34 36
10 19 20 21 27 28 29 38
12 15 18 20 28 30 33 36
10 19 20 22 26 28 29 38
13 14 17 20 28 31 34 35
8 14 15 20 28 33 34 40
8 14 19 20 28 29 34 40
4 14 17 20 28 31 34 44
7 8 18 23 25 30 40 41
4 8 20 21 27 28 40 44
10 12 21 22 26 27 36 38
8 10 12 22 26 36 38 40
7 14 17 18 30 31 34 41
10 15 16 22 26 32 33 38
13 16 19 21 27 29 32 35
8 17 19 21 27 29 31 40
13 17 18 20 28 30 31 35
8 14 21 22 26 27 34 40
10 17 21 22 26 27 31 38
11 17 18 20 28 30 31 37
7 18 19 23 25 29 30 41
8 15 19 23 25 29 33 40
10 15 17 23 25 31 33 38
6 13 15 20 28 33 35 42
9 14 22 23 25 26 34 39
8 13 17 18 30 31 35 40
6 9 15 19 29 33 39 42
7 19 20 22 26 28 29 41
7 10 13 17 31 35 38 41
7 13 17 18 30 31 35 41
8 15 21 23 25 27 33 40
8 17 18 22 26 30 31 40
10 13 18 23 25 30 35 38
12 14 21 22 26 27 34 36
6 18 19 23 25 29 30 42
10 11 13 21 27 35 37 38
6 17 20 22 26 28 31 42
9 10 11 21 27 37 38 39
8 11 14 23 25 34 37 40
11 15 17 20 28 31 33 37
8 17 19 23 25 29 31 40
13 17 18 21 27 30 31 35
12 17 19 20 28 29 31 36
11 14 18 23 25 30 34 37
4 10 14 23 25 34 38 44
9 13 15 20 28 33 35 39
6 19 22 23 25 26 29 42
11 17 20 21 27 28 31 37
13 17 18 23 25 30 31 35
13 17 18 19 29 30 31 35
8 15 22 23 25 26 33 40
9 13 19 20 28 29 35 39
8 10 11 21 27 37 38 40
11 18 19 23 25 29 30 37
11 13 18 19 29 30 35 37
8 11 13 21 27 35 37 40
9 15 17 22 26 31 33 39
11 17 20 23 25 28 31 37
12 13 17 19 29 31 35 36
4 17 20 21 27 28 31 44
11 17 19 20 28 29 31 37
10 14 15 23 25 33 34 38
11 13 14 21 27 34 35 37
13 14 15 19 29 33 34 35
8 11 13 19 29 35 37 40
8 9 15 23 25 33 39 40
10 12 22 23 25 26 36 38
11 12 21 23 25 27 36 37
12 13 17 23 25 31 35 36
6 9 15 23 25 33 39 42
8 13 21 23 25 27 35 40
10 11 15 21 27 33 37 38
12 15 17 19 29 31 33 36
7 13 19 20 28 29 35 41
11 18 19 20 28 29 30 37
11 14 15 23 25 33 34 37
14 15 19 21 27 29 33 34
11 12 15 21 27 33 36 37
13 15 20 21 27 28 33 35
9 14 15 19 29 33 34 39
12 17 19 21 27 29 31 36
10 15 22 23 25 26 33 38
10 11 13 23 25 35 37 38
11 13 14 23 25 34 35 37
7 9 20 21 27 28 39 41
10 11 14 21 27 34 37 38
10 13 14 23 25 34 35 38
8 12 17 19 29 31 36 40
8 19 21 23 25 27 29 40
10 12 15 22 26 33 36 38
7 17 18 23 25 30 31 41
5 20 21 22 26 27 28 43
7 11 18 21 27 30 37 41
11 14 15 19 29 33 34 37
11 13 17 18 30 31 35 37
9 14 15 23 25 33 34 39
8 18 19 21 27 29 30 40
10 11 18 21 27 30 37 38
8 14 15 19 29 33 34 40
13 15 19 20 28 29 33 35
13 14 19 21 27 29 34 35
8 19 21 22 26 27 29 40
14 15 19 23 25 29 33 34
13 14 21 23 25 27 34 35
10 17 18 21 27 30 31 38
6 15 20 22 26 28 33 42
12 15 17 21 27 31 33 36
12 13 14 21 27 34 35 36
10 11 12 21 27 36 37 38
9 12 19 20 28 29 36 39
11 18 19 21 27 29 30 37
10 15 17 21 27 31 33 38
12 13 21 23 25 27 35 36
7 17 20 21 27 28 31 41
4 19 20 23 25 28 29 44
12 15 21 23 25 27 33 36
13 14 15 21 27 33 34 35
12 13 15 20 28 33 35 36
11 12 17 20 28 31 36 37
11 13 20 22 26 28 35 37
8 14 22 23 25 26 34 40
10 11 21 23 25 27 37 38
12 13 20 23 25 28 35 36
13 14 18 21 27 30 34 35
4 20 21 23 25 27 28 44
7 18 20 23 25 28 30 41
7 19 22 23 25 26 29 41
9 19 20 23 25 28 29 39
13 15 17 20 28 31 33 35
8 17 22 23 25 26 31 40
5 20 22 23 25 26 28 43
6 20 22 23 25 26 28 42
11 14 18 19 29 30 34 37
8 10 14 22 26 34 38 40
11 16 21 23 25 27 32 37
15 16 17 22 26 31 32 33
11 16 18 21 27 30 32 37
14 16 18 22 26 30 32 34
10 14 16 22 26 32 34 38
8 12 19 20 28 29 36 40
8 12 20 23 25 28 36 40
9 17 18 21 27 30 31 39
8 12 20 21 27 28 36 40
9 11 18 21 27 30 37 39
11 15 19 22 26 29 33 37
10 18 20 22 26 28 30 38
7 10 15 17 31 33 38 41
4 10 14 21 27 34 38 44
12 14 15 19 29 33 34 36
9 15 19 20 28 29 33 39
11 13 14 22 26 34 35 37
8 15 19 21 27 29 33 40
10 11 13 22 26 35 37 38
8 12 15 21 27 33 36 40
10 15 21 23 25 27 33 38
6 19 20 22 26 28 29 42
8 17 21 23 25 27 31 40
10 13 17 18 30 31 35 38
12 15 20 21 27 28 33 36
8 10 14 18 30 34 38 40
6 8 18 22 26 30 40 42
13 15 16 19 29 32 33 35
13 14 16 18 30 32 34 35
11 12 13 22 26 35 36 37
11 13 18 22 26 30 35 37
8 12 17 23 25 31 36 40
12 13 17 18 30 31 35 36
8 14 17 23 25 31 34 40
6 8 20 22 26 28 40 42
8 15 18 23 25 30 33 40
11 13 17 22 26 31 35 37
14 16 18 20 28 30 32 34
12 14 16 18 30 32 34 36
10 14 17 19 29 31 34 38
9 14 17 18 30 31 34 39
13 16 19 22 26 29 32 35
15 16 17 18 30 31 32 33
14 15 16 17 31 32 33 34
8 9 15 18 30 33 39 40
14 15 19 22 26 29 33 34
9 11 20 23 25 28 37 39
12 15 21 22 26 27 33 36
7 10 17 23 25 31 38 41
12 15 19 21 27 29 33 36
8 13 17 23 25 31 35 40
12 14 15 21 27 33 34 36
9 11 20 21 27 28 37 39
13 15 20 23 25 28 33 35
8 11 13 22 26 35 37 40
12 17 19 23 25 29 31 36
8 12 19 21 27 29 36 40
9 19 20 21 27 28 29 39
11 13 15 20 28 33 35 37
12 17 19 22 26 29 31 36
11 14 19 23 25 29 34 37
9 14 19 23 25 29 34 39
15 16 17 21 27 31 32 33
11 15 16 17 31 32 33 37
4 16 20 23 25 28 32 44
11 16 20 21 27 28 32 37
13 16 19 20 28 29 32 35
14 16 18 23 25 30 32 34
13 16 17 19 29 31 32 35
12 16 20 21 27 28 32 36
12 16 19 20 28 29 32 36
13 16 19 23 25 29 32 35
13 15 16 17 31 32 33 35
12 16 20 23 25 28 32 36
9 15 16 23 25 32 33 39
11 13 16 19 29 32 35 37
11 13 16 21 27 32 35 37
15 16 17 19 29 31 32 33
10 16 22 23 25 26 32 38
10 14 16 18 30 32 34 38
6 16 18 22 26 30 32 42
8 9 18 21 27 30 39 40
10 13 18 20 28 30 35 38
9 18 20 21 27 28 30 39
9 14 18 21 27 30 34 39
10 11 15 22 26 33 37 38
7 14 18 21 27 30 34 41
11 14 15 22 26 33 34 37
10 17 18 20 28 30 31 38
6 14 18 20 28 30 34 42
7 18 20 21 27 28 30 41
7 18 21 23 25 27 30 41
7 18 22 23 25 26 30 41
7 13 17 20 28 31 35 41
11 13 17 20 28 31 35 37
7 9 19 20 28 29 39 41
9 17 20 22 26 28 31 39
9 17 19 20 28 29 31 39
9 19 20 22 26 28 29 39
7 20 21 22 26 27 28 41
8 18 21 22 26 27 30 40
7 13 20 23 25 28 35 41
12 13 19 23 25 29 35 36
8 18 22 23 25 26 30 40
11 14 21 23 25 27 34 37
12 14 22 23 25 26 34 36
8 18 19 22 26 29 30 40
6 18 20 22 26 28 30 42
15 16 17 20 28 31 32 33
4 16 20 21 27 28 32 44
14 16 18 21 27 30 32 34
10 15 16 17 31 32 33 38
11 15 16 21 27 32 33 37
15 16 17 23 25 31 32 33
9 13 16 19 29 32 35 39
13 14 16 19 29 32 34 35
12 13 16 19 29 32 35 36
12 15 16 17 31 32 33 36
14 16 18 19 29 30 32 34
12 16 20 22 26 28 32 36
9 18 19 21 27 29 30 39
11 15 22 23 25 26 33 37
11 15 20 22 26 28 33 37
9 10 14 19 29 34 38 39
9 13 19 22 26 29 35 39
11 15 21 22 26 27 33 37
10 18 20 23 25 28 30 38
9 13 15 22 26 33 35 39
9 13 21 22 26 27 35 39
9 18 21 22 26 27 30 39
9 18 21 23 25 27 30 39
11 12 15 22 26 33 36 37
8 11 15 22 26 33 37 40
9 13 22 23 25 26 35 39
10 18 20 21 27 28 30 38
4 18 20 22 26 28 30 44
8 12 20 22 26 28 36 40
11 15 17 22 26 31 33 37
13 17 18 22 26 30 31 35
10 12 20 22 26 28 36 38
4 14 18 20 28 30 34 44
13 15 20 22 26 28 33 35
11 17 20 22 26 28 31 37
14 15 19 20 28 29 33 34
13 14 21 22 26 27 34 35
8 11 17 20 28 31 37 40
10 14 17 21 27 31 34 38
10 15 18 23 25 30 33 38
9 18 19 20 28 29 30 39
13 14 20 21 27 28 34 35
8 9 19 20 28 29 39 40
12 14 20 22 26 28 34 36
10 13 22 23 25 26 35 38
8 13 21 22 26 27 35 40
13 15 18 20 28 30 33 35
9 14 18 23 25 30 34 39
7 14 18 23 25 30 34 41
10 11 21 22 26 27 37 38
11 14 20 23 25 28 34 37
12 14 17 19 29 31 34 36
11 12 22 23 25 26 36 37
8 12 18 22 26 30 36 40
11 18 19 22 26 29 30 37
10 11 20 21 27 28 37 38
13 14 17 18 30 31 34 35
8 13 15 20 28 33 35 40
6 12 20 22 26 28 36 42
11 14 22 23 25 26 34 37
14 15 18 19 29 30 33 34
9 12 15 18 30 33 36 39
6 13 15 19 29 33 35 42
6 17 18 23 25 30 31 42
4 8 18 20 28 30 40 44
6 13 18 19 29 30 35 42
14 15 17 18 30 31 33 34
10 16 20 22 26 28 32 38
6 12 18 20 28 30 36 42
8 12 16 18 30 32 36 40
8 15 16 18 30 32 33 40
6 8 12 18 30 36 40 42
10 12 18 20 28 30 36 38
11 15 18 22 26 30 33 37
6 15 18 21 27 30 33 42
10 13 19 22 26 29 35 38
8 13 20 22 26 28 35 40
14 15 18 20 28 30 33 34
12 14 17 18 30 31 34 36
10 13 20 22 26 28 35 38
13 14 20 22 26 28 34 35
13 15 18 22 26 30 33 35
13 14 17 22 26 31 34 35
6 11 17 20 28 31 37 42
7 10 17 21 27 31 38 41
8 14 18 22 26 30 34 40
8 15 17 23 25 31 33 40
9 11 17 20 28 31 37 39
10 13 15 23 25 33 35 38
9 11 19 20 28 29 37 39
11 12 13 23 25 35 36 37
7 13 20 21 27 28 35 41
4 10 14 18 30 34 38 44
4 14 15 19 29 33 34 44
4 14 20 22 26 28 34 44
10 11 19 22 26 29 37 38
4 10 20 22 26 28 38 44
12 13 18 22 26 30 35 36
8 15 18 20 28 30 33 40
12 14 18 20 28 30 34 36
8 13 19 21 27 29 35 40
11 12 14 23 25 34 36 37
8 13 14 21 27 34 35 40
10 11 17 21 27 31 37 38
7 11 18 23 25 30 37 41
9 11 14 23 25 34 37 39
8 12 14 22 26 34 36 40
8 10 18 22 26 30 38 40
10 12 14 22 26 34 36 38
7 11 18 19 29 30 37 41
9 12 15 21 27 33 36 39
8 11 18 19 29 30 37 40
7 10 14 17 31 34 38 41
4 10 14 20 28 34 38 44
6 9 15 18 30 33 39 42
15 16 18 20 28 30 32 33
15 16 18 22 26 30 32 33
13 16 17 22 26 31 32 35
14 15 16 20 28 32 33 34
13 16 18 22 26 30 32 35
14 16 17 22 26 31 32 34
14 16 17 21 27 31 32 34
14 16 17 19 29 31 32 34
14 16 20 21 27 28 32 34
13 14 16 17 31 32 34 35
14 16 20 23 25 28 32 34
13 16 20 22 26 28 32 35
15 16 18 21 27 30 32 33
14 16 20 22 26 28 32 34
15 16 18 19 29 30 32 33
12 16 18 19 29 30 32 36
12 16 18 23 25 30 32 36
6 16 18 21 27 30 32 42
12 14 16 17 31 32 34 36
12 16 18 22 26 30 32 36
14 16 17 23 25 31 32 34
14 16 19 20 28 29 32 34
11 15 16 18 30 32 33 37
13 16 21 22 26 27 32 35
15 16 18 23 25 30 32 33
11 16 22 23 25 26 32 37
13 14 16 20 28 32 34 35
12 16 18 21 27 30 32 36
10 14 20 23 25 28 34 38
11 13 22 23 25 26 35 37
8 17 18 23 25 30 31 40
8 16 20 22 26 28 32 40
11 13 19 22 26 29 35 37
9 15 18 22 26 30 33 39
9 15 18 20 28 30 33 39
9 14 15 18 30 33 34 39
9 15 18 23 25 30 33 39
10 14 20 22 26 28 34 38
13 16 18 19 29 30 32 35
8 16 18 20 28 30 32 40
9 15 18 19 29 30 33 39
10 12 14 20 28 34 36 38
8 16 20 23 25 28 32 40
8 16 20 21 27 28 32 40
10 16 21 22 26 27 32 38
4 16 18 20 28 30 32 44
10 16 18 22 26 30 32 38
11 13 21 22 26 27 35 37
10 14 20 21 27 28 34 38
8 16 19 20 28 29 32 40
7 14 17 20 28 31 34 41
7 12 18 23 25 30 36 41
8 10 14 20 28 34 38 40
11 12 18 19 29 30 36 37
4 8 20 23 25 28 40 44
6 12 18 23 25 30 36 42
6 12 18 22 26 30 36 42
8 14 16 17 31 32 34 40
8 14 17 20 28 31 34 40
8 18 20 22 26 28 30 40
7 10 17 19 29 31 38 41
10 11 16 21 27 32 37 38
6 16 20 22 26 28 32 42
4 10 14 19 29 34 38 44
8 15 18 22 26 30 33 40
12 14 18 22 26 30 34 36
4 10 14 22 26 34 38 44
7 16 18 23 25 30 32 41
10 12 16 22 26 32 36 38
6 14 20 22 26 28 34 42
11 14 17 20 28 31 34 37
8 14 20 22 26 28 34 40
9 13 17 22 26 31 35 39
6 9 15 21 27 33 39 42
6 10 12 22 26 36 38 42
12 13 18 23 25 30 35 36
12 17 18 19 29 30 31 36
10 12 18 22 26 30 36 38
12 15 18 21 27 30 33 36
8 10 18 20 28 30 38 40
9 10 19 20 28 29 38 39
9 12 18 21 27 30 36 39
14 16 17 20 28 31 32 34
12 15 16 18 30 32 33 36
14 15 16 19 29 32 33 34
9 16 19 20 28 29 32 39
13 16 17 18 30 31 32 35
12 16 17 19 29 31 32 36
13 14 16 21 27 32 34 35
11 14 16 23 25 32 34 37
13 15 16 20 28 32 33 35
10 14 16 20 28 32 34 38
12 14 16 22 26 32 34 36
10 16 18 20 28 30 32 38
9 15 16 18 30 32 33 39
8 16 19 21 27 29 32 40
8 19 20 21 27 28 29 40
8 15 20 23 25 28 33 40
8 13 18 22 26 30 35 40
9 14 19 20 28 29 34 39
6 13 20 22 26 28 35 42
7 15 18 23 25 30 33 41
11 13 16 22 26 32 35 37
12 15 16 21 27 32 33 36
11 16 18 19 29 30 32 37
11 16 17 20 28 31 32 37
11 15 16 22 26 32 33 37
9 16 18 21 27 30 32 39
8 17 20 23 25 28 31 40
10 11 19 21 27 29 37 38
10 11 17 20 28 31 37 38
8 14 17 22 26 31 34 40
8 15 16 17 31 32 33 40
10 18 19 20 28 29 30 38
10 13 15 20 28 33 35 38
14 15 17 19 29 31 33 34
11 15 18 19 29 30 33 37
13 14 15 20 28 33 34 35
10 13 19 23 25 29 35 38
9 13 17 18 30 31 35 39
13 14 17 21 27 31 34 35
10 17 19 21 27 29 31 38
13 15 17 18 30 31 33 35
11 14 17 23 25 31 34 37
10 12 19 22 26 29 36 38
12 14 17 22 26 31 34 36
6 20 21 22 26 27 28 42
8 14 16 18 30 32 34 40
8 12 14 20 28 34 36 40
7 9 14 23 25 34 39 41
7 9 18 23 25 30 39 41
6 10 20 22 26 28 38 42
8 16 18 22 26 30 32 40
6 12 16 18 30 32 36 42
11 13 15 22 26 33 35 37
9 15 18 21 27 30 33 39
10 16 19 22 26 29 32 38
14 15 16 18 30 32 33 34
14 16 17 18 30 31 32 34
12 16 18 20 28 30 32 36
12 14 16 20 28 32 34 36
4 16 20 22 26 28 32 44
10 14 18 20 28 30 34 38
10 15 18 20 28 30 33 38
8 12 18 20 28 30 36 40
8 13 16 19 29 32 35 40
8 10 16 22 26 32 38 40
8 14 16 22 26 32 34 40
8 16 17 23 25 31 32 40
6 12 18 21 27 30 36 42
8 14 16 20 28 32 34 40
10 14 19 20 28 29 34 38
4 8 20 22 26 28 40 44
4 8 12 20 28 36 40 44
8 12 16 20 28 32 36 40
4 8 16 20 28 32 40 44
6 10 16 22 26 32 38 42
7 9 16 23 25 32 39 41
4 12 16 20 28 32 36 44
