15 16 17 18 19 20
14 15 17 18 20 21
14 16 17 18 19 21
8 13 17 18 22 27
9 11 14 21 24 26
9 11 16 19 24 26
8 12 17 18 23 27
9 14 16 19 21 26
14 15 16 19 20 21
13 16 17 18 19 22
10 11 17 18 24 25
13 14 15 20 21 22
12 15 16 19 20 23
12 14 16 19 21 23
12 14 17 18 21 23
12 16 17 18 19 23
12 14 15 20 21 23
12 13 15 20 22 23
12 13 16 19 22 23
13 14 17 18 21 22
13 14 16 19 21 22
9 12 16 19 23 26
13 15 17 18 20 22
13 15 16 19 20 22
8 13 15 20 22 27
11 15 17 18 20 24
11 14 16 19 21 24
10 16 17 18 19 25
11 14 15 20 21 24
10 12 17 18 23 25
12 13 17 18 22 23
9 15 16 19 20 26
12 15 17 18 20 23
11 16 17 18 19 24
9 13 16 19 22 26
10 11 13 22 24 25
11 13 16 19 22 24
10 15 17 18 20 25
10 15 16 19 20 25
10 13 15 20 22 25
11 13 15 20 22 24
11 12 15 20 23 24
11 12 16 19 23 24
11 13 17 18 22 24
11 12 17 18 23 24
11 12 14 21 23 24
9 12 13 22 23 26
9 16 17 18 19 26
11 13 14 21 22 24
10 14 15 20 21 25
7 14 17 18 21 28
7 14 15 20 21 28
11 12 13 22 23 24
9 12 14 21 23 26
9 10 16 19 25 26
10 12 13 22 23 25
10 11 14 21 24 25
8 12 15 20 23 27
6 13 16 19 22 29
8 11 16 19 24 27
8 13 14 21 22 27
5 10 15 20 25 30
