17 19 21 25 27 29
11 13 15 31 33 35
13 15 17 29 31 33
15 17 21 25 29 31
11 15 21 25 31 35
11 13 19 27 33 35
11 17 21 25 29 35
13 15 19 27 31 33
11 17 19 27 29 35
15 17 19 27 29 31
13 19 21 25 27 33
13 17 19 27 29 33
11 19 21 25 27 35
15 19 21 25 27 31
11 12 13 33 34 35
10 13 16 30 33 36
20 21 22 24 25 26
11 12 19 27 34 35
10 12 13 33 34 36
19 21 22 24 25 27
19 20 22 24 26 27
13 17 21 25 29 33
18 20 21 25 26 28
14 15 20 26 31 32
15 18 21 25 28 31
11 19 20 26 27 35
18 19 21 25 27 28
17 19 20 26 27 29
18 21 22 24 25 28
18 19 22 24 27 28
16 21 22 24 25 30
13 19 22 24 27 33
17 20 22 24 26 29
11 12 15 31 34 35
10 13 22 24 33 36
10 13 15 31 33 36
11 12 18 28 34 35
9 14 15 31 32 37
11 12 20 26 34 35
11 12 21 25 34 35
9 10 14 32 36 37
13 14 17 29 32 33
15 17 22 24 29 31
13 16 22 24 30 33
17 21 22 24 25 29
15 21 22 24 25 31
15 19 20 26 27 31
17 20 21 25 26 29
17 18 22 24 28 29
16 19 21 25 27 30
19 20 21 25 26 27
14 17 19 27 29 32
10 13 21 25 33 36
16 19 22 24 27 30
14 19 20 26 27 32
11 12 16 30 34 35
10 13 19 27 33 36
11 12 14 32 34 35
14 19 22 24 27 32
16 18 21 25 28 30
15 19 22 24 27 31
14 21 22 24 25 32
17 18 20 26 28 29
15 18 19 27 28 31
15 20 21 25 26 31
18 19 20 26 27 28
14 20 21 25 26 32
14 17 22 24 29 32
14 17 21 25 29 32
17 19 22 24 27 29
12 18 21 25 28 34
14 15 21 25 31 32
16 17 21 25 29 30
15 17 20 26 29 31
16 19 20 26 27 30
17 18 19 27 28 29
15 17 18 28 29 31
16 18 19 27 28 30
16 17 18 28 29 30
16 17 19 27 29 30
17 18 21 25 28 29
15 18 22 24 28 31
15 20 22 24 26 31
16 18 22 24 28 30
16 18 20 26 28 30
18 20 22 24 26 28
16 20 22 24 26 30
16 20 21 25 26 30
12 20 21 25 26 34
14 20 22 24 26 32
13 21 22 24 25 33
16 17 20 26 29 30
12 16 17 29 30 34
13 20 22 24 26 33
14 16 17 29 30 32
14 18 20 26 28 32
14 18 22 24 28 32
15 16 21 25 30 31
15 16 17 29 30 31
14 16 22 24 30 32
14 16 20 26 30 32
14 16 19 27 30 32
15 16 20 26 30 31
14 18 19 27 28 32
15 16 22 24 30 31
15 16 18 28 30 31
14 17 18 28 29 32
12 17 21 25 29 34
13 15 16 30 31 33
13 15 20 26 31 33
13 18 20 26 28 33
15 16 19 27 30 31
14 18 21 25 28 32
12 15 16 30 31 34
11 12 17 29 34 35
10 13 18 28 33 36
11 14 16 30 32 35
12 16 22 24 30 34
12 20 22 24 26 34
13 20 21 25 26 33
13 14 20 26 32 33
13 14 16 30 32 33
13 14 18 28 32 33
13 17 20 26 29 33
14 15 16 30 31 32
14 16 18 28 30 32
12 14 20 26 32 34
12 16 18 28 30 34
13 16 17 29 30 33
7 9 16 30 37 39
13 15 18 28 31 33
12 15 19 27 31 34
14 15 17 29 31 32
11 15 20 26 31 35
11 14 21 25 32 35
11 16 19 27 30 35
13 14 19 27 32 33
10 16 20 26 30 36
11 13 22 24 33 35
11 12 22 24 34 35
