6 9 12 15
4 9 10 11 12 17
6 8 10 11 13 15
5 6 9 12 15 16
6 9 10 11 12 15
5 8 9 12 13 16
6 8 9 12 13 15
5 9 10 11 12 16
4 5 9 12 16 17
6 7 8 13 14 15
4 6 10 11 15 17
6 7 9 12 14 15
6 8 9 10 11 12 13 15
3 4 9 10 11 12 17 18
3 4 5 10 11 16 17 18
6 7 8 9 12 13 14 15
6 7 8 10 11 13 14 15
4 5 9 10 11 12 16 17
4 6 8 10 11 13 15 17
3 6 8 10 11 13 15 18
5 6 8 9 12 13 15 16
6 7 9 10 11 12 14 15
3 4 8 10 11 13 17 18
3 4 6 10 11 15 17 18
6 7 8 9 10 11 12 13 14 15
2 3 4 5 10 11 16 17 18 19
3 4 5 9 10 11 12 16 17 18
3 4 6 8 10 11 13 15 17 18
2 4 5 9 10 11 12 16 17 19
