1 3 5 7 9 11 15 17 19 21 23 25
4 5 6 7 8 9 17 18 19 20 21 22
3 4 5 6 7 8 18 19 20 21 22 23
7 8 9 10 11 12 14 15 16 17 18 19
3 5 6 7 9 11 15 17 19 20 21 23
3 5 6 7 8 10 16 18 19 20 21 23
3 5 6 7 8 9 17 18 19 20 21 23
2 3 5 7 9 11 15 17 19 21 23 24
3 5 7 9 10 11 15 16 17 19 21 23
3 4 5 6 7 9 17 19 20 21 22 23
4 6 7 9 11 12 14 15 17 19 20 22
4 6 7 8 9 10 16 17 18 19 20 22
4 5 6 7 9 10 16 17 19 20 21 22
5 8 9 10 11 12 14 15 16 17 18 21
4 7 9 10 11 12 14 15 16 17 19 22
6 7 9 10 11 12 14 15 16 17 19 20
3 4 9 10 11 12 14 15 16 17 22 23
5 6 7 8 9 11 15 17 18 19 20 21
4 6 7 8 9 11 15 17 18 19 20 22
4 6 7 9 10 12 14 16 17 19 20 22
2 6 7 9 10 11 15 16 17 19 20 24
3 6 7 8 10 11 15 16 18 19 20 23
4 5 6 8 9 11 15 17 18 20 21 22
3 8 9 10 11 12 14 15 16 17 18 23
3 6 7 9 10 11 15 16 17 19 20 23
4 6 7 8 10 11 15 16 18 19 20 22
2 4 5 6 7 9 17 19 20 21 22 24
4 5 6 7 9 11 15 17 19 20 21 22
3 5 6 7 8 11 15 18 19 20 21 23
3 4 5 9 10 12 14 16 17 21 22 23
3 7 9 10 11 12 14 15 16 17 19 23
3 5 9 10 11 12 14 15 16 17 21 23
5 7 9 10 11 12 14 15 16 17 19 21
5 6 8 9 11 12 14 15 17 18 20 21
3 4 6 9 11 12 14 15 17 20 22 23
3 5 8 10 11 12 14 15 16 18 21 23
3 4 5 8 11 12 14 15 18 21 22 23
3 4 8 10 11 12 14 15 16 18 22 23
3 4 5 9 11 12 14 15 17 21 22 23
5 6 7 8 10 11 15 16 18 19 20 21
3 4 8 9 10 12 14 16 17 18 22 23
4 6 9 10 11 12 14 15 16 17 20 22
5 6 8 10 11 12 14 15 16 18 20 21
4 5 7 8 9 11 15 17 18 19 21 22
2 3 7 9 10 11 15 16 17 19 23 24
3 6 7 8 9 11 15 17 18 19 20 23
3 7 8 10 11 12 14 15 16 18 19 23
4 5 6 9 11 12 14 15 17 20 21 22
2 3 5 9 11 12 14 15 17 21 23 24
3 4 7 9 10 12 14 16 17 19 22 23
4 5 7 8 11 12 14 15 18 19 21 22
6 7 8 9 10 11 15 16 17 18 19 20
3 4 5 7 8 11 15 18 19 21 22 23
3 5 8 9 11 12 14 15 17 18 21 23
3 5 6 8 11 12 14 15 18 20 21 23
3 4 6 9 10 12 14 16 17 20 22 23
3 4 5 8 10 12 14 16 18 21 22 23
2 5 6 9 11 12 14 15 17 20 21 24
3 4 6 7 9 11 15 17 19 20 22 23
3 4 6 7 9 10 16 17 19 20 22 23
5 6 7 8 9 10 16 17 18 19 20 21
6 8 9 10 11 12 14 15 16 17 18 20
6 7 8 10 11 12 14 15 16 18 19 20
3 4 7 9 10 11 15 16 17 19 22 23
4 5 6 7 8 10 16 18 19 20 21 22
4 5 6 7 8 12 14 18 19 20 21 22
3 5 7 9 11 12 14 15 17 19 21 23
5 7 8 10 11 12 14 15 16 18 19 21
5 6 7 8 9 12 14 17 18 19 20 21
4 5 6 8 9 10 16 17 18 20 21 22
3 5 7 8 10 12 14 16 18 19 21 23
3 4 5 7 8 9 17 18 19 21 22 23
4 5 7 8 9 12 14 17 18 19 21 22
3 4 7 8 10 12 14 16 18 19 22 23
4 5 6 8 9 12 14 17 18 20 21 22
4 5 7 8 9 10 16 17 18 19 21 22
2 6 8 10 11 12 14 15 16 18 20 24
3 4 5 6 8 12 14 18 20 21 22 23
4 5 9 10 11 12 14 15 16 17 21 22
3 5 7 8 9 12 14 17 18 19 21 23
3 4 5 7 8 10 16 18 19 21 22 23
3 6 7 8 10 12 14 16 18 19 20 23
4 5 8 9 10 12 14 16 17 18 21 22
3 5 7 8 10 11 15 16 18 19 21 23
3 5 7 8 9 10 16 17 18 19 21 23
4 5 6 9 10 12 14 16 17 20 21 22
3 4 5 8 9 12 14 17 18 21 22 23
4 5 8 9 10 11 15 16 17 18 21 22
3 6 7 9 10 12 14 16 17 19 20 23
4 5 6 7 8 11 15 18 19 20 21 22
2 6 7 8 10 11 15 16 18 19 20 24
4 6 7 8 9 12 14 17 18 19 20 22
4 5 6 8 11 12 14 15 18 20 21 22
4 7 8 9 10 11 15 16 17 18 19 22
3 4 5 7 9 11 15 17 19 21 22 23
5 7 8 9 11 12 14 15 17 18 19 21
5 6 9 10 11 12 14 15 16 17 20 21
3 7 8 9 10 11 15 16 17 18 19 23
4 7 8 10 11 12 14 15 16 18 19 22
3 4 5 7 9 12 14 17 19 21 22 23
4 5 6 9 10 11 15 16 17 20 21 22
3 4 5 6 9 12 14 17 20 21 22 23
3 4 5 7 9 10 16 17 19 21 22 23
5 6 7 9 10 11 15 16 17 19 20 21
3 5 7 8 11 12 14 15 18 19 21 23
4 5 7 9 10 12 14 16 17 19 21 22
3 5 7 9 10 12 14 16 17 19 21 23
3 4 7 8 10 11 15 16 18 19 22 23
5 6 7 8 11 12 14 15 18 19 20 21
3 4 5 7 8 12 14 18 19 21 22 23
4 6 7 9 10 11 15 16 17 19 20 22
2 5 6 7 9 11 15 17 19 20 21 24
4 5 7 9 10 11 15 16 17 19 21 22
3 5 6 9 11 12 14 15 17 20 21 23
3 6 8 9 11 12 14 15 17 18 20 23
2 6 9 10 11 12 14 15 16 17 20 24
3 5 7 8 9 11 15 17 18 19 21 23
3 6 7 8 9 10 16 17 18 19 20 23
3 4 6 7 8 10 16 18 19 20 22 23
4 7 8 9 11 12 14 15 17 18 19 22
4 5 6 7 9 12 14 17 19 20 21 22
3 7 8 9 10 12 14 16 17 18 19 23
3 5 8 9 10 11 15 16 17 18 21 23
4 5 8 9 11 12 14 15 17 18 21 22
3 6 9 10 11 12 14 15 16 17 20 23
5 6 7 9 11 12 14 15 17 19 20 21
3 6 8 10 11 12 14 15 16 18 20 23
3 6 7 9 11 12 14 15 17 19 20 23
4 5 6 8 10 11 15 16 18 20 21 22
5 6 7 9 10 12 14 16 17 19 20 21
4 5 7 9 11 12 14 15 17 19 21 22
4 8 9 10 11 12 14 15 16 17 18 22
5 7 8 9 10 11 15 16 17 18 19 21
4 6 8 10 11 12 14 15 16 18 20 22
3 4 6 8 10 12 14 16 18 20 22 23
4 6 7 8 10 12 14 16 18 19 20 22
4 5 6 8 10 12 14 16 18 20 21 22
3 6 7 8 11 12 14 15 18 19 20 23
4 6 8 9 10 12 14 16 17 18 20 22
4 6 7 8 11 12 14 15 18 19 20 22
6 7 8 9 11 12 14 15 17 18 19 20
3 4 6 8 11 12 14 15 18 20 22 23
3 4 7 8 9 10 16 17 18 19 22 23
3 7 8 9 11 12 14 15 17 18 19 23
2 4 6 7 9 10 16 17 19 20 22 24
4 7 8 9 10 12 14 16 17 18 19 22
4 5 7 10 11 12 14 15 16 19 21 22
5 7 8 9 10 12 14 16 17 18 19 21
3 5 6 9 10 11 15 16 17 20 21 23
3 5 6 7 8 12 14 18 19 20 21 23
4 5 8 10 11 12 14 15 16 18 21 22
4 6 8 9 11 12 14 15 17 18 20 22
5 6 7 8 10 12 14 16 18 19 20 21
5 6 8 9 10 11 15 16 17 18 20 21
4 6 7 10 11 12 14 15 16 19 20 22
6 7 8 9 10 12 14 16 17 18 19 20
5 6 8 9 10 12 14 16 17 18 20 21
2 5 6 7 8 11 15 18 19 20 21 24
5 6 7 10 11 12 14 15 16 19 20 21
2 4 6 8 10 12 14 16 18 20 22 24
