1 3 5 7 11 13 15 17
3 4 5 6 12 13 14 15
2 3 7 8 10 11 15 16
5 6 7 8 10 11 12 13
4 5 6 7 11 12 13 14
3 4 5 7 11 13 14 15
2 3 5 7 11 13 15 16
2 4 5 7 11 13 14 16
2 6 7 8 10 11 12 16
2 3 4 8 10 14 15 16
2 5 6 7 11 12 13 16
3 5 6 7 11 12 13 15
2 5 7 8 10 11 13 16
3 5 7 8 10 11 13 15
3 4 7 8 10 11 14 15
3 6 7 8 10 11 12 15
3 4 6 8 10 12 14 15
3 5 6 8 10 12 13 15
3 4 5 8 10 13 14 15
1 5 7 8 10 11 13 17
4 6 7 8 10 11 12 14
2 4 7 8 10 11 14 16
4 5 6 8 10 12 13 14
4 5 7 8 10 11 13 14
1 5 6 7 11 12 13 17
2 4 6 8 10 12 14 16
