13 14 15 16 17 18 19
12 13 15 16 17 19 20
12 13 14 16 18 19 20
11 13 15 16 17 19 21
11 13 14 16 18 19 21
11 14 15 16 17 18 21
11 12 15 16 17 20 21
11 12 13 16 19 20 21
11 12 14 16 18 20 21
12 14 15 16 17 18 20
10 13 15 16 17 19 22
10 13 14 16 18 19 22
9 13 15 16 17 19 23
9 11 15 16 17 21 23
7 13 15 16 17 19 25
9 12 15 16 17 20 23
10 14 15 16 17 18 22
8 11 15 16 17 21 24
8 14 15 16 17 18 24
8 13 15 16 17 19 24
8 13 14 16 18 19 24
8 11 14 16 18 21 24
9 13 14 16 18 19 23
10 11 13 16 19 21 22
7 13 14 16 18 19 25
9 14 15 16 17 18 23
10 12 14 16 18 20 22
10 12 15 16 17 20 22
10 11 14 16 18 21 22
10 11 15 16 17 21 22
10 12 13 16 19 20 22
9 12 14 16 18 20 23
9 10 14 16 18 22 23
9 10 12 16 20 22 23
7 9 13 16 19 23 25
7 9 11 16 21 23 25
4 12 15 16 17 20 28
10 11 12 16 20 21 22
7 9 15 16 17 23 25
6 10 14 16 18 22 26
6 10 15 16 17 22 26
7 9 10 16 22 23 25
7 9 12 16 20 23 25
8 12 13 16 19 20 24
8 12 15 16 17 20 24
8 12 14 16 18 20 24
8 10 11 16 21 22 24
7 10 15 16 17 22 25
4 12 14 16 18 20 28
6 10 13 16 19 22 26
7 12 13 16 19 20 25
9 10 13 16 19 22 23
9 11 12 16 20 21 23
7 11 14 16 18 21 25
6 12 14 16 18 20 26
7 9 14 16 18 23 25
6 10 12 16 20 22 26
8 10 12 16 20 22 24
8 11 13 16 19 21 24
8 10 14 16 18 22 24
7 8 9 16 23 24 25
6 8 10 16 22 24 26
4 8 12 16 20 24 28
