9 13 17 27 31 35
15 19 21 23 25 29
15 17 21 23 27 29
13 17 21 23 27 31
11 17 21 23 27 33
9 13 19 25 31 35
11 17 19 25 27 33
13 19 21 23 25 31
15 17 19 25 27 29
9 13 21 23 31 35
13 17 19 25 27 31
11 15 21 23 29 33
9 13 15 29 31 35
11 19 21 23 25 33
13 15 19 25 29 31
19 20 21 23 24 25
7 15 18 26 29 37
11 18 19 25 26 33
18 19 21 23 25 26
11 16 21 23 28 33
9 11 13 31 33 35
10 12 21 23 32 34
9 13 20 24 31 35
17 19 21 23 25 27
17 19 20 24 25 27
17 18 20 24 26 27
18 20 21 23 24 26
9 10 13 31 34 35
11 17 20 24 27 33
16 17 21 23 27 28
10 11 12 32 33 34
10 12 15 29 32 34
10 15 18 26 29 34
7 10 15 29 34 37
9 13 16 28 31 35
13 16 17 27 28 31
9 12 13 31 32 35
11 16 18 26 28 33
10 11 18 26 33 34
11 14 20 24 30 33
11 16 20 24 28 33
10 12 13 31 32 34
16 20 21 23 24 28
12 19 21 23 25 32
15 20 21 23 24 29
17 20 21 23 24 27
15 18 19 25 26 29
17 18 21 23 26 27
16 18 19 25 26 28
18 19 20 24 25 26
13 16 20 24 28 31
13 14 19 25 30 31
16 17 19 25 27 28
15 18 21 23 26 29
14 17 20 24 27 30
14 17 21 23 27 30
10 18 21 23 26 34
10 12 19 25 32 34
16 19 20 24 25 28
11 19 20 24 25 33
15 17 20 24 27 29
14 18 21 23 26 30
14 20 21 23 24 30
13 20 21 23 24 31
6 14 18 26 30 38
10 14 18 26 30 34
15 16 20 24 28 29
16 17 20 24 27 28
13 19 20 24 25 31
15 19 20 24 25 29
15 16 18 26 28 29
11 17 18 26 27 33
9 13 14 30 31 35
8 9 13 31 35 36
16 17 18 26 27 28
15 16 17 27 28 29
13 14 20 24 30 31
14 19 21 23 25 30
15 16 19 25 28 29
16 19 21 23 25 28
14 18 19 25 26 30
15 18 20 24 26 29
17 18 19 25 26 27
13 16 21 23 28 31
15 17 18 26 27 29
11 14 18 26 30 33
11 20 21 23 24 33
11 18 20 24 26 33
11 18 21 23 26 33
16 18 21 23 26 28
10 18 19 25 26 34
10 12 18 26 32 34
8 12 14 30 32 36
16 18 20 24 26 28
14 18 20 24 26 30
10 12 14 30 32 34
8 14 20 24 30 36
14 19 20 24 25 30
14 17 18 26 27 30
10 17 19 25 27 34
13 18 20 24 26 31
14 16 19 25 28 30
10 17 18 26 27 34
13 14 16 28 30 31
14 16 18 26 28 30
12 16 18 26 28 32
8 14 18 26 30 36
12 18 20 24 26 32
14 15 19 25 29 30
13 18 21 23 26 31
10 12 16 28 32 34
14 15 20 24 29 30
12 19 20 24 25 32
14 15 21 23 29 30
12 17 20 24 27 32
13 18 19 25 26 31
12 15 20 24 29 32
13 16 18 26 28 31
14 16 20 24 28 30
14 15 17 27 29 30
14 16 21 23 28 30
10 12 17 27 32 34
12 16 21 23 28 32
14 15 18 26 29 30
12 20 21 23 24 32
13 15 18 26 29 31
10 14 17 27 30 34
10 16 20 24 28 34
14 16 17 27 28 30
11 12 20 24 32 33
11 14 16 28 30 33
11 14 15 29 30 33
13 14 18 26 30 31
10 18 20 24 26 34
14 15 16 28 29 30
12 14 16 28 30 32
12 16 20 24 28 32
10 16 18 26 28 34
9 15 20 24 29 35
12 15 17 27 29 32
13 15 16 28 29 31
13 14 17 27 30 31
6 10 16 28 34 38
11 16 17 27 28 33
11 15 18 26 29 33
10 15 19 25 29 34
12 13 19 25 31 32
9 13 18 26 31 35
12 14 18 26 30 32
10 13 21 23 31 34
10 14 20 24 30 34
9 17 18 26 27 35
8 16 20 24 28 36
10 12 20 24 32 34
7 8 15 29 36 37
