20 22 23 24 25 27
20 21 23 24 26 27
20 21 22 25 26 27
19 22 23 24 25 28
18 22 23 24 25 29
19 20 22 25 27 28
19 21 22 25 26 28
18 20 23 24 27 29
19 21 23 24 26 28
19 20 23 24 27 28
18 19 21 26 28 29
21 22 23 24 25 26
17 22 23 24 25 30
18 20 21 26 27 29
16 19 20 27 28 31
16 21 23 24 26 31
16 20 22 25 27 31
17 21 23 24 26 30
17 19 20 27 28 30
18 19 22 25 28 29
16 18 22 25 29 31
17 18 22 25 29 30
16 20 21 26 27 31
18 21 22 25 26 29
18 19 20 27 28 29
16 22 23 24 25 31
16 18 21 26 29 31
18 21 23 24 26 29
15 21 23 24 26 32
17 19 23 24 28 30
19 20 21 26 27 28
17 18 20 27 29 30
16 21 22 25 26 31
17 18 23 24 29 30
16 17 22 25 30 31
17 18 21 26 29 30
16 18 23 24 29 31
17 20 21 26 27 30
18 20 22 25 27 29
17 21 22 25 26 30
16 19 23 24 28 31
16 17 20 27 30 31
15 21 22 25 26 32
17 20 23 24 27 30
14 21 23 24 26 33
15 19 21 26 28 32
16 19 21 26 28 31
18 19 23 24 28 29
15 20 23 24 27 32
17 19 22 25 28 30
17 20 22 25 27 30
14 19 22 25 28 33
14 15 17 30 32 33
15 17 22 25 30 32
15 17 19 28 30 32
15 16 20 27 31 32
15 16 22 25 31 32
14 19 20 27 28 33
15 17 20 27 30 32
15 17 21 26 30 32
15 16 21 26 31 32
15 16 18 29 31 32
14 17 19 28 30 33
15 16 19 28 31 32
15 16 23 24 31 32
15 17 23 24 30 32
14 15 19 28 32 33
13 16 21 26 31 34
15 17 18 29 30 32
15 16 17 30 31 32
12 16 19 28 31 35
14 16 17 30 31 33
14 15 18 29 32 33
12 17 18 29 30 35
13 14 20 27 33 34
13 16 18 29 31 34
11 14 22 25 33 36
