13 14 15 16 17 18 19 20
12 14 15 16 17 18 19 21
12 13 15 16 17 18 20 21
12 13 14 16 17 19 20 21
12 13 14 15 18 19 20 21
5 6 15 16 17 18 27 28
5 6 7 16 17 26 27 28
7 10 12 15 18 21 23 26
5 6 9 16 17 24 27 28
4 5 7 16 17 26 28 29
6 9 13 16 17 20 24 27
8 9 13 14 19 20 24 25
8 10 12 14 19 21 23 25
5 6 13 16 17 20 27 28
10 14 15 16 17 18 19 23
10 12 14 16 17 19 21 23
10 12 15 16 17 18 21 23
10 12 14 15 18 19 21 23
6 14 15 16 17 18 19 27
9 13 14 16 17 19 20 24
8 13 14 15 18 19 20 25
7 12 15 16 17 18 21 26
8 12 14 15 18 19 21 25
11 13 15 16 17 18 20 22
11 13 14 16 17 19 20 22
11 13 14 15 18 19 20 22
11 14 15 16 17 18 19 22
11 12 15 16 17 18 21 22
11 12 13 14 19 20 21 22
11 12 14 15 18 19 21 22
11 12 14 16 17 19 21 22
11 12 13 16 17 20 21 22
11 12 13 15 18 20 21 22
10 11 15 16 17 18 22 23
10 11 14 16 17 19 22 23
10 13 15 16 17 18 20 23
10 13 14 16 17 19 20 23
10 13 14 15 18 19 20 23
10 12 13 15 18 20 21 23
10 12 13 16 17 20 21 23
10 12 13 14 19 20 21 23
7 8 9 14 19 24 25 26
9 10 13 16 17 20 23 24
9 13 14 15 18 19 20 24
7 9 10 15 18 23 24 26
5 7 8 16 17 25 26 28
8 10 12 16 17 21 23 25
9 12 14 16 17 19 21 24
8 13 15 16 17 18 20 25
8 12 15 16 17 18 21 25
7 14 15 16 17 18 19 26
8 9 13 15 18 20 24 25
8 10 14 16 17 19 23 25
5 6 14 16 17 19 27 28
9 14 15 16 17 18 19 24
9 13 15 16 17 18 20 24
7 12 13 15 18 20 21 26
9 12 13 16 17 20 21 24
8 9 12 14 19 21 24 25
8 10 13 14 19 20 23 25
7 8 10 14 19 23 25 26
4 7 9 15 18 24 26 29
8 14 15 16 17 18 19 25
8 13 14 16 17 19 20 25
8 12 14 16 17 19 21 25
9 12 13 14 19 20 21 24
8 9 10 13 20 23 24 25
8 9 14 15 18 19 24 25
9 10 12 16 17 21 23 24
9 12 13 15 18 20 21 24
7 9 12 15 18 21 24 26
9 12 15 16 17 18 21 24
9 12 14 15 18 19 21 24
9 10 12 15 18 21 23 24
7 8 13 14 19 20 25 26
5 10 14 16 17 19 23 28
7 10 13 15 18 20 23 26
5 10 13 16 17 20 23 28
7 10 12 13 20 21 23 26
7 13 14 16 17 19 20 26
7 13 14 15 18 19 20 26
6 13 14 15 18 19 20 27
5 7 8 15 18 25 26 28
6 9 10 16 17 23 24 27
8 12 13 14 19 20 21 25
8 12 13 15 18 20 21 25
6 13 14 16 17 19 20 27
8 10 14 15 18 19 23 25
4 13 14 16 17 19 20 29
6 8 10 14 19 23 25 27
10 11 12 14 19 21 22 23
10 11 12 15 18 21 22 23
9 11 13 16 17 20 22 24
9 11 13 14 19 20 22 24
8 9 11 13 20 22 24 25
8 11 13 14 19 20 22 25
7 8 12 14 19 21 25 26
8 9 10 16 17 23 24 25
8 9 13 16 17 20 24 25
6 12 15 16 17 18 21 27
6 10 12 15 18 21 23 27
6 12 14 15 18 19 21 27
8 10 12 15 18 21 23 25
7 10 15 16 17 18 23 26
8 9 10 14 19 23 24 25
4 7 10 16 17 23 26 29
7 10 12 16 17 21 23 26
7 8 12 15 18 21 25 26
5 8 13 16 17 20 25 28
8 9 12 13 20 21 24 25
9 11 13 15 18 20 22 24
8 11 14 16 17 19 22 25
10 11 12 13 20 21 22 23
5 8 14 16 17 19 25 28
6 9 13 14 19 20 24 27
9 10 14 16 17 19 23 24
6 10 14 16 17 19 23 27
10 11 12 16 17 21 22 23
8 10 11 14 19 22 23 25
6 8 9 16 17 24 25 27
8 9 14 16 17 19 24 25
6 8 9 14 19 24 25 27
7 11 12 15 18 21 22 26
8 9 11 14 19 22 24 25
7 10 12 14 19 21 23 26
6 9 15 16 17 18 24 27
6 12 13 15 18 20 21 27
7 12 14 15 18 19 21 26
7 8 15 16 17 18 25 26
7 8 14 15 18 19 25 26
6 10 12 16 17 21 23 27
6 8 14 16 17 19 25 27
8 12 13 16 17 20 21 25
9 10 14 15 18 19 23 24
9 10 13 14 19 20 23 24
7 10 14 16 17 19 23 26
8 10 15 16 17 18 23 25
6 8 14 15 18 19 25 27
8 9 15 16 17 18 24 25
8 10 13 16 17 20 23 25
5 8 13 15 18 20 25 28
7 9 10 16 17 23 24 26
6 8 13 14 19 20 25 27
7 8 10 15 18 23 25 26
6 7 10 16 17 23 26 27
9 10 12 13 20 21 23 24
7 8 14 16 17 19 25 26
9 10 13 15 18 20 23 24
7 9 14 15 18 19 24 26
10 11 13 16 17 20 22 23
10 11 13 15 18 20 22 23
9 11 12 16 17 21 22 24
8 10 11 16 17 22 23 25
10 11 13 14 19 20 22 23
9 11 15 16 17 18 22 24
9 11 14 15 18 19 22 24
8 11 15 16 17 18 22 25
8 11 13 16 17 20 22 25
8 11 14 15 18 19 22 25
8 11 12 14 19 21 22 25
6 8 12 14 19 21 25 27
7 10 13 14 19 20 23 26
5 6 10 16 17 23 27 28
7 8 11 15 18 22 25 26
6 8 11 14 19 22 25 27
7 10 13 16 17 20 23 26
7 8 9 16 17 24 25 26
6 7 13 14 19 20 26 27
7 11 13 14 19 20 22 26
9 11 12 15 18 21 22 24
9 10 11 14 19 22 23 24
8 11 12 13 20 21 22 25
7 10 11 16 17 22 23 26
8 9 11 16 17 22 24 25
8 10 12 13 20 21 23 25
7 9 10 14 19 23 24 26
6 7 8 14 19 25 26 27
7 8 13 15 18 20 25 26
6 11 12 15 18 21 22 27
5 8 13 14 19 20 25 28
7 8 10 16 17 23 25 26
7 12 13 14 19 20 21 26
9 10 12 14 19 21 23 24
8 9 10 15 18 23 24 25
5 6 12 16 17 21 27 28
7 8 9 15 18 24 25 26
9 11 12 13 20 21 22 24
9 10 11 13 20 22 23 24
7 8 11 14 19 22 25 26
8 9 12 16 17 21 24 25
6 9 12 15 18 21 24 27
5 6 11 16 17 22 27 28
