16 17 18 19 20 21 22 23
6 7 8 19 20 31 32 33
15 17 18 19 20 21 22 24
15 16 17 19 20 22 23 24
15 16 17 18 21 22 23 24
5 7 8 19 20 31 32 34
14 17 18 19 20 21 22 25
14 16 18 19 20 21 23 25
14 16 17 19 20 22 23 25
14 16 17 18 21 22 23 25
14 15 18 19 20 21 24 25
14 15 16 17 22 23 24 25
14 15 17 18 21 22 24 25
14 15 16 19 20 23 24 25
14 15 16 18 21 23 24 25
14 15 17 19 20 22 24 25
6 7 18 19 20 21 32 33
15 16 18 19 20 21 23 24
8 11 15 18 21 24 28 31
6 7 11 19 20 28 32 33
9 12 14 17 22 25 27 30
9 10 16 17 22 23 29 30
10 12 14 16 23 25 27 29
6 7 15 19 20 24 32 33
12 14 16 18 21 23 25 27
7 9 12 17 22 27 30 32
10 15 16 17 22 23 24 29
9 12 17 19 20 22 27 30
7 8 17 19 20 22 31 32
10 12 14 18 21 25 27 29
12 14 16 19 20 23 25 27
12 16 18 19 20 21 23 27
12 16 17 18 21 22 23 27
12 16 17 19 20 22 23 27
12 14 18 19 20 21 25 27
11 15 16 19 20 23 24 28
10 14 16 18 21 23 25 29
8 17 18 19 20 21 22 31
6 7 9 19 20 30 32 33
6 7 17 19 20 22 32 33
9 10 11 16 23 28 29 30
9 14 17 19 20 22 25 30
12 14 17 18 21 22 25 27
12 14 16 17 22 23 25 27
9 12 14 19 20 25 27 30
10 12 16 18 21 23 27 29
8 12 14 18 21 25 27 31
10 11 15 16 23 24 28 29
4 7 17 19 20 22 32 35
10 16 17 18 21 22 23 29
9 16 17 19 20 22 23 30
11 15 16 18 21 23 24 28
10 15 16 18 21 23 24 29
12 17 18 19 20 21 22 27
11 16 18 19 20 21 23 28
12 14 17 19 20 22 25 27
10 15 17 18 21 22 24 29
9 12 16 17 22 23 27 30
10 14 16 17 22 23 25 29
11 15 18 19 20 21 24 28
8 15 17 18 21 22 24 31
9 10 12 16 23 27 29 30
13 15 17 19 20 22 24 26
13 15 17 18 21 22 24 26
13 15 16 18 21 23 24 26
13 15 16 17 22 23 24 26
13 15 16 19 20 23 24 26
13 17 18 19 20 21 22 26
13 16 17 19 20 22 23 26
13 16 17 18 21 22 23 26
13 14 17 19 20 22 25 26
13 16 18 19 20 21 23 26
13 14 18 19 20 21 25 26
13 14 16 19 20 23 25 26
13 14 16 18 21 23 25 26
13 14 15 17 22 24 25 26
13 14 15 19 20 24 25 26
13 14 16 17 22 23 25 26
13 14 15 18 21 24 25 26
13 15 18 19 20 21 24 26
12 13 17 19 20 22 26 27
13 14 17 18 21 22 25 26
12 13 18 19 20 21 26 27
12 13 16 18 21 23 26 27
11 13 16 19 20 23 26 28
12 13 16 17 22 23 26 27
10 11 16 17 22 23 28 29
7 10 11 19 20 28 29 32
9 10 15 17 22 24 29 30
9 11 16 17 22 23 28 30
8 10 14 16 23 25 29 31
12 15 18 19 20 21 24 27
12 15 17 19 20 22 24 27
12 15 16 18 21 23 24 27
8 12 15 18 21 24 27 31
10 11 15 19 20 24 28 29
12 15 17 18 21 22 24 27
8 12 14 16 23 25 27 31
6 7 16 19 20 23 32 33
11 15 17 19 20 22 24 28
10 14 18 19 20 21 25 29
10 12 14 19 20 25 27 29
11 16 17 18 21 22 23 28
11 15 16 17 22 23 24 28
10 16 18 19 20 21 23 29
10 14 17 19 20 22 25 29
10 11 16 19 20 23 28 29
10 12 16 19 20 23 27 29
11 14 18 19 20 21 25 28
11 14 16 18 21 23 25 28
11 12 17 18 21 22 27 28
11 14 15 19 20 24 25 28
12 14 15 18 21 24 25 27
12 14 15 17 22 24 25 27
11 12 14 18 21 25 27 28
7 14 17 19 20 22 25 32
9 11 15 16 23 24 28 30
11 15 17 18 21 22 24 28
11 12 15 18 21 24 27 28
8 10 12 16 23 27 29 31
9 15 16 17 22 23 24 30
11 12 17 19 20 22 27 28
11 12 15 19 20 24 27 28
10 15 18 19 20 21 24 29
9 16 18 19 20 21 23 30
9 10 16 18 21 23 29 30
11 12 14 19 20 25 27 28
8 14 16 19 20 23 25 31
11 16 17 19 20 22 23 28
8 10 16 17 22 23 29 31
11 17 18 19 20 21 22 28
9 16 17 18 21 22 23 30
9 14 15 17 22 24 25 30
8 16 18 19 20 21 23 31
10 11 14 16 23 25 28 29
9 10 11 17 22 28 29 30
12 15 16 19 20 23 24 27
12 15 16 17 22 23 24 27
9 10 15 16 23 24 29 30
12 14 15 16 23 24 25 27
5 8 9 18 21 30 31 34
12 14 15 19 20 24 25 27
11 14 16 19 20 23 25 28
10 14 16 19 20 23 25 29
11 14 15 16 23 24 25 28
10 15 16 19 20 23 24 29
10 11 15 17 22 24 28 29
11 14 15 18 21 24 25 28
8 10 11 16 23 28 29 31
10 17 18 19 20 21 22 29
10 16 17 19 20 22 23 29
8 9 10 16 23 29 30 31
9 17 18 19 20 21 22 30
8 16 17 19 20 22 23 31
10 12 15 16 23 24 27 29
10 11 12 15 24 27 28 29
9 15 16 19 20 23 24 30
9 11 12 17 22 27 28 30
11 14 15 17 22 24 25 28
11 14 17 19 20 22 25 28
11 14 17 18 21 22 25 28
7 8 16 19 20 23 31 32
9 12 15 17 22 24 27 30
11 14 16 17 22 23 25 28
9 15 16 18 21 23 24 30
9 15 18 19 20 21 24 30
9 14 15 18 21 24 25 30
9 11 14 17 22 25 28 30
7 11 14 19 20 25 28 32
9 15 17 18 21 22 24 30
9 12 14 15 24 25 27 30
11 12 14 17 22 25 27 28
10 11 14 17 22 25 28 29
7 14 16 19 20 23 25 32
10 13 16 18 21 23 26 29
8 10 12 18 21 27 29 31
10 12 16 17 22 23 27 29
8 14 17 19 20 22 25 31
10 14 15 18 21 24 25 29
8 14 17 18 21 22 25 31
8 12 14 19 20 25 27 31
10 14 15 16 23 24 25 29
10 14 15 17 22 24 25 29
7 12 17 19 20 22 27 32
8 10 14 18 21 25 29 31
7 8 9 17 22 30 31 32
8 10 15 18 21 24 29 31
7 8 10 17 22 29 31 32
8 12 14 17 22 25 27 31
9 11 12 19 20 27 28 30
6 15 18 19 20 21 24 33
8 12 18 19 20 21 27 31
8 10 14 17 22 25 29 31
7 11 12 19 20 27 28 32
9 11 12 16 23 27 28 30
6 14 15 19 20 24 25 33
7 8 11 19 20 28 31 32
10 11 16 18 21 23 28 29
5 8 14 19 20 25 31 34
8 9 10 17 22 29 30 31
11 12 16 18 21 23 27 28
12 13 14 18 21 25 26 27
10 11 13 15 24 26 28 29
10 11 13 16 23 26 28 29
9 11 12 18 21 27 28 30
8 15 16 17 22 23 24 31
8 11 15 16 23 24 28 31
9 12 14 16 23 25 27 30
8 10 17 18 21 22 29 31
9 10 14 16 23 25 29 30
10 11 12 16 23 27 28 29
10 12 13 16 23 26 27 29
11 13 15 16 23 24 26 28
8 10 16 18 21 23 29 31
7 12 14 19 20 25 27 32
8 9 17 18 21 22 30 31
11 13 15 17 22 24 26 28
10 13 16 19 20 23 26 29
12 13 14 15 24 25 26 27
10 13 15 16 23 24 26 29
8 14 15 17 22 24 25 31
11 12 16 19 20 23 27 28
9 11 16 19 20 23 28 30
9 14 16 17 22 23 25 30
9 14 16 19 20 23 25 30
12 13 14 17 22 25 26 27
12 13 14 19 20 25 26 27
11 13 15 18 21 24 26 28
9 13 16 17 22 23 26 30
10 13 16 17 22 23 26 29
10 13 14 16 23 25 26 29
8 10 15 16 23 24 29 31
8 9 12 18 21 27 30 31
9 12 14 18 21 25 27 30
7 12 14 18 21 25 27 32
9 10 17 19 20 22 29 30
10 12 17 18 21 22 27 29
9 10 12 17 22 27 29 30
8 11 18 19 20 21 28 31
10 11 15 18 21 24 28 29
6 15 17 18 21 22 24 33
7 12 18 19 20 21 27 32
10 12 14 17 22 25 27 29
12 13 14 16 23 25 26 27
9 12 13 17 22 26 27 30
11 13 15 19 20 24 26 28
9 12 16 18 21 23 27 30
9 10 14 19 20 25 29 30
9 12 18 19 20 21 27 30
9 12 17 18 21 22 27 30
8 15 16 18 21 23 24 31
9 10 16 19 20 23 29 30
8 14 15 16 23 24 25 31
9 10 12 19 20 27 29 30
9 10 13 16 23 26 29 30
11 12 16 17 22 23 27 28
10 12 15 17 22 24 27 29
10 14 15 19 20 24 25 29
8 14 16 17 22 23 25 31
9 11 18 19 20 21 28 30
10 12 17 19 20 22 27 29
10 11 14 15 24 25 28 29
10 11 17 18 21 22 28 29
7 10 17 19 20 22 29 32
8 10 18 19 20 21 29 31
11 12 15 16 23 24 27 28
8 11 17 19 20 22 28 31
7 9 12 19 20 27 30 32
6 10 16 18 21 23 29 33
7 10 16 19 20 23 29 32
9 10 18 19 20 21 29 30
11 12 15 17 22 24 27 28
11 12 14 15 24 25 27 28
10 11 17 19 20 22 28 29
10 11 14 19 20 25 28 29
7 10 15 17 22 24 29 32
7 10 12 17 22 27 29 32
7 10 11 18 21 28 29 32
8 11 12 19 20 27 28 31
8 9 14 17 22 25 30 31
8 10 16 19 20 23 29 31
10 12 15 19 20 24 27 29
9 11 17 18 21 22 28 30
7 8 12 19 20 27 31 32
8 10 11 18 21 28 29 31
12 13 15 19 20 24 26 27
11 13 16 17 22 23 26 28
10 13 14 19 20 25 26 29
12 13 15 17 22 24 26 27
12 13 15 16 23 24 26 27
11 13 14 19 20 25 26 28
11 13 17 19 20 22 26 28
11 13 14 16 23 25 26 28
12 13 15 18 21 24 26 27
11 13 17 18 21 22 26 28
11 12 13 17 22 26 27 28
11 13 14 18 21 25 26 28
9 13 18 19 20 21 26 30
10 11 13 17 22 26 28 29
7 12 15 19 20 24 27 32
7 11 14 17 22 25 28 32
6 7 14 19 20 25 32 33
8 10 13 18 21 26 29 31
7 12 13 19 20 26 27 32
8 11 14 17 22 25 28 31
9 10 11 19 20 28 29 30
6 12 15 18 21 24 27 33
7 11 14 18 21 25 28 32
11 13 14 17 22 25 26 28
9 13 15 18 21 24 26 30
8 13 14 17 22 25 26 31
11 12 13 16 23 26 27 28
10 13 14 15 24 25 26 29
8 11 13 19 20 26 28 31
6 7 12 19 20 27 32 33
7 12 16 19 20 23 27 32
10 11 12 17 22 27 28 29
10 12 13 17 22 26 27 29
9 12 13 18 21 26 27 30
9 10 13 19 20 26 29 30
7 10 11 17 22 28 29 32
7 14 16 18 21 23 25 32
10 11 14 18 21 25 28 29
7 10 16 17 22 23 29 32
9 14 15 16 23 24 25 30
8 9 15 17 22 24 30 31
10 12 14 15 24 25 27 29
9 11 14 19 20 25 28 30
11 12 14 16 23 25 27 28
8 9 11 17 22 28 30 31
8 11 14 19 20 25 28 31
9 10 11 18 21 28 29 30
11 13 14 15 24 25 26 28
11 12 13 15 24 26 27 28
8 10 13 16 23 26 29 31
9 10 15 19 20 24 29 30
9 12 15 18 21 24 27 30
6 13 15 18 21 24 26 33
6 9 12 18 21 27 30 33
6 7 13 19 20 26 32 33
