4 8 9 10 12 13 15 16 17 21
4 5 9 11 12 13 14 16 20 21
4 6 9 10 12 13 15 16 19 21
4 5 6 9 11 14 16 19 20 21
4 6 9 10 11 14 15 16 19 21
4 6 7 10 11 14 15 18 19 21
4 8 10 11 12 13 14 15 17 21
4 5 7 9 11 14 16 18 20 21
4 5 8 9 12 13 16 17 20 21
4 6 9 10 11 12 13 14 15 16 19 21
3 4 5 9 11 12 13 14 16 20 21 22
4 7 8 10 11 12 13 14 15 17 18 21
4 5 9 10 11 12 13 14 15 16 20 21
4 6 7 10 11 12 13 14 15 18 19 21
4 6 8 10 11 12 13 14 15 17 19 21
4 5 6 7 9 11 14 16 18 19 20 21
4 5 8 10 11 12 13 14 15 17 20 21
3 6 7 8 10 12 13 15 17 18 19 22
3 6 7 8 10 11 14 15 17 18 19 22
4 5 6 9 11 12 13 14 16 19 20 21
3 5 6 7 8 12 13 17 18 19 20 22
3 4 7 9 10 12 13 15 16 18 21 22
4 5 8 9 11 12 13 14 16 17 20 21
3 4 5 7 9 12 13 16 18 20 21 22
4 5 7 9 11 12 13 14 16 18 20 21
4 6 8 9 10 11 14 15 16 17 19 21
4 6 8 9 10 12 13 15 16 17 19 21
4 5 6 8 9 11 14 16 17 19 20 21
4 5 6 8 11 12 13 14 17 19 20 21
4 5 6 9 10 12 13 15 16 19 20 21
4 7 8 9 10 12 13 15 16 17 18 21
3 4 8 9 10 12 13 15 16 17 21 22
3 6 8 9 10 11 14 15 16 17 19 22
3 4 7 8 10 12 13 15 17 18 21 22
4 8 9 10 11 12 13 14 15 16 17 21
3 4 5 7 8 12 13 17 18 20 21 22
4 6 7 8 10 11 14 15 17 18 19 21
4 5 7 8 9 12 13 16 17 18 20 21
4 6 7 8 10 12 13 15 17 18 19 21
4 5 6 9 10 11 14 15 16 19 20 21
4 6 7 9 10 11 14 15 16 18 19 21
4 5 7 8 9 11 14 16 17 18 20 21
4 5 6 8 9 12 13 16 17 19 20 21
4 5 7 8 10 12 13 15 17 18 20 21
