22 7 8 14 15
22 6 10 12 16
22 7 10 11 12 15
22 7 8 11 14 15
22 6 10 11 12 16
22 7 9 10 12 13 15
22 7 8 9 13 14 15
22 4 7 9 13 15 18
22 5 6 8 14 16 17
22 6 9 10 12 13 16
22 7 8 10 12 14 15
22 5 8 10 12 14 17
22 5 9 10 12 13 17
22 6 8 9 13 14 16
22 6 7 8 14 15 16
22 6 8 10 12 14 16
22 5 8 9 13 14 17
22 3 5 8 14 17 19
22 6 7 9 13 15 16
22 5 6 10 12 16 17
22 7 9 10 11 12 13 15
22 7 8 9 11 13 14 15
22 6 9 10 11 12 13 16
22 7 8 10 11 12 14 15
22 6 8 9 11 13 14 16
22 6 7 8 11 14 15 16
22 6 8 10 11 12 14 16
22 5 8 9 11 13 14 17
22 6 7 9 11 13 15 16
22 7 8 9 10 12 13 14 15
22 4 7 9 10 12 13 15 18
22 3 7 8 9 13 14 15 19
22 5 6 7 8 14 15 16 17
22 4 5 6 8 14 16 17 18
22 6 8 9 10 12 13 14 16
22 3 4 5 7 15 17 18 19
22 3 5 8 10 12 14 17 19
22 6 7 9 10 12 13 15 16
22 3 5 6 8 14 16 17 19
22 5 6 9 10 12 13 16 17
22 4 6 7 8 14 15 16 18
22 6 7 8 10 12 14 15 16
22 3 4 5 8 14 17 18 19
22 3 5 7 8 14 15 17 19
22 6 7 8 9 13 14 15 16
22 4 7 8 9 13 14 15 18
22 5 6 8 10 12 14 16 17
22 7 8 9 10 11 12 13 14 15
22 6 8 9 10 11 12 13 14 16
22 6 7 9 10 11 12 13 15 16
22 6 7 8 10 11 12 14 15 16
22 6 7 8 9 11 13 14 15 16
22 3 4 5 6 7 15 16 17 18 19
22 4 5 6 7 8 14 15 16 17 18
22 6 7 8 9 10 12 13 14 15 16
22 3 5 6 7 8 14 15 16 17 19
22 3 4 5 6 8 14 16 17 18 19
22 3 4 5 7 8 14 15 17 18 19
22 3 5 6 8 10 12 14 16 17 19
