20 5 10 15
20 6 8 12 14
20 6 7 13 14
20 6 9 10 11 14
20 5 6 10 14 15
20 5 9 10 11 15
20 5 8 10 12 15
20 6 7 10 13 14
20 6 8 10 12 14
20 3 7 10 13 17
20 5 8 9 11 12 15
20 2 5 6 14 15 18
20 5 6 7 13 14 15
20 6 8 9 11 12 14
20 4 6 7 13 14 16
20 2 6 9 11 14 18
20 6 7 9 11 13 14
20 5 6 8 12 14 15
20 6 7 8 12 13 14
20 3 6 9 11 14 17
20 5 7 8 12 13 15
20 5 6 9 11 14 15
20 4 7 9 11 13 16
20 3 6 7 13 14 17
20 3 4 7 13 16 17
20 5 7 9 10 11 13 15
20 5 8 9 10 11 12 15
20 2 5 6 10 14 15 18
20 6 8 9 10 11 12 14
20 2 6 9 10 11 14 18
20 6 7 9 10 11 13 14
20 3 7 9 10 11 13 17
20 6 7 8 10 12 13 14
20 2 3 7 10 13 17 18
20 5 6 8 10 12 14 15
20 5 6 7 10 13 14 15
20 4 7 9 10 11 13 16
20 3 6 9 10 11 14 17
20 3 6 7 10 13 14 17
20 5 7 8 10 12 13 15
20 5 6 9 10 11 14 15
20 3 5 7 10 13 15 17
20 4 5 6 7 13 14 15 16
20 6 7 8 9 11 12 13 14
20 2 3 6 7 13 14 17 18
20 2 3 7 9 11 13 17 18
20 5 7 8 9 11 12 13 15
20 2 5 6 9 11 14 15 18
20 5 6 8 9 11 12 14 15
20 2 6 7 9 11 13 14 18
20 2 3 5 7 13 15 17 18
20 3 4 6 7 13 14 16 17
20 3 5 6 7 13 14 15 17
20 3 4 5 7 13 15 16 17
20 5 6 7 9 11 13 14 15
20 3 5 6 9 11 14 15 17
20 5 6 7 8 12 13 14 15
20 3 6 7 9 11 13 14 17
20 6 7 8 9 10 11 12 13 14
20 3 5 7 9 10 11 13 15 17
20 2 6 7 9 10 11 13 14 18
20 2 3 6 7 10 13 14 17 18
20 2 5 6 9 10 11 14 15 18
20 5 6 8 9 10 11 12 14 15
20 5 7 8 9 10 11 12 13 15
20 2 3 7 9 10 11 13 17 18
20 3 6 7 9 10 11 13 14 17
20 5 6 7 9 10 11 13 14 15
20 5 6 7 8 10 12 13 14 15
20 3 5 6 7 10 13 14 15 17
20 1 3 7 9 10 11 13 17 19
20 2 3 5 7 10 13 15 17 18
20 3 5 6 9 10 11 14 15 17
