18 4 5 9 13 14
18 3 7 8 10 11 15
18 3 5 8 10 13 15
18 4 6 8 10 12 14
18 3 4 5 9 13 14 15
18 4 7 8 9 10 11 14
18 4 5 7 9 11 13 14
18 2 7 8 9 10 11 16
18 3 7 8 9 10 11 15
18 3 5 8 9 10 13 15
18 2 5 7 9 11 13 16
18 4 5 8 9 10 13 14
18 4 6 8 9 10 12 14
18 4 5 6 9 12 13 14
18 2 3 7 8 10 11 15 16
18 4 5 6 7 11 12 13 14
18 3 4 5 7 11 13 14 15
18 2 3 5 7 11 13 15 16
18 2 6 7 8 10 11 12 16
18 2 5 6 7 11 12 13 16
18 3 5 6 7 11 12 13 15
18 3 5 7 8 10 11 13 15
18 3 6 7 8 10 11 12 15
18 3 4 6 8 10 12 14 15
18 3 5 6 8 10 12 13 15
18 3 4 5 8 10 13 14 15
18 4 6 7 8 10 11 12 14
18 4 5 6 8 10 12 13 14
