21 6 9 12 15
21 4 9 10 11 12 17
21 6 8 10 11 13 15
21 5 6 9 12 15 16
21 6 9 10 11 12 15
21 5 8 9 12 13 16
21 6 8 9 12 13 15
21 5 9 10 11 12 16
21 4 5 9 12 16 17
21 6 7 8 13 14 15
21 4 6 10 11 15 17
21 6 7 9 12 14 15
21 6 8 9 10 11 12 13 15
21 3 4 9 10 11 12 17 18
21 3 4 5 10 11 16 17 18
21 6 7 8 9 12 13 14 15
21 6 7 8 10 11 13 14 15
21 4 5 9 10 11 12 16 17
21 4 6 8 10 11 13 15 17
21 3 6 8 10 11 13 15 18
21 5 6 8 9 12 13 15 16
21 6 7 9 10 11 12 14 15
21 3 4 8 10 11 13 17 18
21 3 4 6 10 11 15 17 18
21 6 7 8 9 10 11 12 13 14 15
21 2 3 4 5 10 11 16 17 18 19
21 3 4 5 9 10 11 12 16 17 18
21 3 4 6 8 10 11 13 15 17 18
21 2 4 5 9 10 11 12 16 17 19
