10 18
13 15
7 21
10 14 18
9 13 15 19
7 13 15 21
11 13 15 17
5 9 19 23
6 10 18 22
6 10 14 18 22
9 11 13 15 17 19
5 11 13 15 17 23
5 9 13 15 19 23
7 11 13 15 17 21
5 7 9 19 21 23
7 9 13 15 19 21
5 9 11 17 19 23
2 6 10 18 22 26
2 6 10 14 18 22 26
7 9 11 13 15 17 19 21
5 7 9 11 17 19 21 23
5 9 11 13 15 17 19 23
3 5 9 11 17 19 23 25
3 9 11 13 15 17 19 25
5 7 9 13 15 19 21 23
5 7 11 13 15 17 21 23
3 5 9 11 13 15 17 19 23 25
3 7 9 11 13 15 17 19 21 25
5 7 9 11 13 15 17 19 21 23
3 5 7 9 11 17 19 21 23 25
