9 11 13 15 17 19 21
7 9 13 15 17 21 23
7 11 13 15 17 19 23
5 9 13 15 17 21 25
3 5 9 15 21 25 27
7 9 11 15 19 21 23
5 7 13 15 17 23 25
5 9 11 15 19 21 25
5 11 13 15 17 19 25
3 9 13 15 17 21 27
3 7 13 15 17 23 27
12 13 14 15 16 17 18
4 5 14 15 16 25 26
5 8 12 15 18 22 25
4 6 14 15 16 24 26
11 13 14 15 16 17 19
11 12 14 15 16 18 19
11 12 13 15 17 18 19
5 11 12 15 18 19 25
5 8 9 15 21 22 25
5 13 14 15 16 17 25
9 13 14 15 16 17 21
3 4 14 15 16 26 27
6 13 14 15 16 17 24
9 11 14 15 16 19 21
4 9 14 15 16 21 26
3 9 14 15 16 21 27
8 12 13 15 17 18 22
5 12 14 15 16 18 25
7 12 13 15 17 18 23
10 12 13 15 17 18 20
10 13 14 15 16 17 20
10 12 14 15 16 18 20
10 11 14 15 16 19 20
3 9 10 15 20 21 27
10 11 12 15 18 19 20
10 11 13 15 17 19 20
8 9 10 15 20 21 22
9 10 13 15 17 20 21
9 10 14 15 16 20 21
4 13 14 15 16 17 26
8 9 12 15 18 21 22
9 12 14 15 16 18 21
9 12 13 15 17 18 21
9 11 12 15 18 19 21
5 9 12 15 18 21 25
5 8 11 15 19 22 25
8 11 12 15 18 19 22
5 8 14 15 16 22 25
8 13 14 15 16 17 22
8 9 14 15 16 21 22
4 8 9 15 21 22 26
7 13 14 15 16 17 23
8 11 13 15 17 19 22
7 12 14 15 16 18 23
8 9 11 15 19 21 22
8 12 14 15 16 18 22
6 12 13 15 17 18 24
6 12 14 15 16 18 24
5 6 12 15 18 24 25
7 8 13 15 17 22 23
4 11 14 15 16 19 26
6 9 13 15 17 21 24
6 8 9 15 21 22 24
8 11 14 15 16 19 22
4 8 14 15 16 22 26
6 9 11 15 19 21 24
6 9 14 15 16 21 24
4 9 11 15 19 21 26
7 8 12 15 18 22 23
6 7 8 15 22 23 24
5 7 8 15 22 23 25
7 8 9 15 21 22 23
5 6 9 15 21 24 25
5 9 10 15 20 21 25
5 10 14 15 16 20 25
5 10 13 15 17 20 25
5 10 12 15 18 20 25
4 12 14 15 16 18 26
7 8 11 15 19 22 23
4 7 8 15 22 23 26
5 12 13 15 17 18 25
7 11 12 15 18 19 23
5 11 14 15 16 19 25
5 9 14 15 16 21 25
8 9 13 15 17 21 22
3 13 14 15 16 17 27
9 10 11 15 19 20 21
8 10 12 15 18 20 22
7 9 14 15 16 21 23
6 8 14 15 16 22 24
6 7 13 15 17 23 24
4 7 11 15 19 23 26
7 8 14 15 16 22 23
8 10 14 15 16 20 22
9 10 12 15 18 20 21
8 10 11 15 19 20 22
6 10 12 15 18 20 24
7 10 13 15 17 20 23
4 10 14 15 16 20 26
7 8 10 15 20 22 23
6 9 10 15 20 21 24
3 9 12 15 18 21 27
6 9 12 15 18 21 24
