3 5 9 11 13 17 19 21 25 27
1 7 9 11 13 17 19 21 23 29
3 5 7 11 13 17 19 23 25 27
3 5 7 9 13 17 21 23 25 27
5 7 9 11 13 17 19 21 23 25
3 7 9 11 13 17 19 21 23 27
1 5 7 11 13 17 19 23 25 29
3 7 8 12 13 17 18 22 23 27
2 3 7 8 13 17 22 23 27 28
4 6 9 11 14 16 19 21 24 26
2 7 8 12 13 17 18 22 23 28
5 6 7 8 9 21 22 23 24 25
6 7 8 9 10 20 21 22 23 24
10 11 12 13 14 16 17 18 19 20
3 4 5 6 14 16 24 25 26 27
4 5 6 7 8 22 23 24 25 26
6 7 8 9 11 19 21 22 23 24
4 6 7 8 9 21 22 23 24 26
9 11 12 13 14 16 17 18 19 21
4 5 6 13 14 16 17 24 25 26
5 7 8 9 11 19 21 22 23 25
5 6 9 10 13 17 20 21 24 25
5 6 8 9 10 20 21 22 24 25
5 7 8 9 10 20 21 22 23 25
5 6 7 8 10 20 22 23 24 25
3 8 9 10 14 16 20 21 22 27
4 7 8 9 10 20 21 22 23 26
9 10 12 13 14 16 17 18 20 21
6 7 8 10 11 19 20 22 23 24
8 11 12 13 14 16 17 18 19 22
3 4 8 9 14 16 21 22 26 27
3 4 5 12 14 16 18 25 26 27
7 9 11 13 14 16 17 19 21 23
3 4 6 9 14 16 21 24 26 27
3 9 11 12 13 17 18 19 21 27
3 7 8 11 13 17 19 22 23 27
6 7 9 11 14 16 19 21 23 24
3 7 8 9 12 18 21 22 23 27
3 5 9 11 12 18 19 21 25 27
3 6 7 8 9 21 22 23 24 27
5 6 9 13 14 16 17 21 24 25
5 6 7 9 11 19 21 23 24 25
4 6 7 9 11 19 21 23 24 26
3 4 9 11 14 16 19 21 26 27
6 9 11 13 14 16 17 19 21 24
3 7 9 12 13 17 18 21 23 27
4 5 7 8 9 21 22 23 25 26
4 5 6 8 9 21 22 24 25 26
2 7 8 11 13 17 19 22 23 28
3 4 6 11 14 16 19 24 26 27
7 8 11 12 13 17 18 19 22 23
3 4 7 8 9 21 22 23 26 27
7 8 9 12 13 17 18 21 22 23
4 5 9 11 12 18 19 21 25 26
9 10 11 12 13 17 18 19 20 21
9 10 11 12 14 16 18 19 20 21
7 10 11 13 14 16 17 19 20 23
4 9 10 11 12 18 19 20 21 26
7 8 9 10 11 19 20 21 22 23
6 8 9 10 11 19 20 21 22 24
4 6 7 8 10 20 22 23 24 26
8 10 12 13 14 16 17 18 20 22
4 6 8 9 10 20 21 22 24 26
3 7 11 12 13 17 18 19 23 27
2 3 7 11 13 17 19 23 27 28
3 7 8 9 13 17 21 22 23 27
9 10 11 13 14 16 17 19 20 21
6 9 10 13 14 16 17 20 21 24
6 7 9 10 11 19 20 21 23 24
3 7 8 9 10 20 21 22 23 27
4 6 9 13 14 16 17 21 24 26
3 5 7 8 9 21 22 23 25 27
4 9 11 13 14 16 17 19 21 26
3 7 8 9 11 19 21 22 23 27
5 6 8 9 11 19 21 22 24 25
3 4 5 13 14 16 17 25 26 27
5 6 7 13 14 16 17 23 24 25
7 11 12 13 14 16 17 18 19 23
5 6 7 8 11 19 22 23 24 25
3 5 6 13 14 16 17 24 25 27
4 6 11 13 14 16 17 19 24 26
4 6 7 11 14 16 19 23 24 26
5 8 9 11 12 18 19 21 22 25
7 10 12 13 14 16 17 18 20 23
7 9 12 13 14 16 17 18 21 23
4 9 11 12 13 17 18 19 21 26
4 5 7 8 11 19 22 23 25 26
3 4 5 7 11 19 23 25 26 27
3 4 5 11 14 16 19 25 26 27
3 9 11 13 14 16 17 19 21 27
3 11 12 13 14 16 17 18 19 27
4 5 6 11 14 16 19 24 25 26
5 9 11 13 14 16 17 19 21 25
3 4 7 9 11 19 21 23 26 27
4 5 7 13 14 16 17 23 25 26
3 4 5 9 14 16 21 25 26 27
3 5 7 12 13 17 18 23 25 27
4 5 6 9 14 16 21 24 25 26
3 5 7 8 13 17 22 23 25 27
5 6 8 9 13 17 21 22 24 25
5 7 8 9 13 17 21 22 23 25
5 6 9 11 13 17 19 21 24 25
6 7 9 11 13 17 19 21 23 24
8 9 12 13 14 16 17 18 21 22
4 7 8 9 11 19 21 22 23 26
4 6 7 8 11 19 22 23 24 26
3 4 6 13 14 16 17 24 26 27
3 4 6 7 8 22 23 24 26 27
4 6 7 13 14 16 17 23 24 26
7 8 12 13 14 16 17 18 22 23
4 6 9 11 12 18 19 21 24 26
6 9 12 13 14 16 17 18 21 24
6 9 11 12 14 16 18 19 21 24
5 6 8 9 12 18 21 22 24 25
6 7 8 9 12 18 21 22 23 24
5 6 7 9 13 17 21 23 24 25
4 6 8 9 11 19 21 22 24 26
3 4 9 10 14 16 20 21 26 27
2 7 8 13 14 16 17 22 23 28
4 8 9 11 14 16 19 21 22 26
5 7 8 10 11 19 20 22 23 25
4 5 7 8 10 20 22 23 25 26
5 7 11 13 14 16 17 19 23 25
3 5 9 10 13 17 20 21 25 27
6 8 9 11 14 16 19 21 22 24
3 8 12 13 14 16 17 18 22 27
5 7 10 11 13 17 19 20 23 25
4 9 11 12 14 16 18 19 21 26
3 4 5 8 14 16 22 25 26 27
6 7 8 10 12 18 20 22 23 24
4 10 11 12 14 16 18 19 20 26
3 10 12 13 14 16 17 18 20 27
5 7 9 13 14 16 17 21 23 25
4 5 8 13 14 16 17 22 25 26
3 5 8 9 11 19 21 22 25 27
5 9 10 11 13 17 19 20 21 25
5 7 8 11 13 17 19 22 23 25
6 10 12 13 14 16 17 18 20 24
6 10 11 12 14 16 18 19 20 24
8 9 11 12 14 16 18 19 21 22
6 7 9 10 13 17 20 21 23 24
3 9 10 13 14 16 17 20 21 27
6 7 8 10 13 17 20 22 23 24
4 5 9 11 13 17 19 21 25 26
5 6 7 9 14 16 21 23 24 25
5 8 11 12 14 16 18 19 22 25
7 8 9 11 12 18 19 21 22 23
4 7 11 13 14 16 17 19 23 26
3 4 10 12 14 16 18 20 26 27
5 6 8 11 12 18 19 22 24 25
6 7 8 11 12 18 19 22 23 24
6 7 12 13 14 16 17 18 23 24
6 8 11 12 13 17 18 19 22 24
4 7 8 11 13 17 19 22 23 26
2 4 11 13 14 16 17 19 26 28
3 7 12 13 14 16 17 18 23 27
3 6 7 8 13 17 22 23 24 27
1 7 11 13 14 16 17 19 23 29
6 11 12 13 14 16 17 18 19 24
4 6 11 12 14 16 18 19 24 26
6 7 8 12 13 17 18 22 23 24
5 6 7 8 12 18 22 23 24 25
2 4 9 11 14 16 19 21 26 28
4 5 7 8 13 17 22 23 25 26
4 5 11 13 14 16 17 19 25 26
3 8 9 11 14 16 19 21 22 27
4 7 8 9 13 17 21 22 23 26
5 7 8 11 12 18 19 22 23 25
5 7 12 13 14 16 17 18 23 25
6 7 11 13 14 16 17 19 23 24
3 4 11 13 14 16 17 19 26 27
6 7 8 11 13 17 19 22 23 24
2 7 11 12 13 17 18 19 23 28
4 5 12 13 14 16 17 18 25 26
3 5 8 9 14 16 21 22 25 27
4 5 6 7 11 19 23 24 25 26
4 5 7 9 11 19 21 23 25 26
2 8 9 13 14 16 17 21 22 28
4 6 7 8 13 17 22 23 24 26
4 5 7 11 14 16 19 23 25 26
4 5 8 9 12 18 21 22 25 26
3 4 5 7 8 22 23 25 26 27
2 8 10 13 14 16 17 20 22 28
7 8 11 12 14 16 18 19 22 23
8 9 10 11 14 16 19 20 21 22
4 7 8 10 13 17 20 22 23 26
5 8 11 13 14 16 17 19 22 25
7 8 10 11 12 18 19 20 22 23
5 9 11 12 13 17 18 19 21 25
7 9 11 12 13 17 18 19 21 23
5 6 12 13 14 16 17 18 24 25
5 8 12 13 14 16 17 18 22 25
3 4 6 7 11 19 23 24 26 27
3 7 10 11 13 17 19 20 23 27
4 6 10 11 14 16 19 20 24 26
2 6 8 13 14 16 17 22 24 28
4 5 8 12 14 16 18 22 25 26
3 4 8 12 14 16 18 22 26 27
4 6 8 9 13 17 21 22 24 26
5 9 11 12 14 16 18 19 21 25
3 9 10 11 13 17 19 20 21 27
7 9 10 11 13 17 19 20 21 23
7 8 10 12 13 17 18 20 22 23
6 9 10 11 14 16 19 20 21 24
4 9 10 11 14 16 19 20 21 26
2 5 8 13 14 16 17 22 25 28
7 8 10 11 13 17 19 20 22 23
5 9 12 13 14 16 17 18 21 25
3 8 9 13 14 16 17 21 22 27
3 4 12 13 14 16 17 18 26 27
6 8 9 11 13 17 19 21 22 24
2 5 11 13 14 16 17 19 25 28
3 8 9 10 12 18 20 21 22 27
6 7 9 10 14 16 20 21 23 24
4 9 10 13 14 16 17 20 21 26
4 8 9 13 14 16 17 21 22 26
3 4 7 8 14 16 22 23 26 27
3 6 8 13 14 16 17 22 24 27
3 7 9 10 13 17 20 21 23 27
3 5 6 9 12 18 21 24 25 27
3 6 8 9 14 16 21 22 24 27
3 9 10 11 12 18 19 20 21 27
3 5 9 11 14 16 19 21 25 27
2 7 9 11 13 17 19 21 23 28
3 5 11 13 14 16 17 19 25 27
2 6 7 11 13 17 19 23 24 28
5 6 9 10 11 19 20 21 24 25
5 6 9 10 14 16 20 21 24 25
5 7 8 10 13 17 20 22 23 25
4 5 10 11 14 16 19 20 25 26
3 9 10 12 13 17 18 20 21 27
4 9 10 11 13 17 19 20 21 26
3 8 9 11 12 18 19 21 22 27
3 5 8 13 14 16 17 22 25 27
4 7 11 12 14 16 18 19 23 26
4 6 7 11 13 17 19 23 24 26
5 8 9 12 13 17 18 21 22 25
4 5 6 9 11 19 21 24 25 26
4 6 9 10 11 19 20 21 24 26
1 7 11 12 13 17 18 19 23 29
7 9 10 13 14 16 17 20 21 23
7 9 11 12 14 16 18 19 21 23
4 5 9 10 11 19 20 21 25 26
6 7 8 9 13 17 21 22 23 24
3 4 11 12 14 16 18 19 26 27
4 5 11 12 14 16 18 19 25 26
3 5 12 13 14 16 17 18 25 27
3 8 9 10 11 19 20 21 22 27
3 4 7 11 12 18 19 23 26 27
5 7 11 12 13 17 18 19 23 25
5 6 7 11 13 17 19 23 24 25
5 6 11 13 14 16 17 19 24 25
4 5 7 11 12 18 19 23 25 26
5 7 8 12 13 17 18 22 23 25
5 6 9 11 14 16 19 21 24 25
4 5 9 11 14 16 19 21 25 26
5 7 8 10 12 18 20 22 23 25
3 7 9 12 14 16 18 21 23 27
3 8 9 12 14 16 18 21 22 27
6 7 8 9 14 16 21 22 23 24
7 9 10 11 14 16 19 20 21 23
6 8 11 13 14 16 17 19 22 24
3 6 11 13 14 16 17 19 24 27
5 7 11 12 14 16 18 19 23 25
2 4 7 9 11 19 21 23 26 28
5 8 9 13 14 16 17 21 22 25
3 4 7 11 14 16 19 23 26 27
6 7 10 13 14 16 17 20 23 24
3 6 10 13 14 16 17 20 24 27
3 4 10 13 14 16 17 20 26 27
4 7 9 13 14 16 17 21 23 26
4 5 9 12 14 16 18 21 25 26
3 6 7 13 14 16 17 23 24 27
3 4 7 8 11 19 22 23 26 27
4 7 8 11 12 18 19 22 23 26
3 4 7 13 14 16 17 23 26 27
8 10 11 13 14 16 17 19 20 22
6 8 9 10 13 17 20 21 22 24
3 9 10 12 14 16 18 20 21 27
4 5 6 8 14 16 22 24 25 26
4 6 8 9 14 16 21 22 24 26
2 8 12 13 14 16 17 18 22 28
4 5 7 11 13 17 19 23 25 26
5 7 8 9 12 18 21 22 23 25
4 11 12 13 14 16 17 18 19 26
8 10 11 12 14 16 18 19 20 22
5 7 9 10 11 19 20 21 23 25
5 10 11 12 13 17 18 19 20 25
3 5 7 13 14 16 17 23 25 27
4 7 8 12 13 17 18 22 23 26
5 9 10 13 14 16 17 20 21 25
5 6 10 13 14 16 17 20 24 25
7 8 9 11 13 17 19 21 22 23
5 10 11 12 14 16 18 19 20 25
3 5 9 10 14 16 20 21 25 27
5 10 11 13 14 16 17 19 20 25
5 10 12 13 14 16 17 18 20 25
8 9 11 13 14 16 17 19 21 22
4 6 7 8 12 18 22 23 24 26
6 8 12 13 14 16 17 18 22 24
5 6 8 12 14 16 18 22 24 25
5 6 7 8 14 16 22 23 24 25
5 8 9 12 14 16 18 21 22 25
5 8 10 12 14 16 18 20 22 25
5 8 9 10 11 19 20 21 22 25
5 7 10 12 14 16 18 20 23 25
4 5 8 9 10 20 21 22 25 26
5 9 10 11 12 18 19 20 21 25
5 9 10 12 14 16 18 20 21 25
5 8 10 13 14 16 17 20 22 25
4 10 11 13 14 16 17 19 20 26
3 7 8 9 14 16 21 22 23 27
5 7 10 13 14 16 17 20 23 25
8 10 11 12 13 17 18 19 20 22
7 8 9 10 12 18 20 21 22 23
4 7 8 9 12 18 21 22 23 26
8 9 11 12 13 17 18 19 21 22
6 9 10 12 13 17 18 20 21 24
5 7 9 10 13 17 20 21 23 25
3 4 5 10 14 16 20 25 26 27
3 5 6 7 13 17 23 24 25 27
4 5 6 12 14 16 18 24 25 26
3 4 7 8 13 17 22 23 26 27
4 8 11 13 14 16 17 19 22 26
7 8 11 13 14 16 17 19 22 23
8 9 10 12 14 16 18 20 21 22
4 5 7 8 14 16 22 23 25 26
4 8 9 10 14 16 20 21 22 26
4 7 8 10 12 18 20 22 23 26
6 8 10 13 14 16 17 20 22 24
6 8 9 10 14 16 20 21 22 24
2 4 8 9 14 16 21 22 26 28
7 8 9 12 14 16 18 21 22 23
4 6 9 10 14 16 20 21 24 26
7 9 10 12 13 17 18 20 21 23
3 10 11 13 14 16 17 19 20 27
4 7 11 12 13 17 18 19 23 26
2 6 11 13 14 16 17 19 24 28
5 8 11 12 13 17 18 19 22 25
5 7 9 11 14 16 19 21 23 25
3 6 9 12 13 17 18 21 24 27
4 7 8 9 14 16 21 22 23 26
2 8 11 13 14 16 17 19 22 28
5 8 9 11 14 16 19 21 22 25
5 6 7 10 13 17 20 23 24 25
2 4 7 11 13 17 19 23 26 28
4 7 8 11 14 16 19 22 23 26
3 4 8 10 14 16 20 22 26 27
3 4 7 8 10 20 22 23 26 27
4 7 9 11 12 18 19 21 23 26
3 4 7 10 11 19 20 23 26 27
6 7 10 11 13 17 19 20 23 24
8 9 10 12 13 17 18 20 21 22
4 7 10 11 14 16 19 20 23 26
3 6 9 12 14 16 18 21 24 27
5 8 9 10 13 17 20 21 22 25
7 8 9 11 14 16 19 21 22 23
3 4 8 13 14 16 17 22 26 27
5 7 10 11 12 18 19 20 23 25
2 4 5 8 14 16 22 25 26 28
3 7 8 10 13 17 20 22 23 27
3 7 10 12 13 17 18 20 23 27
6 7 8 13 14 16 17 22 23 24
7 8 9 13 14 16 17 21 22 23
4 6 8 13 14 16 17 22 24 26
4 5 9 13 14 16 17 21 25 26
5 6 11 12 14 16 18 19 24 25
4 6 7 11 12 18 19 23 24 26
6 9 10 11 12 18 19 20 21 24
6 7 9 12 14 16 18 21 23 24
3 8 11 13 14 16 17 19 22 27
4 7 10 11 13 17 19 20 23 26
8 9 10 11 13 17 19 20 21 22
7 9 10 11 12 18 19 20 21 23
3 5 10 13 14 16 17 20 25 27
6 8 9 11 12 18 19 21 22 24
4 5 10 12 14 16 18 20 25 26
2 7 8 9 13 17 21 22 23 28
2 6 7 8 13 17 22 23 24 28
3 8 9 12 13 17 18 21 22 27
5 11 12 13 14 16 17 18 19 25
5 6 7 8 13 17 22 23 24 25
7 10 11 12 13 17 18 19 20 23
6 10 11 13 14 16 17 19 20 24
3 4 10 11 14 16 19 20 26 27
7 8 9 10 13 17 20 21 22 23
2 7 10 11 13 17 19 20 23 28
3 9 11 12 14 16 18 19 21 27
4 5 7 8 12 18 22 23 25 26
6 9 11 12 13 17 18 19 21 24
3 6 12 13 14 16 17 18 24 27
5 6 8 11 14 16 19 22 24 25
2 5 7 11 13 17 19 23 25 28
4 6 9 11 13 17 19 21 24 26
4 7 9 11 14 16 19 21 23 26
3 4 7 8 12 18 22 23 26 27
3 5 9 13 14 16 17 21 25 27
3 8 9 11 13 17 19 21 22 27
3 9 10 11 14 16 19 20 21 27
3 4 9 13 14 16 17 21 26 27
3 6 9 13 14 16 17 21 24 27
5 6 8 13 14 16 17 22 24 25
6 7 9 13 14 16 17 21 23 24
3 5 9 12 14 16 18 21 25 27
6 8 9 13 14 16 17 21 22 24
4 7 9 10 11 19 20 21 23 26
3 4 9 12 14 16 18 21 26 27
4 6 7 10 11 19 20 23 24 26
4 7 9 11 13 17 19 21 23 26
2 11 12 13 14 16 17 18 19 28
6 9 10 11 13 17 19 20 21 24
3 5 9 12 13 17 18 21 25 27
3 7 9 11 12 18 19 21 23 27
3 7 9 13 14 16 17 21 23 27
5 6 8 9 14 16 21 22 24 25
3 5 8 9 12 18 21 22 25 27
3 9 12 13 14 16 17 18 21 27
5 6 9 11 12 18 19 21 24 25
6 7 9 12 13 17 18 21 23 24
4 9 12 13 14 16 17 18 21 26
2 7 11 13 14 16 17 19 23 28
5 6 9 12 14 16 18 21 24 25
6 8 9 12 13 17 18 21 22 24
4 8 9 12 13 17 18 21 22 26
5 7 9 12 14 16 18 21 23 25
3 7 10 13 14 16 17 20 23 27
4 5 8 9 13 17 21 22 25 26
2 4 8 12 14 16 18 22 26 28
8 9 10 11 12 18 19 20 21 22
5 6 11 12 13 17 18 19 24 25
6 7 11 12 13 17 18 19 23 24
3 6 7 10 13 17 20 23 24 27
4 5 8 9 14 16 21 22 25 26
5 6 7 12 13 17 18 23 24 25
3 5 9 10 12 18 20 21 25 27
5 6 9 10 12 18 20 21 24 25
8 9 10 13 14 16 17 20 21 22
7 10 11 12 14 16 18 19 20 23
4 7 8 10 11 19 20 22 23 26
4 7 10 11 12 18 19 20 23 26
3 7 11 13 14 16 17 19 23 27
7 9 10 12 14 16 18 20 21 23
5 7 9 11 12 18 19 21 23 25
3 4 7 11 13 17 19 23 26 27
3 6 7 11 13 17 19 23 24 27
5 8 9 11 13 17 19 21 22 25
5 7 9 12 13 17 18 21 23 25
2 9 11 13 14 16 17 19 21 28
6 8 9 10 12 18 20 21 22 24
4 10 12 13 14 16 17 18 20 26
2 10 11 13 14 16 17 19 20 28
6 8 11 12 14 16 18 19 22 24
5 6 10 12 13 17 18 20 24 25
5 6 10 12 14 16 18 20 24 25
5 7 8 11 14 16 19 22 23 25
2 7 8 10 13 17 20 22 23 28
3 7 8 13 14 16 17 22 23 27
2 5 7 8 13 17 22 23 25 28
1 7 10 11 13 17 19 20 23 29
6 10 11 12 13 17 18 19 20 24
5 6 9 12 13 17 18 21 24 25
4 8 9 10 13 17 20 21 22 26
5 7 8 12 14 16 18 22 23 25
5 8 10 11 14 16 19 20 22 25
6 9 10 12 14 16 18 20 21 24
5 7 9 10 14 16 20 21 23 25
3 6 7 12 13 17 18 23 24 27
6 7 9 11 12 18 19 21 23 24
5 7 8 9 14 16 21 22 23 25
4 8 12 13 14 16 17 18 22 26
3 4 8 11 14 16 19 22 26 27
4 8 11 12 14 16 18 19 22 26
5 7 8 13 14 16 17 22 23 25
4 5 8 11 14 16 19 22 25 26
4 6 10 13 14 16 17 20 24 26
4 8 9 12 14 16 18 21 22 26
3 6 9 10 12 18 20 21 24 27
6 8 9 12 14 16 18 21 22 24
4 6 12 13 14 16 17 18 24 26
4 5 8 9 11 19 21 22 25 26
7 8 10 12 14 16 18 20 22 23
4 7 8 12 14 16 18 22 23 26
4 8 9 11 13 17 19 21 22 26
4 6 8 11 14 16 19 22 24 26
3 6 7 9 13 17 21 23 24 27
4 6 8 9 12 18 21 22 24 26
4 6 7 8 14 16 22 23 24 26
3 4 6 8 14 16 22 24 26 27
6 7 8 11 14 16 19 22 23 24
5 8 9 10 14 16 20 21 22 25
7 8 9 10 14 16 20 21 22 23
5 8 9 10 12 18 20 21 22 25
5 8 10 11 12 18 19 20 22 25
5 9 10 12 13 17 18 20 21 25
4 5 10 13 14 16 17 20 25 26
5 8 10 11 13 17 19 20 22 25
4 7 12 13 14 16 17 18 23 26
4 6 9 12 14 16 18 21 24 26
3 4 6 12 14 16 18 24 26 27
7 8 10 11 14 16 19 20 22 23
4 7 8 10 14 16 20 22 23 26
4 8 9 10 12 18 20 21 22 26
6 7 8 10 14 16 20 22 23 24
3 4 6 10 14 16 20 24 26 27
6 8 10 11 12 18 19 20 22 24
6 7 8 12 14 16 18 22 23 24
4 8 10 13 14 16 17 20 22 26
4 5 8 10 14 16 20 22 25 26
4 8 10 11 14 16 19 20 22 26
6 8 10 11 14 16 19 20 22 24
6 7 10 12 13 17 18 20 23 24
4 8 9 11 12 18 19 21 22 26
5 6 8 10 14 16 20 22 24 25
2 4 8 13 14 16 17 22 26 28
3 5 7 10 13 17 20 23 25 27
4 5 6 10 14 16 20 24 25 26
4 9 10 12 14 16 18 20 21 26
4 7 10 13 14 16 17 20 23 26
4 7 8 13 14 16 17 22 23 26
3 8 10 13 14 16 17 20 22 27
7 8 10 13 14 16 17 20 22 23
4 6 8 12 14 16 18 22 24 26
4 5 7 10 11 19 20 23 25 26
5 7 8 10 14 16 20 22 23 25
4 8 9 10 11 19 20 21 22 26
5 9 10 11 14 16 19 20 21 25
5 8 10 12 13 17 18 20 22 25
4 8 10 12 14 16 18 20 22 26
6 8 10 12 14 16 18 20 22 24
4 5 9 10 14 16 20 21 25 26
5 7 10 12 13 17 18 20 23 25
4 6 8 10 14 16 20 22 24 26
2 4 8 10 14 16 20 22 26 28
4 6 10 12 14 16 18 20 24 26
