7 9 11 13 15 27 29 31 33 35
7 9 11 15 17 25 27 31 33 35
11 13 15 17 19 23 25 27 29 31
5 9 11 13 15 27 29 31 33 37
5 13 15 17 19 23 25 27 29 37
5 7 13 15 17 25 27 29 35 37
5 9 11 13 19 23 29 31 33 37
5 9 15 17 19 23 25 27 33 37
5 9 13 17 19 23 25 29 33 37
7 13 15 17 19 23 25 27 29 35
3 7 11 15 17 25 27 31 35 39
7 11 13 15 19 23 27 29 31 35
3 5 11 17 19 23 25 31 37 39
5 9 13 15 19 23 27 29 33 37
5 11 15 17 19 23 25 27 31 37
3 7 9 15 19 23 27 33 35 39
5 7 9 13 19 23 29 33 35 37
3 9 11 15 17 25 27 31 33 39
7 9 15 17 19 23 25 27 33 35
9 13 15 17 19 23 25 27 29 33
9 11 13 15 17 25 27 29 31 33
5 9 13 15 17 25 27 29 33 37
5 7 9 15 19 23 27 33 35 37
3 9 15 17 19 23 25 27 33 39
7 9 13 17 19 23 25 29 33 35
9 11 15 17 19 23 25 27 31 33
7 9 11 13 17 25 29 31 33 35
5 7 9 17 19 23 25 33 35 37
7 9 11 15 19 23 27 31 33 35
3 9 13 15 19 23 27 29 33 39
3 11 15 17 19 23 25 27 31 39
3 11 13 15 17 25 27 29 31 39
5 9 11 17 19 23 25 31 33 37
5 11 13 15 17 25 27 29 31 37
9 11 13 15 19 23 27 29 31 33
9 11 13 17 19 23 25 29 31 33
7 11 15 17 19 23 25 27 31 35
5 7 13 17 19 23 25 29 35 37
7 9 13 15 17 25 27 29 33 35
7 9 11 17 19 23 25 31 33 35
7 9 13 15 19 23 27 29 33 35
7 11 13 15 17 25 27 29 31 35
5 11 13 17 19 23 25 29 31 37
7 11 13 17 19 23 25 29 31 35
5 7 9 13 15 27 29 33 35 37
5 7 11 17 19 23 25 31 35 37
3 4 10 11 17 25 31 32 38 39
16 17 18 19 20 22 23 24 25 26
9 10 11 12 13 29 30 31 32 33
8 9 10 11 12 30 31 32 33 34
8 9 11 12 13 29 30 31 33 34
8 9 10 12 13 29 30 32 33 34
8 9 10 11 13 29 31 32 33 34
8 10 11 12 13 29 30 31 32 34
15 17 18 19 20 22 23 24 25 27
15 16 18 19 20 22 23 24 26 27
15 16 17 19 20 22 23 25 26 27
15 16 17 18 20 22 24 25 26 27
15 16 17 18 19 23 24 25 26 27
6 7 8 9 20 22 33 34 35 36
6 7 8 19 20 22 23 34 35 36
7 10 13 15 18 24 27 29 32 35
5 6 8 19 20 22 23 34 36 37
5 7 8 19 20 22 23 34 35 37
7 11 12 16 17 25 26 30 31 35
6 7 9 19 20 22 23 33 35 36
7 8 9 19 20 22 23 33 34 35
6 8 9 19 20 22 23 33 34 36
5 6 9 19 20 22 23 33 36 37
5 8 9 19 20 22 23 33 34 37
5 7 9 19 20 22 23 33 35 37
5 6 7 9 19 23 33 35 36 37
7 9 10 12 13 29 30 32 33 35
7 9 11 12 13 29 30 31 33 35
7 8 10 11 12 30 31 32 34 35
7 10 11 12 13 29 30 31 32 35
7 9 12 17 20 22 25 30 33 35
7 8 9 10 12 30 32 33 34 35
7 9 10 11 13 29 31 32 33 35
7 8 9 10 11 31 32 33 34 35
7 9 10 11 12 30 31 32 33 35
7 8 10 11 13 29 31 32 34 35
7 8 9 12 13 29 30 33 34 35
7 10 11 15 19 23 27 31 32 35
7 8 10 12 13 29 30 32 34 35
7 8 9 10 13 29 32 33 34 35
7 8 11 12 13 29 30 31 34 35
4 10 11 17 18 24 25 31 32 38
5 9 12 16 19 23 26 30 33 37
6 8 13 15 20 22 27 29 34 36
3 8 9 15 20 22 27 33 34 39
13 15 17 19 20 22 23 25 27 29
13 17 18 19 20 22 23 24 25 29
3 9 15 16 20 22 26 27 33 39
13 15 17 18 19 23 24 25 27 29
13 15 18 19 20 22 23 24 27 29
13 15 17 18 20 22 24 25 27 29
9 10 11 13 15 27 29 31 32 33
6 8 11 13 15 27 29 31 34 36
4 9 10 11 17 25 31 32 33 38
4 10 11 12 17 25 30 31 32 38
6 8 9 10 11 31 32 33 34 36
6 8 10 13 15 27 29 32 34 36
5 6 9 16 19 23 26 33 36 37
10 11 17 18 19 23 24 25 31 32
3 10 11 17 19 23 25 31 32 39
5 9 12 13 19 23 29 30 33 37
5 9 15 16 19 23 26 27 33 37
9 12 16 19 20 22 23 26 30 33
5 12 16 19 20 22 23 26 30 37
8 13 15 18 20 22 24 27 29 34
5 9 16 19 20 22 23 26 33 37
7 12 16 17 20 22 25 26 30 35
7 8 18 19 20 22 23 24 34 35
12 16 17 19 20 22 23 25 26 30
6 9 10 11 13 29 31 32 33 36
8 9 10 11 15 27 31 32 33 34
8 10 11 13 15 27 29 31 32 34
6 8 10 11 13 29 31 32 34 36
3 8 13 15 20 22 27 29 34 39
5 9 12 19 20 22 23 30 33 37
6 13 15 17 20 22 25 27 29 36
7 10 15 18 19 23 24 27 32 35
7 9 10 13 15 27 29 32 33 35
6 7 9 10 11 31 32 33 35 36
8 9 11 13 15 27 29 31 33 34
7 9 10 11 15 27 31 32 33 35
10 11 15 18 19 23 24 27 31 32
6 7 8 10 11 31 32 34 35 36
8 9 10 13 15 27 29 32 33 34
7 10 11 13 15 27 29 31 32 35
6 8 9 10 13 29 32 33 34 36
4 9 10 12 17 25 30 32 33 38
6 8 10 11 15 27 31 32 34 36
8 9 12 13 19 23 29 30 33 34
9 10 11 12 17 25 30 31 32 33
6 7 8 9 10 32 33 34 35 36
5 9 11 12 13 29 30 31 33 37
9 12 17 19 20 22 23 25 30 33
9 10 11 13 17 25 29 31 32 33
8 13 18 19 20 22 23 24 29 34
7 9 11 12 17 25 30 31 33 35
4 7 9 10 12 30 32 33 35 38
11 15 17 18 19 23 24 25 27 31
9 15 17 19 20 22 23 25 27 33
7 9 17 19 20 22 23 25 33 35
4 7 9 10 15 27 32 33 35 38
11 16 17 18 19 23 24 25 26 31
9 15 16 19 20 22 23 26 27 33
7 13 15 18 19 23 24 27 29 35
3 9 10 11 15 27 31 32 33 39
10 11 12 13 14 28 29 30 31 32
9 12 14 17 20 22 25 28 30 33
9 10 12 13 14 28 29 30 32 33
9 11 12 13 14 28 29 30 31 33
14 16 17 19 20 22 23 25 26 28
14 16 17 18 19 23 24 25 26 28
8 9 10 11 14 28 31 32 33 34
9 10 11 13 14 28 29 31 32 33
8 10 11 12 14 28 30 31 32 34
8 9 10 12 14 28 30 32 33 34
8 9 10 13 14 28 29 32 33 34
8 10 12 13 14 28 29 30 32 34
8 11 12 13 14 28 29 30 31 34
10 11 14 15 19 23 27 28 31 32
14 17 18 19 20 22 23 24 25 28
14 16 18 19 20 22 23 24 26 28
14 16 17 18 20 22 24 25 26 28
14 15 18 19 20 22 23 24 27 28
14 15 16 17 18 24 25 26 27 28
14 15 17 18 20 22 24 25 27 28
14 15 17 18 19 23 24 25 27 28
14 15 16 19 20 22 23 26 27 28
14 15 17 19 20 22 23 25 27 28
14 15 16 18 19 23 24 26 27 28
14 15 16 18 20 22 24 26 27 28
14 15 16 17 20 22 25 26 27 28
14 15 16 17 19 23 25 26 27 28
3 9 14 15 20 22 27 28 33 39
13 14 18 19 20 22 23 24 28 29
8 9 10 14 15 27 28 32 33 34
13 14 17 19 20 22 23 25 28 29
13 14 17 18 19 23 24 25 28 29
13 14 17 18 20 22 24 25 28 29
9 14 15 16 20 22 26 27 28 33
4 9 14 15 16 26 27 28 33 38
9 10 11 14 15 27 28 31 32 33
6 9 10 11 14 28 31 32 33 36
12 14 17 19 20 22 23 25 28 30
9 14 15 17 20 22 25 27 28 33
11 14 15 18 19 23 24 27 28 31
8 12 13 14 19 23 28 29 30 34
8 10 11 14 15 27 28 31 32 34
9 10 11 12 14 28 30 31 32 33
8 10 11 13 14 28 29 31 32 34
8 9 12 13 14 28 29 30 33 34
9 10 12 14 17 25 28 30 32 33
12 13 14 19 20 22 23 28 29 30
13 16 18 19 20 22 23 24 26 29
13 16 17 19 20 22 23 25 26 29
13 16 17 18 20 22 24 25 26 29
13 15 16 17 19 23 25 26 27 29
13 15 16 18 19 23 24 26 27 29
13 15 16 18 20 22 24 26 27 29
13 15 16 17 18 24 25 26 27 29
10 11 12 13 15 27 29 30 31 32
6 8 10 11 12 30 31 32 34 36
9 11 12 13 15 27 29 30 31 33
6 10 15 18 19 23 24 27 32 36
9 10 12 13 15 27 29 30 32 33
7 8 11 12 16 26 30 31 34 35
7 8 9 10 20 22 32 33 34 35
8 13 15 17 20 22 25 27 29 34
6 10 11 18 19 23 24 31 32 36
12 16 17 18 20 22 24 25 26 30
7 10 15 16 18 24 26 27 32 35
4 9 10 15 16 26 27 32 33 38
8 9 10 15 20 22 27 32 33 34
12 16 17 18 19 23 24 25 26 30
6 8 9 10 20 22 32 33 34 36
6 8 18 19 20 22 23 24 34 36
6 8 10 19 20 22 23 32 34 36
8 10 11 12 15 27 30 31 32 34
6 13 15 18 20 22 24 27 29 36
8 12 13 18 19 23 24 29 30 34
6 15 16 17 18 24 25 26 27 36
5 6 9 12 19 23 30 33 36 37
8 9 10 12 15 27 30 32 33 34
6 11 15 18 19 23 24 27 31 36
6 8 13 17 20 22 25 29 34 36
8 10 12 13 15 27 29 30 32 34
6 8 10 12 13 29 30 32 34 36
4 10 11 17 19 23 25 31 32 38
4 10 11 16 17 25 26 31 32 38
6 8 13 15 17 25 27 29 34 36
5 8 9 12 16 26 30 33 34 37
6 8 11 13 20 22 29 31 34 36
8 9 12 16 19 23 26 30 33 34
10 11 12 17 18 24 25 30 31 32
4 9 10 17 18 24 25 32 33 38
9 12 15 16 19 23 26 27 30 33
6 8 10 13 20 22 29 32 34 36
6 8 10 15 20 22 27 32 34 36
7 10 12 13 15 27 29 30 32 35
7 9 12 15 17 25 27 30 33 35
3 6 8 15 20 22 27 34 36 39
5 9 12 15 19 23 27 30 33 37
5 9 13 16 19 23 26 29 33 37
6 8 15 17 20 22 25 27 34 36
6 8 13 18 20 22 24 29 34 36
4 10 11 16 18 24 26 31 32 38
6 8 15 18 20 22 24 27 34 36
7 10 11 12 15 27 30 31 32 35
9 12 15 17 20 22 25 27 30 33
6 8 9 10 12 30 32 33 34 36
6 7 12 17 20 22 25 30 35 36
7 12 16 18 20 22 24 26 30 35
7 11 12 13 15 27 29 30 31 35
6 7 15 16 18 24 26 27 35 36
6 7 15 18 19 23 24 27 35 36
8 9 12 13 15 27 29 30 33 34
6 10 11 15 18 24 27 31 32 36
7 9 12 13 15 27 29 30 33 35
6 7 10 15 18 24 27 32 35 36
11 16 17 19 20 22 23 25 26 31
12 17 18 19 20 22 23 24 25 30
12 13 18 19 20 22 23 24 29 30
11 16 17 18 20 22 24 25 26 31
12 15 16 19 20 22 23 26 27 30
11 13 15 17 20 22 25 27 29 31
11 17 18 19 20 22 23 24 25 31
12 15 16 17 19 23 25 26 27 30
7 9 18 19 20 22 23 24 33 35
7 11 12 17 20 22 25 30 31 35
7 11 16 17 20 22 25 26 31 35
11 15 17 18 20 22 24 25 27 31
4 9 10 15 20 22 27 32 33 38
8 9 15 16 20 22 26 27 33 34
3 8 15 16 20 22 26 27 34 39
11 13 17 19 20 22 23 25 29 31
11 12 16 17 20 22 25 26 30 31
5 6 8 9 10 32 33 34 36 37
5 9 10 11 12 30 31 32 33 37
5 13 15 16 19 23 26 27 29 37
8 13 17 18 20 22 24 25 29 34
5 9 12 13 15 27 29 30 33 37
5 8 9 10 11 31 32 33 34 37
9 12 15 17 19 23 25 27 30 33
8 15 17 18 20 22 24 25 27 34
5 8 9 10 12 30 32 33 34 37
11 15 18 19 20 22 23 24 27 31
5 13 15 16 17 25 26 27 29 37
8 13 17 18 19 23 24 25 29 34
9 12 15 19 20 22 23 27 30 33
10 16 17 18 19 23 24 25 26 32
10 12 17 18 19 23 24 25 30 32
7 9 10 12 15 27 30 32 33 35
11 12 16 17 18 24 25 26 30 31
8 17 18 19 20 22 23 24 25 34
9 13 15 16 19 23 26 27 29 33
9 11 17 18 19 23 24 25 31 33
8 9 16 19 20 22 23 26 33 34
10 13 15 18 20 22 24 27 29 32
7 11 12 15 17 25 27 30 31 35
6 13 15 17 18 24 25 27 29 36
4 9 10 11 16 26 31 32 33 38
10 11 12 16 17 25 26 30 31 32
6 9 12 19 20 22 23 30 33 36
6 15 17 18 20 22 24 25 27 36
5 10 11 17 19 23 25 31 32 37
9 12 13 15 19 23 27 29 30 33
9 12 15 16 20 22 26 27 30 33
6 10 13 15 18 24 27 29 32 36
7 8 13 17 19 23 25 29 34 35
10 11 16 17 19 23 25 26 31 32
5 13 16 19 20 22 23 26 29 37
4 9 10 12 15 27 30 32 33 38
9 11 12 15 17 25 27 30 31 33
5 8 9 16 20 22 26 33 34 37
10 11 16 18 19 23 24 26 31 32
5 8 16 19 20 22 23 26 34 37
5 7 8 10 11 31 32 34 35 37
6 15 16 18 19 23 24 26 27 36
12 16 18 19 20 22 23 24 26 30
3 8 10 15 20 22 27 32 34 39
9 10 11 12 16 26 30 31 32 33
7 10 11 12 16 26 30 31 32 35
6 15 18 19 20 22 23 24 27 36
12 13 16 19 20 22 23 26 29 30
10 15 18 19 20 22 23 24 27 32
7 11 12 13 16 26 29 30 31 35
12 13 15 19 20 22 23 27 29 30
11 13 16 17 19 23 25 26 29 31
7 10 18 19 20 22 23 24 32 35
10 15 16 18 19 23 24 26 27 32
7 11 13 16 17 25 26 29 31 35
10 13 17 18 20 22 24 25 29 32
7 8 11 13 17 25 29 31 34 35
13 16 17 18 19 23 24 25 26 29
13 15 16 17 20 22 25 26 27 29
13 15 16 19 20 22 23 26 27 29
3 9 10 15 20 22 27 32 33 39
6 7 18 19 20 22 23 24 35 36
8 11 12 13 15 27 29 30 31 34
7 8 10 19 20 22 23 32 34 35
5 12 13 16 19 23 26 29 30 37
6 8 13 15 18 24 27 29 34 36
5 9 12 15 16 26 27 30 33 37
5 8 9 16 19 23 26 33 34 37
8 10 13 15 20 22 27 29 32 34
9 10 11 17 18 24 25 31 32 33
8 11 13 15 20 22 27 29 31 34
4 8 13 15 20 22 27 29 34 38
10 11 16 17 18 24 25 26 31 32
9 10 11 12 15 27 30 31 32 33
6 9 10 11 12 30 31 32 33 36
9 12 13 16 19 23 26 29 30 33
7 8 12 13 18 24 29 30 34 35
7 10 12 13 18 24 29 30 32 35
7 11 12 16 20 22 26 30 31 35
11 15 17 19 20 22 23 25 27 31
11 16 18 19 20 22 23 24 26 31
5 7 8 9 10 32 33 34 35 37
12 15 16 17 20 22 25 26 27 30
8 9 18 19 20 22 23 24 33 34
7 13 15 16 18 24 26 27 29 35
11 13 15 19 20 22 23 27 29 31
6 7 8 18 20 22 24 34 35 36
5 7 13 15 16 26 27 29 35 37
6 13 15 16 17 25 26 27 29 36
12 15 17 19 20 22 23 25 27 30
5 8 10 11 12 30 31 32 34 37
9 13 17 18 19 23 24 25 29 33
7 13 15 16 17 25 26 27 29 35
5 8 9 15 16 26 27 33 34 37
8 13 15 17 18 24 25 27 29 34
6 8 10 13 17 25 29 32 34 36
5 9 13 15 16 26 27 29 33 37
8 11 13 15 17 25 27 29 31 34
5 6 8 9 16 26 33 34 36 37
8 13 17 19 20 22 23 25 29 34
5 13 16 17 19 23 25 26 29 37
6 7 8 10 20 22 32 34 35 36
7 8 9 18 20 22 24 33 34 35
10 17 18 19 20 22 23 24 25 32
9 11 12 13 16 26 29 30 31 33
8 9 11 12 16 26 30 31 33 34
7 12 15 16 17 25 26 27 30 35
9 17 18 19 20 22 23 24 25 33
9 16 18 19 20 22 23 24 26 33
6 7 8 17 20 22 25 34 35 36
4 7 9 10 18 24 32 33 35 38
4 7 9 10 20 22 32 33 35 38
7 8 17 19 20 22 23 25 34 35
7 11 17 19 20 22 23 25 31 35
4 9 10 17 20 22 25 32 33 38
8 10 11 12 17 25 30 31 32 34
5 7 8 16 20 22 26 34 35 37
8 10 11 13 17 25 29 31 32 34
4 8 10 11 13 29 31 32 34 38
7 9 10 11 14 28 31 32 33 35
7 10 11 12 14 28 30 31 32 35
7 10 11 14 15 27 28 31 32 35
7 8 12 13 14 28 29 30 34 35
3 7 9 14 15 27 28 33 35 39
7 9 12 14 17 25 28 30 33 35
7 9 10 12 14 28 30 32 33 35
7 10 11 13 14 28 29 31 32 35
7 8 10 11 14 28 31 32 34 35
7 13 14 18 19 23 24 28 29 35
7 10 12 13 14 28 29 30 32 35
7 12 14 17 20 22 25 28 30 35
7 8 9 10 14 28 32 33 34 35
7 10 14 15 19 23 27 28 32 35
7 14 15 16 17 25 26 27 28 35
7 8 10 13 14 28 29 32 34 35
7 9 12 14 20 22 28 30 33 35
7 9 12 13 14 28 29 30 33 35
7 11 14 15 19 23 27 28 31 35
7 14 16 18 20 22 24 26 28 35
7 10 11 14 19 23 28 31 32 35
7 14 15 16 18 24 26 27 28 35
7 9 10 14 15 27 28 32 33 35
7 14 16 17 20 22 25 26 28 35
7 14 15 17 19 23 25 27 28 35
7 14 18 19 20 22 23 24 28 35
7 14 17 19 20 22 23 25 28 35
7 13 14 17 19 23 25 28 29 35
7 14 15 18 19 23 24 27 28 35
7 9 14 15 17 25 27 28 33 35
7 11 13 14 19 23 28 29 31 35
13 14 16 19 20 22 23 26 28 29
13 14 16 17 20 22 25 26 28 29
13 14 16 17 19 23 25 26 28 29
13 14 16 17 18 24 25 26 28 29
13 14 16 18 19 23 24 26 28 29
13 14 16 18 20 22 24 26 28 29
6 14 15 18 19 23 24 27 28 36
9 12 14 15 17 25 27 28 30 33
9 10 12 14 15 27 28 30 32 33
9 10 14 15 20 22 27 28 32 33
12 14 17 18 19 23 24 25 28 30
8 12 14 18 19 23 24 28 30 34
9 14 16 18 20 22 24 26 28 33
10 11 12 14 15 27 28 30 31 32
8 12 13 14 18 24 28 29 30 34
11 14 16 19 20 22 23 26 28 31
12 13 14 18 20 22 24 28 29 30
12 14 15 17 19 23 25 27 28 30
11 14 15 18 20 22 24 27 28 31
8 13 14 17 19 23 25 28 29 34
10 14 17 19 20 22 23 25 28 32
10 14 15 19 20 22 23 27 28 32
10 14 16 17 19 23 25 26 28 32
11 13 14 19 20 22 23 28 29 31
10 11 14 16 19 23 26 28 31 32
6 8 9 18 20 22 24 33 34 36
12 15 16 18 19 23 24 26 27 30
5 7 8 10 20 22 32 34 35 37
7 10 13 16 18 24 26 29 32 35
12 15 18 19 20 22 23 24 27 30
12 15 17 18 19 23 24 25 27 30
12 15 16 18 20 22 24 26 27 30
7 8 11 16 17 25 26 31 34 35
10 13 15 16 18 24 26 27 29 32
10 12 13 15 18 24 27 29 30 32
5 8 10 19 20 22 23 32 34 37
6 9 18 19 20 22 23 24 33 36
7 12 13 15 18 24 27 29 30 35
10 16 17 18 20 22 24 25 26 32
7 10 12 13 16 26 29 30 32 35
7 10 16 18 20 22 24 26 32 35
10 16 17 19 20 22 23 25 26 32
7 8 16 17 20 22 25 26 34 35
8 10 11 12 16 26 30 31 32 34
10 11 12 13 16 26 29 30 31 32
11 12 15 17 18 24 25 27 30 31
4 10 11 13 16 26 29 31 32 38
6 9 10 11 18 24 31 32 33 36
8 12 13 15 18 24 27 29 30 34
7 10 13 15 16 26 27 29 32 35
12 15 16 17 18 24 25 26 27 30
10 16 18 19 20 22 23 24 26 32
12 13 15 18 20 22 24 27 29 30
7 12 15 16 18 24 26 27 30 35
10 11 13 16 17 25 26 29 31 32
12 14 18 19 20 22 23 24 28 30
6 14 15 16 18 24 26 27 28 36
8 9 14 15 16 26 27 28 33 34
9 10 14 15 16 26 27 28 32 33
12 13 14 18 19 23 24 28 29 30
12 14 15 17 20 22 25 27 28 30
6 14 15 17 18 24 25 27 28 36
9 12 14 15 20 22 27 28 30 33
12 14 17 18 20 22 24 25 28 30
11 14 18 19 20 22 23 24 28 31
11 14 15 19 20 22 23 27 28 31
11 14 16 18 20 22 24 26 28 31
12 14 15 19 20 22 23 27 28 30
8 13 14 17 18 24 25 28 29 34
8 14 17 18 19 23 24 25 28 34
5 8 10 11 14 28 31 32 34 37
9 10 11 14 16 26 28 31 32 33
10 12 14 15 19 23 27 28 30 32
10 14 15 16 19 23 26 27 28 32
8 10 13 14 17 25 28 29 32 34
5 6 8 10 20 22 32 34 36 37
7 10 12 15 18 24 27 30 32 35
12 15 17 18 20 22 24 25 27 30
8 9 10 15 16 26 27 32 33 34
4 8 9 15 16 26 27 33 34 38
8 11 12 16 17 25 26 30 31 34
5 8 9 10 20 22 32 33 34 37
8 9 10 11 16 26 31 32 33 34
10 15 16 18 20 22 24 26 27 32
12 13 15 18 19 23 24 27 29 30
10 12 15 18 19 23 24 27 30 32
9 10 11 13 16 26 29 31 32 33
9 10 12 13 16 26 29 30 32 33
8 9 10 12 16 26 30 32 33 34
9 10 13 15 16 26 27 29 32 33
8 15 16 17 20 22 25 26 27 34
10 13 16 17 18 24 25 26 29 32
10 11 12 15 18 24 27 30 31 32
9 10 15 16 20 22 26 27 32 33
10 15 16 19 20 22 23 26 27 32
7 8 10 11 16 26 31 32 34 35
7 10 11 13 16 26 29 31 32 35
8 16 17 19 20 22 23 25 26 34
3 8 14 15 20 22 27 28 34 39
4 9 10 14 15 27 28 32 33 38
7 8 9 10 19 23 32 33 34 35
6 7 11 16 17 25 26 31 35 36
6 8 9 10 19 23 32 33 34 36
4 7 9 10 13 29 32 33 35 38
4 5 11 16 17 25 26 31 37 38
5 8 9 11 13 29 31 33 34 37
7 8 11 13 15 27 29 31 34 35
6 9 10 11 15 27 31 32 33 36
6 9 11 13 15 27 29 31 33 36
7 8 9 10 15 27 32 33 34 35
7 8 10 13 15 27 29 32 34 35
5 6 9 15 16 26 27 33 36 37
7 11 15 18 19 23 24 27 31 35
7 10 11 18 19 23 24 31 32 35
6 9 10 13 15 27 29 32 33 36
6 9 15 16 19 23 26 27 33 36
4 13 15 17 20 22 25 27 29 38
5 11 16 17 18 24 25 26 31 37
4 6 13 17 20 22 25 29 36 38
6 8 9 13 15 27 29 33 34 36
6 7 9 10 19 23 32 33 35 36
5 8 11 13 15 27 29 31 34 37
11 15 16 17 19 23 25 26 27 31
5 8 11 12 13 29 30 31 34 37
5 9 15 16 17 25 26 27 33 37
4 9 10 12 13 29 30 32 33 38
9 10 12 13 17 25 29 30 32 33
8 9 12 19 20 22 23 30 33 34
8 13 15 19 20 22 23 27 29 34
9 12 16 17 19 23 25 26 30 33
5 9 11 16 19 23 26 31 33 37
5 9 16 17 19 23 25 26 33 37
7 9 12 13 17 25 29 30 33 35
9 11 12 13 19 23 29 30 31 33
11 15 16 18 19 23 24 26 27 31
9 15 16 17 20 22 25 26 27 33
12 13 17 19 20 22 23 25 29 30
7 10 13 18 19 23 24 29 32 35
9 13 15 17 20 22 25 27 29 33
11 13 15 17 18 24 25 27 29 31
6 9 17 19 20 22 23 25 33 36
10 13 15 18 19 23 24 27 29 32
4 9 10 13 15 27 29 32 33 38
7 13 15 17 18 24 25 27 29 35
7 8 12 13 19 23 29 30 34 35
7 8 10 11 15 27 31 32 34 35
7 9 10 12 17 25 30 32 33 35
9 15 16 17 19 23 25 26 27 33
8 11 13 15 18 24 27 29 31 34
5 7 8 11 13 29 31 34 35 37
7 8 10 11 19 23 31 32 34 35
7 10 11 13 19 23 29 31 32 35
7 15 16 18 19 23 24 26 27 35
9 11 16 17 19 23 25 26 31 33
7 15 18 19 20 22 23 24 27 35
7 13 17 19 20 22 23 25 29 35
7 16 17 19 20 22 23 25 26 35
7 11 16 17 19 23 25 26 31 35
5 13 17 19 20 22 23 25 29 37
7 9 10 11 19 23 31 32 33 35
3 9 15 16 17 25 26 27 33 39
6 9 11 15 19 23 27 31 33 36
6 7 9 15 19 23 27 33 35 36
10 11 15 17 19 23 25 27 31 32
6 7 9 15 17 25 27 33 35 36
6 10 13 15 17 25 27 29 32 36
7 9 12 19 20 22 23 30 33 35
7 8 9 12 19 23 30 33 34 35
7 13 18 19 20 22 23 24 29 35
5 6 9 13 19 23 29 33 36 37
5 9 15 19 20 22 23 27 33 37
5 15 16 18 20 22 24 26 27 37
6 9 10 11 17 25 31 32 33 36
8 10 12 13 19 23 29 30 32 34
10 11 13 15 19 23 27 29 31 32
4 15 16 17 20 22 25 26 27 38
7 9 12 16 20 22 26 30 33 35
6 7 15 17 20 22 25 27 35 36
5 16 18 19 20 22 23 24 26 37
5 8 9 12 13 29 30 33 34 37
5 9 15 16 20 22 26 27 33 37
7 8 9 12 20 22 30 33 34 35
5 7 16 19 20 22 23 26 35 37
5 11 16 17 19 23 25 26 31 37
7 15 16 18 20 22 24 26 27 35
7 8 10 18 19 23 24 32 34 35
7 8 10 13 19 23 29 32 34 35
4 6 9 10 17 25 32 33 36 38
6 9 15 19 20 22 23 27 33 36
5 8 13 19 20 22 23 29 34 37
13 14 15 19 20 22 23 27 28 29
13 14 15 18 19 23 24 27 28 29
13 14 15 17 19 23 25 27 28 29
13 14 15 17 20 22 25 27 28 29
13 14 15 17 18 24 25 27 28 29
10 11 13 14 15 27 28 29 31 32
9 10 13 14 15 27 28 29 32 33
9 11 13 14 15 27 28 29 31 33
12 14 16 17 19 23 25 26 28 30
10 11 14 18 19 23 24 28 31 32
8 11 13 14 15 27 28 29 31 34
10 11 14 15 18 24 27 28 31 32
11 14 17 18 19 23 24 25 28 31
9 14 15 19 20 22 23 27 28 33
11 14 16 17 19 23 25 26 28 31
9 14 15 17 19 23 25 27 28 33
11 14 15 17 19 23 25 27 28 31
9 10 11 14 17 25 28 31 32 33
5 13 14 15 17 25 27 28 29 37
8 13 14 18 20 22 24 28 29 34
6 13 14 15 17 25 27 28 29 36
5 9 14 15 16 26 27 28 33 37
8 9 12 14 19 23 28 30 33 34
8 14 18 19 20 22 23 24 28 34
9 11 12 14 17 25 28 30 31 33
9 11 12 14 16 26 28 30 31 33
11 13 14 17 19 23 25 28 29 31
10 11 14 17 19 23 25 28 31 32
5 7 9 10 15 27 32 33 35 37
6 8 9 17 20 22 25 33 34 36
7 9 13 15 18 24 27 29 33 35
7 8 9 17 19 23 25 33 34 35
7 9 10 15 18 24 27 32 33 35
7 9 11 19 20 22 23 31 33 35
9 11 15 17 18 24 25 27 31 33
9 15 16 18 19 23 24 26 27 33
6 7 9 11 20 22 31 33 35 36
9 13 15 17 18 24 25 27 29 33
7 8 9 17 20 22 25 33 34 35
5 8 16 18 20 22 24 26 34 37
7 8 16 18 20 22 24 26 34 35
8 9 10 11 17 25 31 32 33 34
4 10 12 17 20 22 25 30 32 38
7 9 10 12 20 22 30 32 33 35
7 9 11 12 20 22 30 31 33 35
6 7 10 11 16 26 31 32 35 36
5 8 9 10 15 27 32 33 34 37
6 8 9 13 17 25 29 33 34 36
8 15 16 18 20 22 24 26 27 34
5 6 9 15 19 23 27 33 36 37
6 7 8 10 13 29 32 34 35 36
7 10 13 15 19 23 27 29 32 35
4 7 9 13 15 27 29 33 35 38
9 11 12 13 17 25 29 30 31 33
7 11 15 16 17 25 26 27 31 35
7 15 17 19 20 22 23 25 27 35
7 15 16 17 19 23 25 26 27 35
6 7 13 15 17 25 27 29 35 36
4 5 11 13 17 25 29 31 37 38
11 13 15 18 19 23 24 27 29 31
9 13 17 19 20 22 23 25 29 33
7 15 17 18 19 23 24 25 27 35
7 9 15 19 20 22 23 27 33 35
3 9 15 17 20 22 25 27 33 39
7 16 17 18 20 22 24 25 26 35
9 11 15 16 19 23 26 27 31 33
5 7 8 9 13 29 33 34 35 37
9 10 11 15 17 25 27 31 32 33
3 10 11 15 17 25 27 31 32 39
5 7 9 15 16 26 27 33 35 37
5 7 11 16 17 25 26 31 35 37
7 10 11 12 17 25 30 31 32 35
3 7 9 15 20 22 27 33 35 39
5 9 13 19 20 22 23 29 33 37
7 9 10 15 19 23 27 32 33 35
9 10 13 15 17 25 27 29 32 33
6 9 10 11 19 23 31 32 33 36
10 11 13 15 17 25 27 29 31 32
6 10 11 13 17 25 29 31 32 36
10 11 15 17 18 24 25 27 31 32
8 9 13 15 19 23 27 29 33 34
3 8 10 11 15 27 31 32 34 39
6 8 10 11 19 23 31 32 34 36
4 6 9 15 16 26 27 33 36 38
6 7 9 10 15 27 32 33 35 36
3 11 15 17 18 24 25 27 31 39
8 9 10 12 19 23 30 32 33 34
10 15 17 18 19 23 24 25 27 32
6 8 9 15 20 22 27 33 34 36
5 9 11 12 16 26 30 31 33 37
9 11 12 16 19 23 26 30 31 33
4 10 11 13 17 25 29 31 32 38
10 11 13 17 18 24 25 29 31 32
10 11 13 17 19 23 25 29 31 32
5 16 17 19 20 22 23 25 26 37
9 11 12 17 19 23 25 30 31 33
6 7 11 15 17 25 27 31 35 36
7 10 11 17 19 23 25 31 32 35
6 15 17 19 20 22 23 25 27 36
3 15 16 17 20 22 25 26 27 39
3 9 15 19 20 22 23 27 33 39
11 12 16 17 19 23 25 26 30 31
9 11 12 16 17 25 26 30 31 33
9 10 12 17 19 23 25 30 32 33
10 11 13 15 18 24 27 29 31 32
4 7 16 17 20 22 25 26 35 38
10 14 15 18 19 23 24 27 28 32
8 9 13 14 15 27 28 29 33 34
4 9 10 14 17 25 28 32 33 38
9 15 18 19 20 22 23 24 27 33
9 11 12 17 20 22 25 30 31 33
7 9 11 17 20 22 25 31 33 35
4 9 10 12 20 22 30 32 33 38
8 9 10 13 17 25 29 32 33 34
6 10 11 16 19 23 26 31 32 36
3 9 13 15 16 26 27 29 33 39
8 16 18 19 20 22 23 24 26 34
8 9 15 17 20 22 25 27 33 34
4 9 15 16 19 23 26 27 33 38
9 11 12 16 20 22 26 30 31 33
5 8 18 19 20 22 23 24 34 37
9 11 14 15 17 25 27 28 31 33
7 8 12 18 20 22 24 30 34 35
4 6 9 10 12 30 32 33 36 38
6 9 10 19 20 22 23 32 33 36
8 9 10 19 20 22 23 32 33 34
7 9 10 19 20 22 23 32 33 35
7 12 15 17 20 22 25 27 30 35
7 12 13 18 19 23 24 29 30 35
7 8 12 18 19 23 24 30 34 35
7 9 16 18 20 22 24 26 33 35
6 7 15 17 18 24 25 27 35 36
7 9 12 15 20 22 27 30 33 35
11 13 17 18 20 22 24 25 29 31
12 13 16 17 19 23 25 26 29 30
5 11 16 18 20 22 24 26 31 37
4 9 10 16 17 25 26 32 33 38
6 10 15 17 20 22 25 27 32 36
11 13 15 18 20 22 24 27 29 31
9 10 17 18 19 23 24 25 32 33
4 9 10 11 19 23 31 32 33 38
6 11 13 17 20 22 25 29 31 36
6 11 15 17 20 22 25 27 31 36
5 7 11 16 20 22 26 31 35 37
10 11 12 18 19 23 24 30 31 32
7 9 10 12 16 26 30 32 33 35
11 12 17 19 20 22 23 25 30 31
7 10 15 16 19 23 26 27 32 35
9 13 15 16 20 22 26 27 29 33
4 7 9 10 16 26 32 33 35 38
9 10 11 16 17 25 26 31 32 33
5 10 11 12 17 25 30 31 32 37
6 11 13 15 18 24 27 29 31 36
7 8 10 11 17 25 31 32 34 35
3 9 10 18 19 23 24 32 33 39
10 11 15 16 19 23 26 27 31 32
6 11 12 16 17 25 26 30 31 36
7 8 12 13 15 27 29 30 34 35
11 13 18 19 20 22 23 24 29 31
7 8 13 17 18 24 25 29 34 35
7 11 16 18 20 22 24 26 31 35
3 8 15 17 20 22 25 27 34 39
5 8 10 11 13 29 31 32 34 37
6 7 13 15 16 26 27 29 35 36
6 7 10 11 18 24 31 32 35 36
10 15 17 18 20 22 24 25 27 32
10 15 17 19 20 22 23 25 27 32
6 8 11 19 20 22 23 31 34 36
4 9 10 13 18 24 29 32 33 38
7 11 12 15 16 26 27 30 31 35
6 8 17 19 20 22 23 25 34 36
11 13 16 18 19 23 24 26 29 31
10 12 15 17 19 23 25 27 30 32
9 16 17 18 19 23 24 25 26 33
9 16 17 18 20 22 24 25 26 33
7 8 11 19 20 22 23 31 34 35
9 10 15 17 20 22 25 27 32 33
4 9 10 17 19 23 25 32 33 38
4 8 9 10 13 29 32 33 34 38
4 6 10 17 20 22 25 32 36 38
7 12 13 16 20 22 26 29 30 35
4 8 9 13 15 27 29 33 34 38
6 10 11 13 18 24 29 31 32 36
6 8 10 11 18 24 31 32 34 36
7 10 11 16 19 23 26 31 32 35
8 15 16 19 20 22 23 26 27 34
5 12 15 16 20 22 26 27 30 37
5 8 9 10 13 29 32 33 34 37
7 9 10 11 16 26 31 32 33 35
11 12 16 19 20 22 23 26 30 31
7 12 15 16 20 22 26 27 30 35
11 13 16 17 18 24 25 26 29 31
4 7 10 17 20 22 25 32 35 38
8 12 13 18 20 22 24 29 30 34
10 11 12 15 17 25 27 30 31 32
4 5 9 16 18 24 26 33 37 38
6 9 11 12 17 25 30 31 33 36
8 12 18 19 20 22 23 24 30 34
5 11 16 19 20 22 23 26 31 37
4 9 13 15 16 26 27 29 33 38
9 12 16 18 20 22 24 26 30 33
8 12 13 16 19 23 26 29 30 34
9 10 12 17 18 24 25 30 32 33
8 10 11 15 20 22 27 31 32 34
10 11 13 15 20 22 27 29 31 32
7 9 12 18 20 22 24 30 33 35
9 11 12 16 18 24 26 30 31 33
10 11 13 17 20 22 25 29 31 32
12 13 16 18 20 22 24 26 29 30
12 13 16 18 19 23 24 26 29 30
11 13 16 17 20 22 25 26 29 31
13 14 15 16 18 24 26 27 28 29
13 14 15 16 20 22 26 27 28 29
13 14 15 16 19 23 26 27 28 29
10 12 13 14 15 27 28 29 30 32
6 12 14 17 20 22 25 28 30 36
12 14 16 18 19 23 24 26 28 30
11 12 13 14 15 27 28 29 30 31
6 10 14 15 18 24 27 28 32 36
9 12 13 14 15 27 28 29 30 33
11 14 17 19 20 22 23 25 28 31
11 14 16 17 20 22 25 26 28 31
13 14 15 16 17 25 26 27 28 29
10 14 18 19 20 22 23 24 28 32
10 13 14 18 20 22 24 28 29 32
9 10 12 14 16 26 28 30 32 33
12 14 16 18 20 22 24 26 28 30
9 14 17 18 19 23 24 25 28 33
5 13 14 15 16 26 27 28 29 37
6 8 13 17 18 24 25 29 34 36
9 10 11 16 18 24 26 31 32 33
11 13 16 19 20 22 23 26 29 31
7 12 13 15 16 26 27 29 30 35
12 14 16 17 18 24 25 26 28 30
6 10 11 14 18 24 28 31 32 36
8 12 13 14 15 27 28 29 30 34
11 14 17 18 20 22 24 25 28 31
5 8 9 10 14 28 32 33 34 37
12 13 14 15 20 22 27 28 29 30
11 13 14 17 20 22 25 28 29 31
10 14 17 18 20 22 24 25 28 32
10 11 12 14 16 26 28 30 31 32
8 14 16 19 20 22 23 26 28 34
8 11 13 14 17 25 28 29 31 34
5 8 14 16 20 22 26 28 34 37
8 14 15 16 20 22 26 27 28 34
4 9 10 14 20 22 28 32 33 38
9 14 18 19 20 22 23 24 28 33
8 10 11 14 17 25 28 31 32 34
4 10 14 17 20 22 25 28 32 38
11 12 14 17 20 22 25 28 30 31
9 13 14 15 16 26 27 28 29 33
6 7 9 11 17 25 31 33 35 36
4 9 15 16 20 22 26 27 33 38
7 9 15 17 20 22 25 27 33 35
7 10 11 15 18 24 27 31 32 35
7 13 17 18 19 23 24 25 29 35
11 13 17 18 19 23 24 25 29 31
7 9 12 17 19 23 25 30 33 35
3 9 10 11 19 23 31 32 33 39
5 7 17 19 20 22 23 25 35 37
6 11 15 16 19 23 26 27 31 36
3 13 15 17 20 22 25 27 29 39
6 11 13 15 17 25 27 29 31 36
7 10 11 13 17 25 29 31 32 35
5 9 12 17 19 23 25 30 33 37
9 10 11 17 19 23 25 31 32 33
6 9 11 13 17 25 29 31 33 36
11 15 16 17 18 24 25 26 27 31
6 7 17 19 20 22 23 25 35 36
3 11 15 16 17 25 26 27 31 39
5 6 9 17 19 23 25 33 36 37
5 9 17 19 20 22 23 25 33 37
5 15 16 19 20 22 23 26 27 37
9 12 13 19 20 22 23 29 30 33
4 5 9 15 16 26 27 33 37 38
7 8 13 19 20 22 23 29 34 35
7 17 18 19 20 22 23 24 25 35
4 9 15 16 17 25 26 27 33 38
7 8 13 18 20 22 24 29 34 35
8 9 13 15 20 22 27 29 33 34
7 12 17 19 20 22 23 25 30 35
4 9 10 15 17 25 27 32 33 38
5 6 9 13 15 27 29 33 36 37
7 9 11 12 16 26 30 31 33 35
7 8 10 13 18 24 29 32 34 35
6 15 16 17 20 22 25 26 27 36
7 11 12 13 17 25 29 30 31 35
6 8 15 19 20 22 23 27 34 36
4 5 6 9 16 26 33 36 37 38
6 8 13 19 20 22 23 29 34 36
7 8 13 15 18 24 27 29 34 35
7 15 16 17 20 22 25 26 27 35
4 7 9 15 16 26 27 33 35 38
7 16 18 19 20 22 23 24 26 35
10 13 17 18 19 23 24 25 29 32
5 13 15 17 18 24 25 27 29 37
8 10 11 15 18 24 27 31 32 34
8 12 13 19 20 22 23 29 30 34
8 9 13 19 20 22 23 29 33 34
6 8 10 11 14 28 31 32 34 36
6 8 9 10 14 28 32 33 34 36
12 14 16 19 20 22 23 26 28 30
6 8 10 13 14 28 29 32 34 36
8 10 13 14 15 27 28 29 32 34
9 12 14 19 20 22 23 28 30 33
11 14 16 17 18 24 25 26 28 31
9 14 16 19 20 22 23 26 28 33
9 14 15 16 19 23 26 27 28 33
9 11 13 14 17 25 28 29 31 33
10 11 13 14 17 25 28 29 31 32
3 9 14 15 19 23 27 28 33 39
9 12 14 16 20 22 26 28 30 33
10 11 12 14 17 25 28 30 31 32
9 12 13 14 19 23 28 29 30 33
12 14 16 17 20 22 25 26 28 30
9 13 14 17 19 23 25 28 29 33
11 13 14 15 19 23 27 28 29 31
9 11 14 15 19 23 27 28 31 33
8 13 14 15 18 24 27 28 29 34
5 14 16 19 20 22 23 26 28 37
5 9 10 11 15 27 31 32 33 37
4 9 10 15 18 24 27 32 33 38
8 9 17 19 20 22 23 25 33 34
6 9 11 19 20 22 23 31 33 36
9 10 13 15 18 24 27 29 32 33
9 11 15 19 20 22 23 27 31 33
3 11 12 15 17 25 27 30 31 39
8 9 11 13 17 25 29 31 33 34
5 9 15 16 18 24 26 27 33 37
8 9 13 15 18 24 27 29 33 34
9 10 11 15 18 24 27 31 32 33
8 9 12 17 19 23 25 30 33 34
9 16 17 19 20 22 23 25 26 33
7 15 16 17 18 24 25 26 27 35
7 8 9 13 15 27 29 33 34 35
5 8 9 13 19 23 29 33 34 37
3 8 15 18 20 22 24 27 34 39
6 9 15 17 20 22 25 27 33 36
6 8 9 10 15 27 32 33 34 36
6 7 9 17 19 23 25 33 35 36
6 9 16 19 20 22 23 26 33 36
8 15 18 19 20 22 23 24 27 34
8 13 15 18 19 23 24 27 29 34
5 6 16 19 20 22 23 26 36 37
8 10 13 15 18 24 27 29 32 34
6 7 11 15 16 26 27 31 35 36
9 12 16 17 20 22 25 26 30 33
9 13 15 19 20 22 23 27 29 33
7 9 10 11 17 25 31 32 33 35
3 9 15 16 19 23 26 27 33 39
10 11 12 17 19 23 25 30 31 32
9 10 11 15 19 23 27 31 32 33
6 9 13 15 17 25 27 29 33 36
7 9 12 13 19 23 29 30 33 35
4 7 9 10 17 25 32 33 35 38
4 9 10 11 13 29 31 32 33 38
10 11 12 13 17 25 29 30 31 32
5 8 9 13 15 27 29 33 34 37
5 6 8 13 20 22 29 34 36 37
6 8 9 13 20 22 29 33 34 36
6 15 16 19 20 22 23 26 27 36
9 12 13 17 19 23 25 29 30 33
10 13 15 17 18 24 25 27 29 32
8 9 15 19 20 22 23 27 33 34
5 6 8 9 13 29 33 34 36 37
13 14 15 18 20 22 24 27 28 29
9 14 17 19 20 22 23 25 28 33
8 13 14 19 20 22 23 28 29 34
10 14 17 18 19 23 24 25 28 32
9 12 14 17 19 23 25 28 30 33
6 14 15 17 20 22 25 27 28 36
5 13 14 17 19 23 25 28 29 37
9 13 14 15 17 25 27 28 29 33
5 9 10 13 15 27 29 32 33 37
7 8 9 13 17 25 29 33 34 35
8 9 13 17 19 23 25 29 33 34
9 13 15 18 19 23 24 27 29 33
9 11 17 19 20 22 23 25 31 33
9 15 17 18 19 23 24 25 27 33
9 15 17 18 20 22 24 25 27 33
9 15 16 18 20 22 24 26 27 33
10 12 17 19 20 22 23 25 30 32
9 11 15 17 20 22 25 27 31 33
9 11 15 18 19 23 24 27 31 33
7 9 15 18 19 23 24 27 33 35
5 9 11 19 20 22 23 31 33 37
8 9 10 12 17 25 30 32 33 34
5 8 10 11 15 27 31 32 34 37
8 9 13 15 17 25 27 29 33 34
9 10 12 17 20 22 25 30 32 33
6 9 10 11 16 26 31 32 33 36
6 8 9 10 17 25 32 33 34 36
9 11 16 19 20 22 23 26 31 33
4 9 15 16 18 24 26 27 33 38
8 9 15 18 20 22 24 27 33 34
11 15 16 18 20 22 24 26 27 31
12 13 17 18 19 23 24 25 29 30
8 11 13 18 20 22 24 29 31 34
11 12 17 18 19 23 24 25 30 31
9 13 16 19 20 22 23 26 29 33
8 9 15 16 19 23 26 27 33 34
10 13 15 17 20 22 25 27 29 32
9 11 16 17 18 24 25 26 31 33
9 12 13 16 20 22 26 29 30 33
8 10 13 18 20 22 24 29 32 34
8 10 15 18 20 22 24 27 32 34
6 12 16 19 20 22 23 26 30 36
6 7 12 16 20 22 26 30 35 36
8 10 18 19 20 22 23 24 32 34
7 8 17 18 20 22 24 25 34 35
7 8 10 18 20 22 24 32 34 35
8 10 13 15 17 25 27 29 32 34
4 8 11 13 15 27 29 31 34 38
4 10 11 12 16 26 30 31 32 38
7 8 12 13 17 25 29 30 34 35
6 12 17 19 20 22 23 25 30 36
7 13 16 17 20 22 25 26 29 35
10 13 17 19 20 22 23 25 29 32
8 9 12 15 19 23 27 30 33 34
6 8 11 13 17 25 29 31 34 36
4 10 15 17 20 22 25 27 32 38
8 10 12 13 17 25 29 30 32 34
7 13 16 18 20 22 24 26 29 35
6 10 11 12 17 25 30 31 32 36
4 9 10 12 16 26 30 32 33 38
8 10 11 15 17 25 27 31 32 34
6 8 10 11 17 25 31 32 34 36
10 11 15 16 18 24 26 27 31 32
9 10 11 15 16 26 27 31 32 33
10 12 13 17 18 24 25 29 30 32
8 11 13 19 20 22 23 29 31 34
8 10 13 19 20 22 23 29 32 34
11 15 16 17 20 22 25 26 27 31
12 13 17 18 20 22 24 25 29 30
9 10 11 18 19 23 24 31 32 33
7 9 10 15 16 26 27 32 33 35
8 11 12 13 17 25 29 30 31 34
5 11 12 16 20 22 26 30 31 37
8 11 18 19 20 22 23 24 31 34
9 10 12 15 17 25 27 30 32 33
8 12 13 17 19 23 25 29 30 34
7 10 17 19 20 22 23 25 32 35
11 15 16 19 20 22 23 26 27 31
6 8 10 13 18 24 29 32 34 36
8 9 12 16 20 22 26 30 33 34
8 12 16 19 20 22 23 26 30 34
7 8 17 18 19 23 24 25 34 35
5 6 8 10 11 31 32 34 36 37
7 12 13 16 17 25 26 29 30 35
10 13 18 19 20 22 23 24 29 32
4 6 9 10 20 22 32 33 36 38
6 12 16 17 20 22 25 26 30 36
7 8 12 16 20 22 26 30 34 35
6 9 12 17 19 23 25 30 33 36
7 10 12 18 19 23 24 30 32 35
9 13 18 19 20 22 23 24 29 33
7 10 11 15 16 26 27 31 32 35
7 8 10 13 17 25 29 32 34 35
4 9 10 12 19 23 30 32 33 38
9 10 12 16 17 25 26 30 32 33
9 11 12 15 16 26 27 30 31 33
7 12 18 19 20 22 23 24 30 35
12 13 16 17 20 22 25 26 29 30
5 13 15 16 18 24 26 27 29 37
10 13 15 19 20 22 23 27 29 32
11 12 16 18 19 23 24 26 30 31
11 12 13 16 17 25 26 29 30 31
7 10 16 18 19 23 24 26 32 35
5 8 17 19 20 22 23 25 34 37
11 12 15 16 17 25 26 27 30 31
5 8 12 16 20 22 26 30 34 37
8 9 13 18 20 22 24 29 33 34
9 10 15 19 20 22 23 27 32 33
6 9 12 16 20 22 26 30 33 36
6 13 15 16 19 23 26 27 29 36
8 12 13 15 19 23 27 29 30 34
7 11 18 19 20 22 23 24 31 35
9 10 17 19 20 22 23 25 32 33
4 7 9 10 19 23 32 33 35 38
6 7 11 17 20 22 25 31 35 36
7 9 10 18 19 23 24 32 33 35
9 11 12 17 18 24 25 30 31 33
5 11 17 18 19 23 24 25 31 37
10 11 15 18 20 22 24 27 31 32
8 9 12 18 19 23 24 30 33 34
6 12 15 17 20 22 25 27 30 36
9 12 13 18 19 23 24 29 30 33
5 8 12 19 20 22 23 30 34 37
10 12 16 17 18 24 25 26 30 32
12 13 15 16 19 23 26 27 29 30
6 8 17 18 20 22 24 25 34 36
4 9 10 16 18 24 26 32 33 38
6 8 10 17 20 22 25 32 34 36
11 12 17 18 20 22 24 25 30 31
6 10 18 19 20 22 23 24 32 36
10 14 15 18 20 22 24 27 28 32
11 12 16 18 20 22 24 26 30 31
6 13 15 16 18 24 26 27 29 36
9 10 12 15 16 26 27 30 32 33
11 12 13 16 20 22 26 29 30 31
8 9 14 16 20 22 26 28 33 34
11 14 15 17 20 22 25 27 28 31
6 13 14 15 16 26 27 28 29 36
12 13 14 15 19 23 27 28 29 30
11 12 14 16 18 24 26 28 30 31
6 10 11 12 16 26 30 31 32 36
6 9 10 12 16 26 30 32 33 36
8 9 17 18 19 23 24 25 33 34
10 12 17 18 20 22 24 25 30 32
9 11 16 18 20 22 24 26 31 33
9 11 18 19 20 22 23 24 31 33
10 12 18 19 20 22 23 24 30 32
7 10 12 18 20 22 24 30 32 35
9 11 17 18 20 22 24 25 31 33
5 9 10 12 15 27 30 32 33 37
8 9 13 17 18 24 25 29 33 34
8 9 17 18 20 22 24 25 33 34
10 12 13 18 20 22 24 29 30 32
8 11 15 17 20 22 25 27 31 34
5 12 13 15 16 26 27 29 30 37
8 11 13 17 20 22 25 29 31 34
8 10 17 19 20 22 23 25 32 34
8 9 12 15 16 26 27 30 33 34
12 13 15 16 20 22 26 27 29 30
6 11 15 18 20 22 24 27 31 36
7 10 12 15 16 26 27 30 32 35
7 12 13 16 18 24 26 29 30 35
8 10 13 17 20 22 25 29 32 34
4 10 11 16 19 23 26 31 32 38
11 12 13 15 20 22 27 29 30 31
4 10 17 19 20 22 23 25 32 38
5 8 10 11 17 25 31 32 34 37
7 9 16 19 20 22 23 26 33 35
5 15 17 19 20 22 23 25 27 37
7 9 11 16 17 25 26 31 33 35
8 9 11 15 19 23 27 31 33 34
7 8 15 18 19 23 24 27 34 35
4 9 13 15 17 25 27 29 33 38
5 7 8 13 18 24 29 34 35 37
7 9 10 15 17 25 27 32 33 35
4 5 9 11 13 29 31 33 37 38
7 9 10 13 19 23 29 32 33 35
7 11 16 17 18 24 25 26 31 35
7 13 15 18 20 22 24 27 29 35
5 15 16 17 20 22 25 26 27 37
6 8 11 15 19 23 27 31 34 36
5 7 15 16 20 22 26 27 35 37
4 12 13 17 20 22 25 29 30 38
6 11 15 17 19 23 25 27 31 36
7 10 11 12 19 23 30 31 32 35
7 10 17 18 19 23 24 25 32 35
4 8 13 17 20 22 25 29 34 38
6 9 12 15 17 25 27 30 33 36
6 9 10 12 15 27 30 32 33 36
6 9 12 15 19 23 27 30 33 36
6 9 12 15 16 26 27 30 33 36
6 9 12 13 15 27 29 30 33 36
6 9 12 15 20 22 27 30 33 36
5 10 11 16 19 23 26 31 32 37
6 13 17 19 20 22 23 25 29 36
7 8 9 13 20 22 29 33 34 35
5 6 11 16 19 23 26 31 36 37
4 6 16 17 20 22 25 26 36 38
7 9 13 19 20 22 23 29 33 35
5 11 15 16 18 24 26 27 31 37
8 10 11 15 19 23 27 31 32 34
5 11 15 16 19 23 26 27 31 37
4 9 10 13 17 25 29 32 33 38
7 9 16 17 20 22 25 26 33 35
7 9 11 12 19 23 30 31 33 35
6 13 15 17 19 23 25 27 29 36
4 5 9 12 13 29 30 33 37 38
5 8 13 15 18 24 27 29 34 37
5 9 11 15 16 26 27 31 33 37
4 5 6 9 13 29 33 36 37 38
5 7 11 15 16 26 27 31 35 37
4 9 13 15 20 22 27 29 33 38
7 12 16 19 20 22 23 26 30 35
7 11 17 18 19 23 24 25 31 35
5 11 12 13 17 25 29 30 31 37
7 11 13 18 19 23 24 29 31 35
4 9 12 16 20 22 26 30 33 38
6 11 16 17 19 23 25 26 31 36
7 11 13 15 18 24 27 29 31 35
4 7 16 18 20 22 24 26 35 38
5 13 17 18 19 23 24 25 29 37
5 8 13 18 20 22 24 29 34 37
7 13 15 17 20 22 25 27 29 35
5 12 13 17 19 23 25 29 30 37
4 15 16 18 20 22 24 26 27 38
7 11 12 17 19 23 25 30 31 35
6 7 11 17 19 23 25 31 35 36
4 9 12 13 20 22 29 30 33 38
6 12 13 16 19 23 26 29 30 36
8 11 17 18 20 22 24 25 31 34
7 8 11 17 20 22 25 31 34 35
4 8 10 15 20 22 27 32 34 38
3 4 8 10 20 22 32 34 38 39
4 7 8 10 20 22 32 34 35 38
4 8 9 10 20 22 32 33 34 38
10 11 12 16 18 24 26 30 31 32
4 8 10 13 20 22 29 32 34 38
9 12 13 15 16 26 27 29 30 33
7 10 12 16 18 24 26 30 32 35
6 11 18 19 20 22 23 24 31 36
8 12 17 18 19 23 24 25 30 34
7 8 11 16 20 22 26 31 34 35
10 12 16 18 19 23 24 26 30 32
6 10 15 18 20 22 24 27 32 36
11 12 15 17 20 22 25 27 30 31
10 12 15 16 19 23 26 27 30 32
5 7 9 12 19 23 30 33 35 37
6 7 8 15 20 22 27 34 35 36
7 8 13 15 19 23 27 29 34 35
4 9 11 15 16 26 27 31 33 38
7 9 12 16 17 25 26 30 33 35
8 9 11 12 19 23 30 31 33 34
8 11 12 13 19 23 29 30 31 34
7 10 11 13 18 24 29 31 32 35
8 10 11 12 19 23 30 31 32 34
7 13 15 19 20 22 23 27 29 35
7 9 15 16 17 25 26 27 33 35
7 10 13 15 17 25 27 29 32 35
8 11 15 18 19 23 24 27 31 34
7 8 9 15 20 22 27 33 34 35
7 12 16 17 19 23 25 26 30 35
5 7 9 16 19 23 26 33 35 37
7 9 15 16 19 23 26 27 33 35
7 11 15 17 18 24 25 27 31 35
3 7 8 15 20 22 27 34 35 39
5 13 15 17 20 22 25 27 29 37
5 11 15 16 17 25 26 27 31 37
4 11 15 16 17 25 26 27 31 38
6 10 11 17 19 23 25 31 32 36
6 7 8 13 20 22 29 34 35 36
7 8 15 18 20 22 24 27 34 35
5 10 11 16 17 25 26 31 32 37
3 15 17 19 20 22 23 25 27 39
9 10 13 15 19 23 27 29 32 33
7 10 11 15 17 25 27 31 32 35
7 8 9 15 19 23 27 33 34 35
6 9 11 17 19 23 25 31 33 36
4 5 9 13 15 27 29 33 37 38
9 10 13 17 19 23 25 29 32 33
6 9 13 17 19 23 25 29 33 36
4 5 7 9 13 29 33 35 37 38
7 10 15 17 19 23 25 27 32 35
5 12 17 19 20 22 23 25 30 37
4 11 15 16 18 24 26 27 31 38
7 9 12 13 20 22 29 30 33 35
8 11 13 15 19 23 27 29 31 34
9 10 11 13 19 23 29 31 32 33
8 9 10 13 19 23 29 32 33 34
9 10 12 13 19 23 29 30 32 33
4 12 16 17 20 22 25 26 30 38
6 8 10 13 19 23 29 32 34 36
4 16 17 18 20 22 24 25 26 38
3 8 10 11 19 23 31 32 34 39
5 8 13 16 20 22 26 29 34 37
11 12 18 19 20 22 23 24 30 31
5 8 9 13 16 26 29 33 34 37
5 10 11 16 18 24 26 31 32 37
5 9 10 11 16 26 31 32 33 37
5 10 11 12 16 26 30 31 32 37
6 7 9 12 15 27 30 33 35 36
5 7 10 11 16 26 31 32 35 37
12 13 16 17 18 24 25 26 29 30
4 9 10 18 19 23 24 32 33 38
8 10 15 17 20 22 25 27 32 34
9 10 16 17 18 24 25 26 32 33
10 11 12 15 16 26 27 30 31 32
9 10 18 19 20 22 23 24 32 33
8 12 13 17 18 24 25 29 30 34
6 7 12 13 16 26 29 30 35 36
6 8 11 17 20 22 25 31 34 36
9 13 16 18 20 22 24 26 29 33
4 6 8 10 20 22 32 34 36 38
6 8 10 18 20 22 24 32 34 36
11 13 16 18 20 22 24 26 29 31
7 8 10 17 20 22 25 32 34 35
7 9 10 16 18 24 26 32 33 35
11 12 15 16 20 22 26 27 30 31
4 9 10 19 20 22 23 32 33 38
6 11 12 17 20 22 25 30 31 36
8 11 16 19 20 22 23 26 31 34
8 10 11 13 20 22 29 31 32 34
8 9 12 13 18 24 29 30 33 34
9 10 11 12 18 24 30 31 32 33
4 9 10 12 18 24 30 32 33 38
6 8 12 13 15 27 29 30 34 36
7 10 11 19 20 22 23 31 32 35
9 12 18 19 20 22 23 24 30 33
8 9 12 13 16 26 29 30 33 34
8 13 16 19 20 22 23 26 29 34
8 11 12 13 16 26 29 30 31 34
10 11 17 18 20 22 24 25 31 32
7 9 12 13 18 24 29 30 33 35
7 8 10 11 20 22 31 32 34 35
7 8 12 13 16 26 29 30 34 35
7 9 10 12 18 24 30 32 33 35
9 12 16 18 19 23 24 26 30 33
9 10 12 13 18 24 29 30 32 33
10 11 15 19 20 22 23 27 31 32
6 8 10 11 20 22 31 32 34 36
9 12 17 18 20 22 24 25 30 33
9 12 17 18 19 23 24 25 30 33
4 6 7 9 10 32 33 35 36 38
6 8 13 15 16 26 27 29 34 36
4 10 11 17 20 22 25 31 32 38
8 13 15 16 20 22 26 27 29 34
8 9 13 15 16 26 27 29 33 34
8 9 14 15 20 22 27 28 33 34
11 14 15 17 18 24 25 27 28 31
8 14 15 18 20 22 24 27 28 34
4 9 10 12 14 28 30 32 33 38
7 8 10 13 16 26 29 32 34 35
8 10 13 15 16 26 27 29 32 34
10 11 13 14 16 26 28 29 31 32
8 10 12 13 16 26 29 30 32 34
8 10 11 13 16 26 29 31 32 34
8 9 10 13 16 26 29 32 33 34
5 10 16 19 20 22 23 26 32 37
6 7 11 12 17 25 30 31 35 36
7 12 14 15 17 25 27 28 30 35
7 12 14 18 20 22 24 28 30 35
7 12 13 14 18 24 28 29 30 35
7 10 12 14 15 27 28 30 32 35
7 8 13 14 17 25 28 29 34 35
7 11 14 16 20 22 26 28 31 35
7 13 14 16 17 25 26 28 29 35
7 10 11 14 16 26 28 31 32 35
10 13 15 16 20 22 26 27 29 32
7 10 14 19 20 22 23 28 32 35
8 9 10 16 20 22 26 32 33 34
4 8 9 10 16 26 32 33 34 38
10 13 16 18 20 22 24 26 29 32
8 10 11 16 17 25 26 31 32 34
10 11 18 19 20 22 23 24 31 32
10 11 17 19 20 22 23 25 31 32
7 11 14 19 20 22 23 28 31 35
7 13 14 16 18 24 26 28 29 35
10 13 16 17 20 22 25 26 29 32
6 7 14 15 18 24 27 28 35 36
7 9 12 14 15 27 28 30 33 35
7 10 14 15 16 26 27 28 32 35
8 10 15 16 20 22 26 27 32 34
8 10 16 19 20 22 23 26 32 34
4 8 10 11 16 26 31 32 34 38
7 8 10 16 20 22 26 32 34 35
6 10 11 12 18 24 30 31 32 36
6 12 16 17 18 24 25 26 30 36
6 12 17 18 20 22 24 25 30 36
6 12 18 19 20 22 23 24 30 36
6 12 16 18 19 23 24 26 30 36
6 7 12 18 20 22 24 30 35 36
5 7 9 10 19 23 32 33 35 37
7 10 15 19 20 22 23 27 32 35
9 12 13 15 17 25 27 29 30 33
7 8 9 12 16 26 30 33 34 35
9 11 13 15 16 26 27 29 31 33
7 12 17 18 20 22 24 25 30 35
6 7 8 16 20 22 26 34 35 36
5 7 8 9 16 26 33 34 35 37
5 8 11 12 16 26 30 31 34 37
5 9 10 11 19 23 31 32 33 37
5 6 8 16 20 22 26 34 36 37
4 5 8 11 13 29 31 34 37 38
4 16 17 19 20 22 23 25 26 38
5 7 8 11 16 26 31 34 35 37
8 11 12 13 18 24 29 30 31 34
10 15 16 17 18 24 25 26 27 32
4 13 17 19 20 22 23 25 29 38
6 8 11 15 16 26 27 31 34 36
6 15 17 18 19 23 24 25 27 36
5 7 11 13 16 26 29 31 35 37
9 10 15 16 19 23 26 27 32 33
7 11 12 16 18 24 26 30 31 35
6 10 11 17 18 24 25 31 32 36
7 8 16 19 20 22 23 26 34 35
7 8 10 12 18 24 30 32 34 35
9 11 13 16 17 25 26 29 31 33
8 9 10 13 20 22 29 32 33 34
6 13 15 16 20 22 26 27 29 36
8 10 11 17 18 24 25 31 32 34
8 12 13 15 20 22 27 29 30 34
8 11 12 13 20 22 29 30 31 34
3 4 10 17 20 22 25 32 38 39
7 8 9 10 16 26 32 33 34 35
9 12 13 14 16 26 28 29 30 33
8 10 13 14 20 22 28 29 32 34
8 11 13 14 20 22 28 29 31 34
11 12 15 18 20 22 24 27 30 31
12 13 15 16 18 24 26 27 29 30
6 11 13 14 17 25 28 29 31 36
9 10 14 15 19 23 27 28 32 33
6 14 16 19 20 22 23 26 28 36
3 7 9 15 18 24 27 33 35 39
8 10 12 19 20 22 23 30 32 34
3 9 12 15 16 26 27 30 33 39
3 9 15 18 19 23 24 27 33 39
9 11 13 15 20 22 27 29 31 33
3 9 15 18 20 22 24 27 33 39
3 9 15 17 18 24 25 27 33 39
8 9 10 12 20 22 30 32 33 34
9 10 12 14 19 23 28 30 32 33
6 14 15 16 20 22 26 27 28 36
8 10 11 14 18 24 28 31 32 34
8 10 13 14 18 24 28 29 32 34
6 8 12 13 17 25 29 30 34 36
8 12 13 15 17 25 27 29 30 34
10 13 16 19 20 22 23 26 29 32
6 10 11 14 17 25 28 31 32 36
8 10 14 18 19 23 24 28 32 34
9 11 13 17 20 22 25 29 31 33
7 8 10 12 20 22 30 32 34 35
3 14 15 17 20 22 25 27 28 39
9 10 14 17 19 23 25 28 32 33
8 10 14 15 18 24 27 28 32 34
4 6 9 10 16 26 32 33 36 38
5 11 13 16 20 22 26 29 31 37
11 12 13 15 17 25 27 29 30 31
7 12 15 17 19 23 25 27 30 35
11 12 13 15 19 23 27 29 30 31
7 9 12 15 19 23 27 30 33 35
7 13 15 16 19 23 26 27 29 35
7 9 17 18 19 23 24 25 33 35
7 9 13 15 16 26 27 29 33 35
7 10 13 18 20 22 24 29 32 35
11 12 15 17 19 23 25 27 30 31
9 10 12 16 19 23 26 30 32 33
6 10 13 15 16 26 27 29 32 36
6 16 17 18 19 23 24 25 26 36
5 8 11 13 17 25 29 31 34 37
9 11 13 17 18 24 25 29 31 33
8 10 12 13 18 24 29 30 32 34
8 10 12 18 19 23 24 30 32 34
7 11 15 19 20 22 23 27 31 35
10 11 12 15 19 23 27 30 31 32
7 8 13 15 17 25 27 29 34 35
8 9 10 11 18 24 31 32 33 34
7 9 10 11 18 24 31 32 33 35
4 11 16 17 20 22 25 26 31 38
8 10 11 17 19 23 25 31 32 34
9 10 12 16 20 22 26 30 32 33
6 11 16 17 18 24 25 26 31 36
6 16 18 19 20 22 23 24 26 36
8 11 13 17 19 23 25 29 31 34
7 9 12 13 16 26 29 30 33 35
6 11 13 15 16 26 27 29 31 36
6 11 16 19 20 22 23 26 31 36
9 11 12 15 19 23 27 30 31 33
6 15 16 18 20 22 24 26 27 36
5 11 13 16 17 25 26 29 31 37
8 10 11 12 18 24 30 31 32 34
7 8 11 13 20 22 29 31 34 35
7 8 10 13 20 22 29 32 34 35
6 12 13 17 20 22 25 29 30 36
6 8 9 10 18 24 32 33 34 36
8 10 11 15 16 26 27 31 32 34
10 11 13 15 16 26 27 29 31 32
4 8 10 19 20 22 23 32 34 38
10 12 15 16 18 24 26 27 30 32
10 12 13 16 18 24 26 29 30 32
10 12 13 15 16 26 27 29 30 32
9 10 13 16 18 24 26 29 32 33
9 10 16 18 20 22 24 26 32 33
8 11 16 17 20 22 25 26 31 34
6 9 11 14 17 25 28 31 33 36
4 5 9 14 16 26 28 33 37 38
6 11 14 15 17 25 27 28 31 36
10 13 15 16 19 23 26 27 29 32
10 12 13 16 19 23 26 29 30 32
5 10 17 19 20 22 23 25 32 37
5 10 13 15 17 25 27 29 32 37
4 10 15 16 20 22 26 27 32 38
4 8 15 16 20 22 26 27 34 38
4 9 10 16 20 22 26 32 33 38
10 13 16 18 19 23 24 26 29 32
10 13 16 17 19 23 25 26 29 32
8 12 13 14 20 22 28 29 30 34
9 10 11 14 19 23 28 31 32 33
8 12 14 19 20 22 23 28 30 34
9 11 13 19 20 22 23 29 31 33
5 10 11 15 17 25 27 31 32 37
5 9 10 15 17 25 27 32 33 37
6 9 11 13 20 22 29 31 33 36
3 9 13 15 18 24 27 29 33 39
3 9 15 16 18 24 26 27 33 39
9 11 12 13 20 22 29 30 31 33
4 8 12 13 20 22 29 30 34 38
4 6 9 10 14 28 32 33 36 38
8 9 12 14 20 22 28 30 33 34
6 9 10 14 19 23 28 32 33 36
8 9 10 14 19 23 28 32 33 34
6 11 14 16 17 25 26 28 31 36
4 7 10 16 20 22 26 32 35 38
5 8 11 16 20 22 26 31 34 37
5 10 11 13 16 26 29 31 32 37
5 8 10 11 16 26 31 32 34 37
5 9 14 15 19 23 27 28 33 37
3 11 14 15 17 25 27 28 31 39
6 8 16 19 20 22 23 26 34 36
8 15 17 19 20 22 23 25 27 34
4 10 17 18 20 22 24 25 32 38
3 11 15 17 20 22 25 27 31 39
5 9 17 18 19 23 24 25 33 37
9 10 11 13 18 24 29 31 32 33
5 8 11 13 20 22 29 31 34 37
7 11 16 19 20 22 23 26 31 35
8 10 15 19 20 22 23 27 32 34
5 9 13 14 19 23 28 29 33 37
6 8 14 15 20 22 27 28 34 36
8 9 16 17 20 22 25 26 33 34
8 9 12 16 17 25 26 30 33 34
6 7 9 15 18 24 27 33 35 36
8 9 16 17 19 23 25 26 33 34
8 9 15 16 17 25 26 27 33 34
6 9 15 16 18 24 26 27 33 36
6 9 15 18 19 23 24 27 33 36
6 9 13 15 18 24 27 29 33 36
6 9 10 15 18 24 27 32 33 36
6 10 16 19 20 22 23 26 32 36
8 10 15 16 18 24 26 27 32 34
8 10 11 16 18 24 26 31 32 34
6 10 15 16 20 22 26 27 32 36
4 5 9 10 13 29 32 33 37 38
8 11 15 19 20 22 23 27 31 34
5 11 12 15 16 26 27 30 31 37
6 11 17 19 20 22 23 25 31 36
5 6 11 12 16 26 30 31 36 37
7 8 15 16 20 22 26 27 34 35
9 10 13 18 19 23 24 29 32 33
7 8 10 16 18 24 26 32 34 35
4 9 12 13 15 27 29 30 33 38
6 7 15 18 20 22 24 27 35 36
8 11 13 17 18 24 25 29 31 34
5 8 15 16 20 22 26 27 34 37
6 10 15 17 18 24 25 27 32 36
9 12 13 15 20 22 27 29 30 33
6 11 15 16 18 24 26 27 31 36
7 13 16 17 18 24 25 26 29 35
7 8 13 17 20 22 25 29 34 35
5 8 10 11 19 23 31 32 34 37
11 12 13 17 20 22 25 29 30 31
5 11 12 16 18 24 26 30 31 37
4 10 13 17 20 22 25 29 32 38
11 12 13 16 19 23 26 29 30 31
5 13 15 16 20 22 26 27 29 37
10 11 12 16 19 23 26 30 31 32
6 9 10 15 20 22 27 32 33 36
7 9 12 15 16 26 27 30 33 35
6 11 13 16 17 25 26 29 31 36
5 13 16 18 19 23 24 26 29 37
7 10 17 18 20 22 24 25 32 35
7 12 13 15 20 22 27 29 30 35
7 11 13 16 18 24 26 29 31 35
8 11 12 18 19 23 24 30 31 34
7 11 17 18 20 22 24 25 31 35
7 13 15 16 20 22 26 27 29 35
10 11 14 17 18 24 25 28 31 32
9 12 14 16 19 23 26 28 30 33
8 13 14 15 20 22 27 28 29 34
6 9 10 18 19 23 24 32 33 36
7 9 10 16 20 22 26 32 33 35
4 9 10 13 16 26 29 32 33 38
4 5 8 9 16 26 33 34 37 38
5 8 10 13 20 22 29 32 34 37
10 11 13 16 18 24 26 29 31 32
7 12 13 17 18 24 25 29 30 35
8 10 15 17 18 24 25 27 32 34
3 10 15 17 20 22 25 27 32 39
5 11 16 17 20 22 25 26 31 37
9 10 16 17 19 23 25 26 32 33
9 12 13 16 17 25 26 29 30 33
6 11 15 16 20 22 26 27 31 36
7 9 10 17 19 23 25 32 33 35
7 11 15 16 18 24 26 27 31 35
4 6 9 10 15 27 32 33 36 38
5 13 14 16 19 23 26 28 29 37
4 8 9 10 19 23 32 33 34 38
8 12 15 18 19 23 24 27 30 34
9 10 16 17 20 22 25 26 32 33
11 13 14 15 20 22 27 28 29 31
8 10 11 16 19 23 26 31 32 34
11 12 15 16 19 23 26 27 30 31
7 12 15 19 20 22 23 27 30 35
10 12 13 15 17 25 27 29 30 32
6 7 17 18 19 23 24 25 35 36
7 13 16 19 20 22 23 26 29 35
7 11 15 18 20 22 24 27 31 35
8 9 10 18 19 23 24 32 33 34
8 12 15 19 20 22 23 27 30 34
7 8 11 15 16 26 27 31 34 35
4 8 10 17 20 22 25 32 34 38
9 10 12 16 18 24 26 30 32 33
8 9 14 17 20 22 25 28 33 34
9 10 14 15 18 24 27 28 32 33
6 9 11 14 20 22 28 31 33 36
7 10 12 15 20 22 27 30 32 35
8 12 13 16 17 25 26 29 30 34
8 9 10 16 17 25 26 32 33 34
7 10 13 16 19 23 26 29 32 35
5 9 10 12 19 23 30 32 33 37
5 9 16 18 19 23 24 26 33 37
4 5 9 16 19 23 26 33 37 38
5 8 9 11 16 26 31 33 34 37
9 13 15 16 17 25 26 27 29 33
7 12 16 17 18 24 25 26 30 35
4 10 16 17 20 22 25 26 32 38
4 8 10 11 19 23 31 32 34 38
8 9 11 13 20 22 29 31 33 34
8 10 12 13 20 22 29 30 32 34
10 11 13 16 19 23 26 29 31 32
4 5 8 16 20 22 26 34 37 38
5 9 14 17 19 23 25 28 33 37
8 10 16 18 19 23 24 26 32 34
8 9 11 16 17 25 26 31 33 34
6 10 17 19 20 22 23 25 32 36
9 10 12 15 19 23 27 30 32 33
6 9 10 12 19 23 30 32 33 36
10 12 13 18 19 23 24 29 30 32
8 10 13 17 19 23 25 29 32 34
7 12 13 18 20 22 24 29 30 35
6 9 12 16 17 25 26 30 33 36
7 10 11 16 18 24 26 31 32 35
6 7 8 13 17 25 29 34 35 36
4 10 11 15 16 26 27 31 32 38
7 12 16 18 19 23 24 26 30 35
6 13 16 17 19 23 25 26 29 36
7 10 12 15 17 25 27 30 32 35
5 9 11 16 18 24 26 31 33 37
6 9 13 15 16 26 27 29 33 36
9 12 15 16 17 25 26 27 30 33
6 8 9 15 16 26 27 33 34 36
4 11 13 17 20 22 25 29 31 38
4 7 10 11 16 26 31 32 35 38
10 12 13 15 19 23 27 29 30 32
6 8 14 19 20 22 23 28 34 36
6 8 13 14 20 22 28 29 34 36
6 8 9 16 17 25 26 33 34 36
5 8 9 16 17 25 26 33 34 37
5 9 10 15 20 22 27 32 33 37
6 9 15 18 20 22 24 27 33 36
6 9 15 17 18 24 25 27 33 36
5 8 10 15 20 22 27 32 34 37
6 8 13 17 19 23 25 29 34 36
4 5 9 13 16 26 29 33 37 38
8 11 12 16 19 23 26 30 31 34
5 9 11 16 17 25 26 31 33 37
5 11 12 16 17 25 26 30 31 37
4 5 9 11 16 26 31 33 37 38
4 13 17 18 20 22 24 25 29 38
6 9 16 17 19 23 25 26 33 36
9 12 14 15 19 23 27 28 30 33
10 11 14 16 17 25 26 28 31 32
6 13 14 15 18 24 27 28 29 36
11 12 14 16 20 22 26 28 30 31
10 13 14 15 20 22 27 28 29 32
5 8 16 17 20 22 25 26 34 37
6 8 11 16 17 25 26 31 34 36
7 10 16 19 20 22 23 26 32 35
11 12 15 16 18 24 26 27 30 31
10 12 13 16 17 25 26 29 30 32
10 12 15 17 18 24 25 27 30 32
7 12 15 18 20 22 24 27 30 35
6 11 12 13 17 25 29 30 31 36
6 11 13 17 18 24 25 29 31 36
10 11 15 16 17 25 26 27 31 32
8 12 13 17 20 22 25 29 30 34
6 9 11 15 17 25 27 31 33 36
7 10 12 13 17 25 29 30 32 35
5 8 12 13 20 22 29 30 34 37
4 11 13 15 17 25 27 29 31 38
5 8 9 13 20 22 29 33 34 37
6 8 9 15 19 23 27 33 34 36
6 9 10 15 17 25 27 32 33 36
6 9 15 16 20 22 26 27 33 36
7 12 13 17 19 23 25 29 30 35
5 11 16 18 19 23 24 26 31 37
4 6 9 10 13 29 32 33 36 38
4 7 15 16 20 22 26 27 35 38
7 8 10 15 18 24 27 32 34 35
8 13 14 15 17 25 27 28 29 34
5 8 9 14 16 26 28 33 34 37
11 13 14 16 17 25 26 28 29 31
7 8 11 12 19 23 30 31 34 35
6 13 16 19 20 22 23 26 29 36
11 12 13 17 18 24 25 29 30 31
3 9 10 19 20 22 23 32 33 39
6 11 16 17 20 22 25 26 31 36
7 12 17 18 19 23 24 25 30 35
9 10 15 16 17 25 26 27 32 33
11 12 13 18 19 23 24 29 30 31
7 10 13 19 20 22 23 29 32 35
7 8 9 15 16 26 27 33 34 35
4 13 16 17 20 22 25 26 29 38
9 13 16 17 20 22 25 26 29 33
11 13 15 16 18 24 26 27 29 31
7 11 15 16 20 22 26 27 31 35
4 6 9 10 19 23 32 33 36 38
7 10 16 17 19 23 25 26 32 35
4 7 16 19 20 22 23 26 35 38
10 12 15 17 20 22 25 27 30 32
8 12 16 18 20 22 24 26 30 34
5 8 11 16 19 23 26 31 34 37
5 8 13 17 20 22 25 29 34 37
6 10 11 18 20 22 24 31 32 36
6 12 13 15 16 26 27 29 30 36
8 10 11 17 20 22 25 31 32 34
10 13 14 15 16 26 27 28 29 32
8 11 14 16 17 25 26 28 31 34
12 13 14 15 18 24 27 28 29 30
10 11 15 16 20 22 26 27 31 32
8 10 16 18 20 22 24 26 32 34
4 5 9 10 19 23 32 33 37 38
8 9 15 16 18 24 26 27 33 34
8 9 11 17 20 22 25 31 33 34
5 9 10 15 18 24 27 32 33 37
7 11 15 16 19 23 26 27 31 35
6 9 13 15 20 22 27 29 33 36
6 10 11 15 17 25 27 31 32 36
8 9 12 13 20 22 29 30 33 34
9 10 11 12 19 23 30 31 32 33
5 6 15 16 20 22 26 27 36 37
6 16 17 19 20 22 23 25 26 36
6 8 13 15 19 23 27 29 34 36
5 8 13 15 20 22 27 29 34 37
4 5 9 12 16 26 30 33 37 38
3 9 10 13 19 23 29 32 33 39
8 9 10 15 19 23 27 32 33 34
9 11 14 17 20 22 25 28 31 33
9 14 15 18 19 23 24 27 28 33
8 14 16 18 20 22 24 26 28 34
4 5 9 13 17 25 29 33 37 38
7 10 11 17 18 24 25 31 32 35
5 8 11 13 18 24 29 31 34 37
7 9 12 16 19 23 26 30 33 35
5 8 13 18 19 23 24 29 34 37
7 8 13 15 20 22 27 29 34 35
7 8 11 15 19 23 27 31 34 35
4 5 9 13 20 22 29 33 37 38
9 11 15 18 20 22 24 27 31 33
9 10 15 16 18 24 26 27 32 33
8 9 10 17 20 22 25 32 33 34
9 11 12 15 20 22 27 30 31 33
7 10 11 14 17 25 28 31 32 35
7 8 13 14 20 22 28 29 34 35
6 9 11 18 20 22 24 31 33 36
9 11 14 19 20 22 23 28 31 33
8 9 14 17 19 23 25 28 33 34
7 8 16 17 18 24 25 26 34 35
5 9 10 18 19 23 24 32 33 37
7 9 16 17 18 24 25 26 33 35
7 11 12 18 19 23 24 30 31 35
8 11 12 19 20 22 23 30 31 34
6 11 14 17 20 22 25 28 31 36
9 10 14 18 19 23 24 28 32 33
4 9 10 14 19 23 28 32 33 38
6 8 12 16 20 22 26 30 34 36
4 11 12 15 16 26 27 30 31 38
4 5 8 9 13 29 33 34 37 38
7 9 10 16 19 23 26 32 33 35
4 11 15 16 20 22 26 27 31 38
9 10 13 19 20 22 23 29 32 33
7 9 13 16 20 22 26 29 33 35
7 10 15 17 20 22 25 27 32 35
5 11 13 16 18 24 26 29 31 37
5 11 12 17 19 23 25 30 31 37
3 5 8 19 20 22 23 34 37 39
6 7 8 13 15 27 29 34 35 36
6 8 13 14 15 27 28 29 34 36
7 8 13 14 15 27 28 29 34 35
7 10 11 14 18 24 28 31 32 35
4 5 9 16 17 25 26 33 37 38
5 6 17 19 20 22 23 25 36 37
6 9 10 13 19 23 29 32 33 36
7 9 13 15 20 22 27 29 33 35
4 7 11 15 16 26 27 31 35 38
7 9 11 18 20 22 24 31 33 35
8 10 11 13 18 24 29 31 32 34
8 10 11 13 19 23 29 31 32 34
4 5 16 17 20 22 25 26 37 38
5 8 15 19 20 22 23 27 34 37
3 15 17 18 20 22 24 25 27 39
6 9 13 15 19 23 27 29 33 36
7 13 17 18 20 22 24 25 29 35
11 12 13 17 19 23 25 29 30 31
8 10 13 15 19 23 27 29 32 34
6 7 11 13 17 25 29 31 35 36
9 10 15 17 19 23 25 27 32 33
6 9 15 17 19 23 25 27 33 36
6 9 11 15 16 26 27 31 33 36
6 9 13 19 20 22 23 29 33 36
5 9 10 14 15 27 28 32 33 37
5 6 11 15 16 26 27 31 36 37
6 10 13 17 19 23 25 29 32 36
7 11 12 16 19 23 26 30 31 35
7 9 16 17 19 23 25 26 33 35
7 10 15 17 18 24 25 27 32 35
7 8 15 19 20 22 23 27 34 35
3 5 17 19 20 22 23 25 37 39
4 9 13 17 20 22 25 29 33 38
5 6 11 17 19 23 25 31 36 37
7 11 13 17 18 24 25 29 31 35
6 11 13 17 19 23 25 29 31 36
6 7 13 17 19 23 25 29 35 36
9 10 15 18 20 22 24 27 32 33
6 9 11 12 20 22 30 31 33 36
8 11 16 18 20 22 24 26 31 34
5 8 9 10 17 25 32 33 34 37
7 9 12 14 19 23 28 30 33 35
7 9 12 14 16 26 28 30 33 35
9 13 15 16 18 24 26 27 29 33
8 9 11 16 20 22 26 31 33 34
9 10 11 12 20 22 30 31 32 33
9 13 14 15 18 24 27 28 29 33
5 8 10 13 18 24 29 32 34 37
8 11 15 16 19 23 26 27 31 34
8 12 14 16 20 22 26 28 30 34
4 5 9 13 18 24 29 33 37 38
6 8 11 17 19 23 25 31 34 36
7 9 10 16 17 25 26 32 33 35
7 8 10 17 18 24 25 32 34 35
4 9 10 13 19 23 29 32 33 38
5 11 15 16 20 22 26 27 31 37
8 10 14 18 20 22 24 28 32 34
7 11 13 18 20 22 24 29 31 35
6 12 13 17 19 23 25 29 30 36
6 11 12 17 19 23 25 30 31 36
6 12 14 16 20 22 26 28 30 36
8 11 12 15 19 23 27 30 31 34
4 12 16 18 20 22 24 26 30 38
7 8 12 15 20 22 27 30 34 35
6 7 11 17 18 24 25 31 35 36
5 8 13 16 18 24 26 29 34 37
5 10 11 15 16 26 27 31 32 37
4 8 10 18 20 22 24 32 34 38
10 14 15 16 20 22 26 27 28 32
8 9 10 14 16 26 28 32 33 34
12 14 15 18 19 23 24 27 28 30
12 14 15 18 20 22 24 27 28 30
9 10 13 14 16 26 28 29 32 33
12 14 15 17 18 24 25 27 28 30
10 14 16 17 20 22 25 26 28 32
10 14 16 19 20 22 23 26 28 32
10 13 14 16 17 25 26 28 29 32
9 10 14 16 20 22 26 28 32 33
8 10 11 14 16 26 28 31 32 34
4 14 15 16 20 22 26 27 28 38
11 14 15 16 19 23 26 27 28 31
6 9 10 14 15 27 28 32 33 36
6 9 14 15 17 25 27 28 33 36
9 14 15 16 17 25 26 27 28 33
12 13 14 17 19 23 25 28 29 30
11 14 15 16 18 24 26 27 28 31
5 8 11 13 14 28 29 31 34 37
4 14 16 17 20 22 25 26 28 38
10 14 15 17 19 23 25 27 28 32
10 12 13 14 19 23 28 29 30 32
10 11 12 14 19 23 28 30 31 32
6 11 14 15 16 26 27 28 31 36
8 14 15 18 19 23 24 27 28 34
4 13 14 17 20 22 25 28 29 38
10 13 14 17 19 23 25 28 29 32
6 10 11 14 16 26 28 31 32 36
8 14 15 16 18 24 26 27 28 34
10 12 14 17 20 22 25 28 30 32
8 9 10 14 17 25 28 32 33 34
9 10 12 14 20 22 28 30 32 33
9 11 12 14 20 22 28 30 31 33
10 12 13 14 20 22 28 29 30 32
12 13 14 17 20 22 25 28 29 30
5 14 15 16 20 22 26 27 28 37
5 11 14 16 18 24 26 28 31 37
6 9 14 15 16 26 27 28 33 36
10 11 13 14 19 23 28 29 31 32
8 10 11 14 19 23 28 31 32 34
9 14 15 16 18 24 26 27 28 33
9 11 14 15 20 22 27 28 31 33
6 8 12 19 20 22 23 30 34 36
6 8 9 16 20 22 26 33 34 36
10 15 16 17 19 23 25 26 27 32
12 13 15 17 19 23 25 27 29 30
7 9 10 15 20 22 27 32 33 35
6 7 11 16 20 22 26 31 35 36
6 17 18 19 20 22 23 24 25 36
10 11 12 13 18 24 29 30 31 32
7 8 9 10 18 24 32 33 34 35
7 10 14 15 18 24 27 28 32 35
7 9 13 14 15 27 28 29 33 35
7 9 14 17 19 23 25 28 33 35
7 13 14 17 18 24 25 28 29 35
7 13 14 19 20 22 23 28 29 35
7 11 12 14 16 26 28 30 31 35
7 8 14 19 20 22 23 28 34 35
8 15 16 17 18 24 25 26 27 34
8 16 17 18 20 22 24 25 26 34
8 15 17 18 19 23 24 25 27 34
8 10 17 18 19 23 24 25 32 34
7 10 12 15 19 23 27 30 32 35
7 10 11 16 17 25 26 31 32 35
6 8 12 13 20 22 29 30 34 36
6 8 15 16 20 22 26 27 34 36
7 8 9 14 20 22 28 33 34 35
7 11 14 15 17 25 27 28 31 35
5 7 9 18 19 23 24 33 35 37
6 7 8 12 20 22 30 34 35 36
7 10 14 18 19 23 24 28 32 35
7 12 13 14 19 23 28 29 30 35
7 13 14 15 19 23 27 28 29 35
7 9 14 15 19 23 27 28 33 35
7 14 17 18 20 22 24 25 28 35
5 9 10 17 19 23 25 32 33 37
8 9 10 13 18 24 29 32 33 34
7 8 9 16 20 22 26 33 34 35
12 13 15 17 20 22 25 27 29 30
4 5 8 13 20 22 29 34 37 38
7 12 13 15 19 23 27 29 30 35
6 13 15 18 19 23 24 27 29 36
4 9 12 15 16 26 27 30 33 38
7 14 15 16 20 22 26 27 28 35
6 8 9 12 20 22 30 33 34 36
10 15 16 17 20 22 25 26 27 32
12 13 15 17 18 24 25 27 29 30
9 10 16 19 20 22 23 26 32 33
5 9 10 19 20 22 23 32 33 37
9 10 13 16 17 25 26 29 32 33
9 12 14 18 20 22 24 28 30 33
12 14 15 16 18 24 26 27 28 30
10 12 13 14 16 26 28 29 30 32
8 14 16 17 20 22 25 26 28 34
10 14 16 18 20 22 24 26 28 32
9 14 16 17 20 22 25 26 28 33
9 12 13 14 17 25 28 29 30 33
8 10 13 14 19 23 28 29 32 34
9 10 14 15 17 25 27 28 32 33
11 13 14 18 19 23 24 28 29 31
9 12 13 14 20 22 28 29 30 33
9 14 15 17 18 24 25 27 28 33
10 12 13 14 17 25 28 29 30 32
9 11 14 15 16 26 27 28 31 33
10 12 14 19 20 22 23 28 30 32
9 14 15 18 20 22 24 27 28 33
8 9 13 14 17 25 28 29 33 34
9 11 14 16 20 22 26 28 31 33
5 11 13 16 19 23 26 29 31 37
7 13 16 17 19 23 25 26 29 35
9 13 16 17 19 23 25 26 29 33
5 11 17 19 20 22 23 25 31 37
11 13 15 16 17 25 26 27 29 31
11 13 15 16 19 23 26 27 29 31
7 11 13 17 20 22 25 29 31 35
8 9 11 15 16 26 27 31 33 34
7 10 15 18 20 22 24 27 32 35
7 14 15 16 19 23 26 27 28 35
7 13 14 15 17 25 27 28 29 35
7 11 13 14 17 25 28 29 31 35
7 14 15 17 18 24 25 27 28 35
7 9 14 15 20 22 27 28 33 35
7 14 15 19 20 22 23 27 28 35
7 14 16 17 19 23 25 26 28 35
7 13 16 18 19 23 24 26 29 35
6 7 13 15 18 24 27 29 35 36
9 10 13 15 20 22 27 29 32 33
3 8 10 19 20 22 23 32 34 39
8 10 13 17 18 24 25 29 32 34
7 9 14 16 20 22 26 28 33 35
7 12 14 16 20 22 26 28 30 35
7 13 14 17 20 22 25 28 29 35
7 11 14 16 17 25 26 28 31 35
10 12 16 19 20 22 23 26 30 32
6 8 9 10 16 26 32 33 34 36
10 12 16 17 20 22 25 26 30 32
8 11 16 17 18 24 25 26 31 34
8 16 17 18 19 23 24 25 26 34
6 10 11 13 16 26 29 31 32 36
7 12 13 15 17 25 27 29 30 35
8 13 15 17 19 23 25 27 29 34
5 7 13 16 19 23 26 29 35 37
7 11 13 19 20 22 23 29 31 35
5 11 13 17 20 22 25 29 31 37
7 8 11 17 19 23 25 31 34 35
7 11 15 17 20 22 25 27 31 35
7 11 13 15 16 26 27 29 31 35
7 8 12 17 20 22 25 30 34 35
5 11 12 13 16 26 29 30 31 37
5 8 10 11 18 24 31 32 34 37
8 12 17 19 20 22 23 25 30 34
4 13 15 16 20 22 26 27 29 38
7 13 14 18 20 22 24 28 29 35
7 14 15 18 20 22 24 27 28 35
7 11 14 17 19 23 25 28 31 35
7 14 17 18 19 23 24 25 28 35
7 14 16 18 19 23 24 26 28 35
7 14 16 19 20 22 23 26 28 35
7 12 14 16 17 25 26 28 30 35
5 9 11 13 16 26 29 31 33 37
6 13 18 19 20 22 23 24 29 36
3 6 11 15 17 25 27 31 36 39
7 10 11 12 18 24 30 31 32 35
8 11 17 18 19 23 24 25 31 34
9 10 11 16 19 23 26 31 32 33
7 11 13 14 15 27 28 29 31 35
7 10 13 14 15 27 28 29 32 35
7 9 14 15 16 26 27 28 33 35
7 14 15 17 20 22 25 27 28 35
7 14 16 17 18 24 25 26 28 35
7 12 14 19 20 22 23 28 30 35
7 9 14 19 20 22 23 28 33 35
7 13 14 15 18 24 27 28 29 35
7 10 12 16 20 22 26 30 32 35
6 8 10 11 16 26 31 32 34 36
5 8 10 18 20 22 24 32 34 37
8 12 16 17 20 22 25 26 30 34
7 9 10 13 16 26 29 32 33 35
11 12 15 18 19 23 24 27 30 31
7 12 15 18 19 23 24 27 30 35
8 11 16 17 19 23 25 26 31 34
5 6 9 18 19 23 24 33 36 37
7 10 16 17 20 22 25 26 32 35
9 12 13 14 18 24 28 29 30 33
10 12 15 18 20 22 24 27 30 32
12 14 15 16 19 23 26 27 28 30
10 12 14 18 19 23 24 28 30 32
6 9 10 11 20 22 31 32 33 36
7 9 10 11 20 22 31 32 33 35
10 11 12 13 20 22 29 30 31 32
8 13 16 18 20 22 24 26 29 34
9 12 14 15 16 26 27 28 30 33
9 10 11 15 20 22 27 31 32 33
8 13 15 16 18 24 26 27 29 34
5 9 10 15 16 26 27 32 33 37
8 9 16 18 20 22 24 26 33 34
6 10 15 16 18 24 26 27 32 36
5 8 9 16 18 24 26 33 34 37
8 12 16 18 19 23 24 26 30 34
9 10 12 15 20 22 27 30 32 33
6 11 17 18 20 22 24 25 31 36
8 11 12 15 16 26 27 30 31 34
8 12 17 18 20 22 24 25 30 34
7 10 14 17 20 22 25 28 32 35
7 12 14 15 20 22 27 28 30 35
7 13 14 15 16 26 27 28 29 35
7 9 10 14 16 26 28 32 33 35
7 10 14 18 20 22 24 28 32 35
7 13 14 16 20 22 26 28 29 35
7 11 14 18 20 22 24 28 31 35
7 12 13 14 15 27 28 29 30 35
7 11 14 17 20 22 25 28 31 35
7 12 14 18 19 23 24 28 30 35
10 12 13 14 18 24 28 29 30 32
7 10 11 12 20 22 30 31 32 35
11 12 13 14 16 26 28 29 30 31
6 14 18 19 20 22 23 24 28 36
10 12 15 19 20 22 23 27 30 32
6 10 11 16 18 24 26 31 32 36
11 13 15 16 20 22 26 27 29 31
7 11 12 18 20 22 24 30 31 35
11 12 13 18 20 22 24 29 30 31
7 11 12 15 20 22 27 30 31 35
11 12 13 15 16 26 27 29 30 31
11 12 13 16 18 24 26 29 30 31
11 12 15 19 20 22 23 27 30 31
6 12 13 16 17 25 26 29 30 36
8 10 17 18 20 22 24 25 32 34
9 10 16 18 19 23 24 26 32 33
6 12 13 16 20 22 26 29 30 36
8 12 15 16 20 22 26 27 30 34
8 11 15 16 20 22 26 27 31 34
7 12 14 16 18 24 26 28 30 35
12 14 15 16 17 25 26 27 28 30
8 13 14 17 20 22 25 28 29 34
8 14 17 19 20 22 23 25 28 34
10 11 14 16 18 24 26 28 31 32
9 10 11 14 18 24 28 31 32 33
8 9 10 11 20 22 31 32 33 34
4 9 10 11 20 22 31 32 33 38
10 12 13 15 20 22 27 29 30 32
7 8 12 16 18 24 26 30 34 35
12 13 15 16 17 25 26 27 29 30
9 13 16 17 18 24 25 26 29 33
8 11 17 19 20 22 23 25 31 34
7 11 13 16 20 22 26 29 31 35
12 14 15 16 20 22 26 27 28 30
8 14 17 18 20 22 24 25 28 34
8 11 12 14 16 26 28 30 31 34
8 9 12 14 16 26 28 30 33 34
10 14 15 16 18 24 26 27 28 32
12 13 14 16 19 23 26 28 29 30
10 14 16 17 18 24 25 26 28 32
10 14 16 18 19 23 24 26 28 32
10 11 12 17 20 22 25 30 31 32
9 10 11 17 20 22 25 31 32 33
4 9 10 14 16 26 28 32 33 38
8 10 14 15 20 22 27 28 32 34
8 9 10 14 20 22 28 32 33 34
6 14 15 18 20 22 24 27 28 36
12 13 14 16 20 22 26 28 29 30
8 14 15 17 20 22 25 27 28 34
10 12 14 17 18 24 25 28 30 32
6 8 13 14 17 25 28 29 34 36
8 10 14 19 20 22 23 28 32 34
10 11 12 14 18 24 28 30 31 32
4 10 11 14 16 26 28 31 32 38
6 10 16 18 19 23 24 26 32 36
8 11 12 16 18 24 26 30 31 34
4 9 10 16 19 23 26 32 33 38
8 9 10 18 20 22 24 32 33 34
8 11 12 16 20 22 26 30 31 34
10 12 15 16 17 25 26 27 30 32
6 11 12 16 20 22 26 30 31 36
7 8 14 16 20 22 26 28 34 35
6 10 12 13 16 26 29 30 32 36
10 12 16 18 20 22 24 26 30 32
9 12 14 17 18 24 25 28 30 33
10 11 14 19 20 22 23 28 31 32
10 11 13 14 20 22 28 29 31 32
10 11 14 15 20 22 27 28 31 32
6 11 15 17 18 24 25 27 31 36
8 9 12 15 20 22 27 30 33 34
4 7 9 10 14 28 32 33 35 38
7 9 11 14 17 25 28 31 33 35
5 8 9 10 19 23 32 33 34 37
5 9 18 19 20 22 23 24 33 37
5 6 9 10 19 23 32 33 36 37
7 8 14 18 20 22 24 28 34 35
7 11 12 14 17 25 28 30 31 35
8 12 15 18 20 22 24 27 30 34
8 10 13 16 17 25 26 29 32 34
5 8 10 16 20 22 26 32 34 37
6 12 14 18 19 23 24 28 30 36
6 10 12 15 18 24 27 30 32 36
6 12 15 18 19 23 24 27 30 36
6 12 13 15 18 24 27 29 30 36
6 12 15 17 18 24 25 27 30 36
6 12 15 16 18 24 26 27 30 36
6 12 15 18 20 22 24 27 30 36
6 7 12 15 18 24 27 30 35 36
7 8 13 16 17 25 26 29 34 35
8 13 16 17 20 22 25 26 29 34
8 11 13 16 17 25 26 29 31 34
8 13 16 17 19 23 25 26 29 34
7 10 11 16 20 22 26 31 32 35
10 11 16 17 20 22 25 26 31 32
12 13 14 16 18 24 26 28 29 30
10 12 14 15 16 26 27 28 30 32
9 12 13 16 18 24 26 29 30 33
8 10 16 17 20 22 25 26 32 34
9 10 11 18 20 22 24 31 32 33
10 11 12 18 20 22 24 30 31 32
10 11 16 18 20 22 24 26 31 32
5 8 10 11 20 22 31 32 34 37
10 11 16 19 20 22 23 26 31 32
8 13 15 16 17 25 26 27 29 34
5 8 9 10 16 26 32 33 34 37
7 9 12 15 18 24 27 30 33 35
8 12 13 15 16 26 27 29 30 34
8 11 13 16 20 22 26 29 31 34
8 11 14 16 20 22 26 28 31 34
9 12 15 18 20 22 24 27 30 33
9 12 15 16 18 24 26 27 30 33
9 12 13 15 18 24 27 29 30 33
9 12 15 17 18 24 25 27 30 33
9 12 15 18 19 23 24 27 30 33
9 10 12 15 18 24 27 30 32 33
6 8 9 14 20 22 28 33 34 36
8 9 14 18 20 22 24 28 33 34
11 12 14 15 17 25 27 28 30 31
11 12 14 17 18 24 25 28 30 31
9 11 14 17 18 24 25 28 31 33
8 10 13 16 20 22 26 29 32 34
6 11 12 14 17 25 28 30 31 36
9 10 14 19 20 22 23 28 32 33
8 12 14 18 20 22 24 28 30 34
5 8 12 13 18 24 29 30 34 37
7 12 13 16 19 23 26 29 30 35
7 10 12 17 18 24 25 30 32 35
5 6 8 11 16 26 31 34 36 37
9 11 13 16 20 22 26 29 31 33
5 8 13 17 18 24 25 29 34 37
4 9 10 13 20 22 29 32 33 38
8 11 12 17 19 23 25 30 31 34
4 12 15 16 20 22 26 27 30 38
7 12 15 16 19 23 26 27 30 35
7 10 16 17 18 24 25 26 32 35
5 8 9 13 18 24 29 33 34 37
7 9 11 13 20 22 29 31 33 35
12 13 14 16 17 25 26 28 29 30
11 12 14 15 16 26 27 28 30 31
7 10 13 14 16 26 28 29 32 35
7 10 14 16 20 22 26 28 32 35
5 10 13 15 16 26 27 29 32 37
7 9 14 16 17 25 26 28 33 35
7 11 13 14 18 24 28 29 31 35
7 10 13 16 20 22 26 29 32 35
7 10 14 15 17 25 27 28 32 35
5 8 11 13 16 26 29 31 34 37
5 10 11 16 20 22 26 31 32 37
6 8 13 16 17 25 26 29 34 36
5 8 10 17 20 22 25 32 34 37
7 8 15 17 20 22 25 27 34 35
4 11 13 15 16 26 27 29 31 38
8 11 14 19 20 22 23 28 31 34
7 8 10 15 20 22 27 32 34 35
9 10 13 14 19 23 28 29 32 33
4 14 16 18 20 22 24 26 28 38
4 13 16 18 20 22 24 26 29 38
6 10 13 18 19 23 24 29 32 36
6 11 14 17 19 23 25 28 31 36
4 5 9 13 14 28 29 33 37 38
7 12 14 15 18 24 27 28 30 35
9 10 11 16 20 22 26 31 32 33
9 10 13 16 19 23 26 29 32 33
4 10 16 18 20 22 24 26 32 38
9 10 13 16 20 22 26 29 32 33
5 9 14 19 20 22 23 28 33 37
5 6 9 14 19 23 28 33 36 37
5 9 14 16 19 23 26 28 33 37
5 9 12 14 19 23 28 30 33 37
9 10 11 19 20 22 23 31 32 33
10 11 12 19 20 22 23 30 31 32
7 8 12 14 20 22 28 30 34 35
6 7 11 14 17 25 28 31 35 36
12 13 14 15 17 25 27 28 29 30
8 11 14 17 19 23 25 28 31 34
11 13 14 15 16 26 27 28 29 31
4 11 15 16 19 23 26 27 31 38
7 9 10 14 19 23 28 32 33 35
7 8 10 14 18 24 28 32 34 35
10 13 14 16 18 24 26 28 29 32
10 12 13 16 20 22 26 29 30 32
10 12 14 15 18 24 27 28 30 32
5 8 10 14 20 22 28 32 34 37
7 8 9 16 17 25 26 33 34 35
10 12 14 16 20 22 26 28 30 32
6 7 16 19 20 22 23 26 35 36
8 10 13 18 19 23 24 29 32 34
6 9 11 16 17 25 26 31 33 36
6 8 9 17 19 23 25 33 34 36
7 10 12 17 20 22 25 30 32 35
5 11 12 16 19 23 26 30 31 37
4 5 7 9 16 26 33 35 37 38
7 9 10 12 19 23 30 32 33 35
7 8 10 11 18 24 31 32 34 35
7 8 12 19 20 22 23 30 34 35
7 10 12 13 19 23 29 30 32 35
11 14 15 16 17 25 26 27 28 31
6 9 13 14 15 27 28 29 33 36
6 9 14 15 20 22 27 28 33 36
5 8 13 14 20 22 28 29 34 37
5 11 12 14 16 26 28 30 31 37
5 8 9 13 17 25 29 33 34 37
6 9 10 15 19 23 27 32 33 36
6 7 9 15 16 26 27 33 35 36
6 7 15 16 20 22 26 27 35 36
4 5 13 17 20 22 25 29 37 38
5 8 11 13 19 23 29 31 34 37
7 12 13 17 20 22 25 29 30 35
10 11 12 13 19 23 29 30 31 32
5 7 9 11 16 26 31 33 35 37
7 10 13 17 19 23 25 29 32 35
5 7 11 12 16 26 30 31 35 37
11 13 14 15 17 25 27 28 29 31
8 9 12 13 17 25 29 30 33 34
6 10 11 15 16 26 27 31 32 36
9 10 12 19 20 22 23 30 32 33
9 11 12 19 20 22 23 30 31 33
8 9 10 11 19 23 31 32 33 34
5 17 18 19 20 22 23 24 25 37
9 11 13 15 18 24 27 29 31 33
9 14 16 17 19 23 25 26 28 33
10 14 15 17 18 24 25 27 28 32
5 14 17 19 20 22 23 25 28 37
4 9 10 13 14 28 29 32 33 38
9 11 14 16 17 25 26 28 31 33
8 13 14 15 19 23 27 28 29 34
8 14 15 19 20 22 23 27 28 34
9 13 14 15 20 22 27 28 29 33
11 12 14 16 19 23 26 28 30 31
6 14 17 19 20 22 23 25 28 36
9 12 14 16 17 25 26 28 30 33
10 11 13 14 18 24 28 29 31 32
10 13 14 18 19 23 24 28 29 32
7 9 15 17 18 24 25 27 33 35
6 9 11 16 20 22 26 31 33 36
7 9 11 15 20 22 27 31 33 35
6 9 10 16 19 23 26 32 33 36
3 8 12 15 20 22 27 30 34 39
8 9 15 17 19 23 25 27 33 34
7 10 12 13 20 22 29 30 32 35
8 9 10 17 19 23 25 32 33 34
7 9 15 18 20 22 24 27 33 35
7 10 12 19 20 22 23 30 32 35
7 9 11 16 20 22 26 31 33 35
6 9 11 15 20 22 27 31 33 36
9 11 16 17 20 22 25 26 31 33
5 6 9 10 15 27 32 33 36 37
6 8 12 15 20 22 27 30 34 36
5 11 14 17 19 23 25 28 31 37
10 13 15 16 17 25 26 27 29 32
8 9 10 16 19 23 26 32 33 34
8 10 12 15 18 24 27 30 32 34
6 9 17 18 19 23 24 25 33 36
7 10 15 16 20 22 26 27 32 35
7 10 13 16 17 25 26 29 32 35
6 9 11 17 18 24 25 31 33 36
12 13 14 15 16 26 27 28 29 30
8 11 14 17 20 22 25 28 31 34
4 6 10 11 17 25 31 32 36 38
7 16 17 18 19 23 24 25 26 35
5 9 13 15 20 22 27 29 33 37
6 7 9 13 15 27 29 33 35 36
6 7 10 11 17 25 31 32 35 36
6 7 9 15 20 22 27 33 35 36
5 7 11 16 19 23 26 31 35 37
5 7 8 13 20 22 29 34 35 37
5 9 11 16 20 22 26 31 33 37
8 9 14 19 20 22 23 28 33 34
6 9 14 19 20 22 23 28 33 36
11 12 14 16 17 25 26 28 30 31
10 13 14 15 18 24 27 28 29 32
7 8 9 10 17 25 32 33 34 35
6 11 15 16 17 25 26 27 31 36
8 9 10 15 17 25 27 32 33 34
11 12 13 14 17 25 28 29 30 31
9 11 12 14 19 23 28 30 31 33
5 8 11 16 18 24 26 31 34 37
8 9 13 14 20 22 28 29 33 34
8 9 12 17 20 22 25 30 33 34
4 10 11 15 17 25 27 31 32 38
9 11 15 16 17 25 26 27 31 33
7 15 16 19 20 22 23 26 27 35
7 9 11 15 16 26 27 31 33 35
5 6 8 11 13 29 31 34 36 37
10 11 13 18 19 23 24 29 31 32
7 8 12 13 20 22 29 30 34 35
4 5 9 16 20 22 26 33 37 38
8 10 11 18 19 23 24 31 32 34
8 10 15 18 19 23 24 27 32 34
10 12 13 19 20 22 23 29 30 32
9 15 16 17 18 24 25 26 27 33
4 9 11 13 15 27 29 31 33 38
7 9 15 16 20 22 26 27 33 35
4 7 13 17 20 22 25 29 35 38
6 9 10 17 19 23 25 32 33 36
3 7 15 17 20 22 25 27 35 39
9 13 14 15 19 23 27 28 29 33
5 9 13 14 15 27 28 29 33 37
4 9 13 15 18 24 27 29 33 38
5 7 11 16 18 24 26 31 35 37
10 12 13 17 19 23 25 29 30 32
6 9 15 16 17 25 26 27 33 36
9 12 13 17 20 22 25 29 30 33
7 12 13 19 20 22 23 29 30 35
8 9 11 19 20 22 23 31 33 34
9 11 15 16 20 22 26 27 31 33
7 9 15 16 18 24 26 27 33 35
8 15 16 18 19 23 24 26 27 34
7 8 15 16 18 24 26 27 34 35
4 9 16 17 20 22 25 26 33 38
7 15 17 18 20 22 24 25 27 35
3 8 15 19 20 22 23 27 34 39
4 6 9 13 15 27 29 33 36 38
10 13 15 17 19 23 25 27 29 32
9 11 14 17 19 23 25 28 31 33
9 13 15 18 20 22 24 27 29 33
6 9 11 17 20 22 25 31 33 36
9 10 15 18 19 23 24 27 32 33
4 9 10 15 19 23 27 32 33 38
10 13 14 15 19 23 27 28 29 32
6 9 14 17 19 23 25 28 33 36
4 9 13 14 15 27 28 29 33 38
5 11 14 16 19 23 26 28 31 37
10 11 14 15 17 25 27 28 31 32
5 9 10 15 19 23 27 32 33 37
4 15 16 19 20 22 23 26 27 38
8 11 15 16 18 24 26 27 31 34
8 9 10 15 18 24 27 32 33 34
9 10 12 13 20 22 29 30 32 33
5 8 9 13 14 28 29 33 34 37
11 13 14 17 18 24 25 28 29 31
6 9 14 15 19 23 27 28 33 36
5 11 14 16 17 25 26 28 31 37
5 9 11 14 16 26 28 31 33 37
8 9 11 17 19 23 25 31 33 34
4 9 13 15 19 23 27 29 33 38
5 9 13 15 18 24 27 29 33 37
5 9 15 18 19 23 24 27 33 37
8 9 14 15 19 23 27 28 33 34
9 13 14 19 20 22 23 28 29 33
10 13 14 15 17 25 27 28 29 32
11 13 14 15 18 24 27 28 29 31
11 12 14 17 19 23 25 28 30 31
8 11 12 17 20 22 25 30 31 34
3 12 15 17 20 22 25 27 30 39
9 11 15 16 18 24 26 27 31 33
10 12 13 17 20 22 25 29 30 32
8 9 15 18 19 23 24 27 33 34
6 9 10 15 16 26 27 32 33 36
9 10 15 17 18 24 25 27 32 33
6 10 11 16 17 25 26 31 32 36
8 9 13 17 20 22 25 29 33 34
6 12 17 18 19 23 24 25 30 36
6 12 13 18 19 23 24 29 30 36
6 7 12 18 19 23 24 30 35 36
6 12 16 18 20 22 24 26 30 36
8 9 10 17 18 24 25 32 33 34
6 8 16 18 20 22 24 26 34 36
6 8 16 17 20 22 25 26 34 36
5 8 11 16 17 25 26 31 34 37
11 12 13 15 18 24 27 29 30 31
4 5 8 11 16 26 31 34 37 38
8 11 15 16 17 25 26 27 31 34
7 12 15 17 18 24 25 27 30 35
4 6 9 10 18 24 32 33 36 38
8 10 12 18 20 22 24 30 32 34
6 10 12 16 20 22 26 30 32 36
9 11 13 18 20 22 24 29 31 33
10 12 14 16 18 24 26 28 30 32
8 9 16 17 18 24 25 26 33 34
5 9 10 14 19 23 28 32 33 37
6 10 13 16 19 23 26 29 32 36
4 10 12 16 20 22 26 30 32 38
5 10 15 17 20 22 25 27 32 37
4 8 12 16 20 22 26 30 34 38
6 8 14 16 20 22 26 28 34 36
6 12 13 16 18 24 26 29 30 36
6 12 14 18 20 22 24 28 30 36
4 8 11 15 16 26 27 31 34 38
6 8 12 14 20 22 28 30 34 36
5 9 14 18 19 23 24 28 33 37
6 7 12 14 18 24 28 30 35 36
6 10 12 18 20 22 24 30 32 36
10 12 14 15 17 25 27 28 30 32
5 11 14 16 20 22 26 28 31 37
8 12 13 14 17 25 28 29 30 34
10 13 14 19 20 22 23 28 29 32
11 12 14 18 19 23 24 28 30 31
10 11 14 15 16 26 27 28 31 32
11 13 14 16 18 24 26 28 29 31
11 14 15 16 20 22 26 27 28 31
11 13 14 18 20 22 24 28 29 31
9 14 16 17 18 24 25 26 28 33
12 13 14 17 18 24 25 28 29 30
10 14 15 17 20 22 25 27 28 32
9 10 14 16 17 25 26 28 32 33
9 13 14 16 20 22 26 28 29 33
11 13 14 16 20 22 26 28 29 31
11 12 14 18 20 22 24 28 30 31
6 9 12 14 15 27 28 30 33 36
6 13 14 17 19 23 25 28 29 36
5 11 14 15 16 26 27 28 31 37
7 10 15 16 17 25 26 27 32 35
7 11 12 15 19 23 27 30 31 35
3 10 17 19 20 22 23 25 32 39
7 11 13 15 20 22 27 29 31 35
8 11 14 15 19 23 27 28 31 34
8 11 12 14 19 23 28 30 31 34
4 11 14 15 16 26 27 28 31 38
5 8 13 14 18 24 28 29 34 37
4 16 18 19 20 22 23 24 26 38
7 11 12 13 18 24 29 30 31 35
11 12 14 15 20 22 27 28 30 31
5 9 13 18 19 23 24 29 33 37
8 11 15 17 19 23 25 27 31 34
5 12 13 15 17 25 27 29 30 37
6 13 17 18 19 23 24 25 29 36
6 11 17 18 19 23 24 25 31 36
7 10 13 15 20 22 27 29 32 35
4 12 16 19 20 22 23 26 30 38
5 8 11 15 16 26 27 31 34 37
4 5 9 13 19 23 29 33 37 38
5 9 10 13 19 23 29 32 33 37
5 11 13 15 16 26 27 29 31 37
7 9 13 16 17 25 26 29 33 35
9 11 14 18 20 22 24 28 31 33
7 11 12 17 18 24 25 30 31 35
7 9 11 17 18 24 25 31 33 35
5 10 11 14 16 26 28 31 32 37
8 10 13 14 16 26 28 29 32 34
11 12 13 14 18 24 28 29 30 31
5 8 11 14 16 26 28 31 34 37
5 11 13 14 16 26 28 29 31 37
3 9 14 15 18 24 27 28 33 39
8 10 12 14 18 24 28 30 32 34
6 14 17 18 19 23 24 25 28 36
10 13 14 16 20 22 26 28 29 32
10 13 14 16 19 23 26 28 29 32
9 11 13 14 20 22 28 29 31 33
8 12 14 17 20 22 25 28 30 34
8 9 10 14 18 24 28 32 33 34
6 11 14 16 20 22 26 28 31 36
6 8 10 12 20 22 30 32 34 36
5 10 13 16 19 23 26 29 32 37
8 10 12 15 20 22 27 30 32 34
4 10 11 16 20 22 26 31 32 38
4 10 11 14 17 25 28 31 32 38
4 7 10 11 17 25 31 32 35 38
6 8 13 16 20 22 26 29 34 36
5 9 10 16 19 23 26 32 33 37
8 10 11 12 20 22 30 31 32 34
9 10 11 13 20 22 29 31 32 33
8 10 13 16 18 24 26 29 32 34
5 10 15 16 20 22 26 27 32 37
7 9 12 16 18 24 26 30 33 35
7 10 11 17 20 22 25 31 32 35
5 8 10 12 20 22 30 32 34 37
6 8 14 18 20 22 24 28 34 36
6 8 10 14 20 22 28 32 34 36
8 10 11 19 20 22 23 31 32 34
7 9 12 18 19 23 24 30 33 35
6 11 12 15 17 25 27 30 31 36
6 8 14 17 20 22 25 28 34 36
4 14 16 19 20 22 23 26 28 38
5 9 12 18 19 23 24 30 33 37
4 10 13 16 20 22 26 29 32 38
8 9 14 16 17 25 26 28 33 34
6 9 14 15 18 24 27 28 33 36
6 8 10 16 20 22 26 32 34 36
8 10 16 17 18 24 25 26 32 34
8 9 13 16 20 22 26 29 33 34
7 8 13 16 20 22 26 29 34 35
6 11 12 15 16 26 27 30 31 36
8 13 15 16 19 23 26 27 29 34
4 5 9 10 16 26 32 33 37 38
10 11 13 19 20 22 23 29 31 32
9 12 13 17 18 24 25 29 30 33
9 11 12 18 19 23 24 30 31 33
8 12 13 16 20 22 26 29 30 34
7 8 13 15 16 26 27 29 34 35
8 10 11 18 20 22 24 31 32 34
10 11 15 17 20 22 25 27 31 32
9 12 13 18 20 22 24 29 30 33
7 10 11 18 20 22 24 31 32 35
10 11 13 18 20 22 24 29 31 32
6 10 11 17 20 22 25 31 32 36
9 10 12 18 19 23 24 30 32 33
8 10 13 16 19 23 26 29 32 34
4 8 16 17 20 22 25 26 34 38
8 12 15 16 18 24 26 27 30 34
8 10 12 16 18 24 26 30 32 34
8 9 10 16 18 24 26 32 33 34
9 12 16 17 18 24 25 26 30 33
6 10 11 16 20 22 26 31 32 36
4 10 14 16 20 22 26 28 32 38
8 9 13 16 17 25 26 29 33 34
10 12 14 18 20 22 24 28 30 32
6 12 15 16 20 22 26 27 30 36
8 12 14 16 18 24 26 28 30 34
8 10 12 16 20 22 26 30 32 34
8 14 16 17 18 24 25 26 28 34
11 12 14 15 19 23 27 28 30 31
8 11 14 15 16 26 27 28 31 34
7 10 11 13 20 22 29 31 32 35
8 11 13 15 16 26 27 29 31 34
7 9 12 17 18 24 25 30 33 35
6 12 13 15 17 25 27 29 30 36
5 8 14 19 20 22 23 28 34 37
7 10 11 15 20 22 27 31 32 35
9 10 12 14 18 24 28 30 32 33
8 12 13 14 16 26 28 29 30 34
9 13 14 16 17 25 26 28 29 33
10 14 15 16 17 25 26 27 28 32
8 9 10 12 18 24 30 32 33 34
6 8 10 13 16 26 29 32 34 36
9 11 12 13 18 24 29 30 31 33
8 10 11 14 20 22 28 31 32 34
7 11 14 15 20 22 27 28 31 35
7 12 13 14 16 26 28 29 30 35
7 12 14 15 16 26 27 28 30 35
6 11 13 16 20 22 26 29 31 36
7 12 14 15 19 23 27 28 30 35
9 10 11 14 20 22 28 31 32 33
10 11 12 14 20 22 28 30 31 32
7 10 12 14 18 24 28 30 32 35
7 13 14 16 19 23 26 28 29 35
8 13 16 17 18 24 25 26 29 34
8 12 15 17 20 22 25 27 30 34
7 8 14 17 20 22 25 28 34 35
10 11 12 16 20 22 26 30 31 32
10 12 14 15 20 22 27 28 30 32
7 10 14 16 18 24 26 28 32 35
7 8 10 14 20 22 28 32 34 35
8 12 16 17 18 24 25 26 30 34
10 12 15 16 20 22 26 27 30 32
7 12 14 17 18 24 25 28 30 35
4 9 10 18 20 22 24 32 33 38
7 10 14 16 17 25 26 28 32 35
7 10 14 15 20 22 27 28 32 35
8 10 12 17 18 24 25 30 32 34
6 11 16 18 20 22 24 26 31 36
6 8 11 16 20 22 26 31 34 36
6 8 12 17 20 22 25 30 34 36
4 13 16 19 20 22 23 26 29 38
8 9 12 16 18 24 26 30 33 34
5 8 9 10 18 24 32 33 34 37
6 12 14 15 18 24 27 28 30 36
6 11 12 17 18 24 25 30 31 36
6 8 12 18 20 22 24 30 34 36
9 10 14 16 18 24 26 28 32 33
8 13 14 16 17 25 26 28 29 34
10 11 14 16 20 22 26 28 31 32
9 12 14 15 18 24 27 28 30 33
6 12 13 14 16 26 28 29 30 36
8 10 14 17 20 22 25 28 32 34
8 9 12 18 20 22 24 30 33 34
4 9 10 14 18 24 28 32 33 38
10 11 12 15 20 22 27 30 31 32
8 10 12 14 20 22 28 30 32 34
8 12 13 16 18 24 26 29 30 34
4 10 16 19 20 22 23 26 32 38
5 7 9 14 19 23 28 33 35 37
6 7 8 14 20 22 28 34 35 36
8 10 11 16 20 22 26 31 32 34
10 11 13 16 20 22 26 29 31 32
8 12 14 15 20 22 27 28 30 34
6 11 14 17 18 24 25 28 31 36
4 8 10 14 20 22 28 32 34 38
8 10 14 17 18 24 25 28 32 34
4 8 10 16 20 22 26 32 34 38
9 10 14 16 19 23 26 28 32 33
8 10 14 16 20 22 26 28 32 34
8 10 14 16 18 24 26 28 32 34
4 8 10 12 20 22 30 32 34 38
9 12 14 16 18 24 26 28 30 33
9 12 14 18 19 23 24 28 30 33
9 10 12 18 20 22 24 30 32 33
8 10 12 17 20 22 25 30 32 34
7 13 14 15 20 22 27 28 29 35
7 12 14 16 19 23 26 28 30 35
7 11 14 15 16 26 27 28 31 35
8 13 14 16 20 22 26 28 29 34
10 11 14 17 20 22 25 28 31 32
8 13 14 15 16 26 27 28 29 34
10 11 14 18 20 22 24 28 31 32
9 11 12 18 20 22 24 30 31 33
5 7 11 14 16 26 28 31 35 37
7 10 13 14 19 23 28 29 32 35
7 12 13 14 17 25 28 29 30 35
7 10 12 14 20 22 28 30 32 35
4 7 14 16 20 22 26 28 35 38
6 7 9 14 15 27 28 33 35 36
7 9 11 14 20 22 28 31 33 35
7 9 14 15 18 24 27 28 33 35
7 10 11 14 20 22 28 31 32 35
7 9 12 14 18 24 28 30 33 35
7 11 14 17 18 24 25 28 31 35
7 8 14 15 20 22 27 28 34 35
3 9 12 15 18 24 27 30 33 39
6 9 12 15 18 24 27 30 33 36
