7 9 11 13 15 17 19
5 7 9 13 17 19 21
5 9 11 13 15 17 21
5 7 11 13 15 19 21
10 11 12 13 14 15 16
9 11 12 13 14 15 17
9 10 12 13 14 16 17
9 10 11 13 15 16 17
8 11 12 13 14 15 18
7 10 11 13 15 16 19
8 10 12 13 14 16 18
8 10 11 13 15 16 18
7 10 12 13 14 16 19
7 9 12 13 14 17 19
7 8 10 13 16 18 19
7 11 12 13 14 15 19
8 9 12 13 14 17 18
8 9 11 13 15 17 18
6 10 11 13 15 16 20
6 8 9 13 17 18 20
5 8 11 13 15 18 21
6 7 9 13 17 19 20
5 8 12 13 14 18 21
6 7 8 13 18 19 20
6 7 11 13 15 19 20
5 6 8 13 18 20 21
8 9 10 13 16 17 18
6 10 12 13 14 16 20
6 9 11 13 15 17 20
5 8 9 13 17 18 21
6 7 10 13 16 19 20
7 9 10 13 16 17 19
7 8 11 13 15 18 19
6 8 12 13 14 18 20
5 10 11 13 15 16 21
4 5 9 13 17 21 22
6 7 12 13 14 19 20
4 10 12 13 14 16 22
