15 16 17 18 19 20 21 22 23 24
5 6 7 8 19 20 31 32 33 34
14 16 17 18 19 20 21 22 23 25
14 15 17 18 19 20 21 22 24 25
14 15 16 18 19 20 21 23 24 25
14 15 16 17 19 20 22 23 24 25
14 15 16 17 18 21 22 23 24 25
6 7 8 18 19 20 21 31 32 33
5 7 8 18 19 20 21 31 32 34
6 7 11 15 19 20 24 28 32 33
6 7 17 18 19 20 21 22 32 33
6 7 8 17 19 20 22 31 32 33
6 7 8 9 19 20 30 31 32 33
12 14 16 18 19 20 21 23 25 27
12 16 17 18 19 20 21 22 23 27
12 14 17 18 19 20 21 22 25 27
9 12 14 17 19 20 22 25 27 30
12 14 16 17 18 21 22 23 25 27
12 14 16 17 19 20 22 23 25 27
7 8 17 18 19 20 21 22 31 32
10 12 14 16 18 21 23 25 27 29
6 11 15 16 19 20 23 24 28 33
5 7 8 9 19 20 30 31 32 34
6 7 9 17 19 20 22 30 32 33
4 7 9 17 19 20 22 30 32 35
11 15 16 18 19 20 21 23 24 28
10 14 16 17 18 21 22 23 25 29
9 12 16 17 19 20 22 23 27 30
8 15 17 18 19 20 21 22 24 31
10 15 16 17 18 21 22 23 24 29
13 15 17 18 19 20 21 22 24 26
13 15 16 18 19 20 21 23 24 26
13 15 16 17 18 21 22 23 24 26
13 15 16 17 19 20 22 23 24 26
13 16 17 18 19 20 21 22 23 26
13 14 17 18 19 20 21 22 25 26
13 14 16 17 19 20 22 23 25 26
13 14 16 17 18 21 22 23 25 26
13 14 15 18 19 20 21 24 25 26
13 14 16 18 19 20 21 23 25 26
13 14 15 16 17 22 23 24 25 26
13 14 15 17 19 20 22 24 25 26
13 14 15 16 19 20 23 24 25 26
13 14 15 16 18 21 23 24 25 26
13 14 15 17 18 21 22 24 25 26
12 13 17 18 19 20 21 22 26 27
12 13 16 17 18 21 22 23 26 27
12 13 16 17 19 20 22 23 26 27
12 13 16 18 19 20 21 23 26 27
11 13 16 18 19 20 21 23 26 28
10 13 15 17 18 21 22 24 26 29
7 9 12 14 17 22 25 27 30 32
9 10 15 16 17 22 23 24 29 30
5 7 8 17 19 20 22 31 32 34
8 11 14 15 18 21 24 25 28 31
8 11 12 15 18 21 24 27 28 31
6 9 12 14 17 22 25 27 30 33
12 15 17 18 19 20 21 22 24 27
12 15 16 18 19 20 21 23 24 27
12 15 16 17 18 21 22 23 24 27
8 10 12 14 16 23 25 27 29 31
7 10 11 15 19 20 24 28 29 32
9 10 11 16 17 22 23 28 29 30
6 7 9 18 19 20 21 30 32 33
5 8 11 14 18 21 25 28 31 34
12 14 15 17 19 20 22 24 25 27
12 14 15 17 18 21 22 24 25 27
12 14 15 18 19 20 21 24 25 27
6 7 10 11 19 20 28 29 32 33
6 7 11 16 19 20 23 28 32 33
12 14 15 16 19 20 23 24 25 27
5 8 9 18 19 20 21 30 31 34
12 14 15 16 17 22 23 24 25 27
12 14 15 16 18 21 23 24 25 27
5 6 8 9 18 21 30 31 33 34
6 7 15 16 19 20 23 24 32 33
11 15 16 17 19 20 22 23 24 28
10 16 17 18 19 20 21 22 23 29
10 15 16 18 19 20 21 23 24 29
10 15 16 17 19 20 22 23 24 29
11 14 16 18 19 20 21 23 25 28
10 15 17 18 19 20 21 22 24 29
11 12 17 18 19 20 21 22 27 28
11 14 15 16 18 21 23 24 25 28
8 12 14 16 18 21 23 25 27 31
10 11 15 16 17 22 23 24 28 29
8 11 12 14 18 21 25 27 28 31
4 7 14 17 19 20 22 25 32 35
9 10 11 15 16 23 24 28 29 30
8 12 14 15 18 21 24 25 27 31
6 9 17 18 19 20 21 22 30 33
10 12 14 18 19 20 21 25 27 29
11 14 15 16 19 20 23 24 25 28
10 11 15 16 19 20 23 24 28 29
11 15 17 18 19 20 21 22 24 28
11 16 17 18 19 20 21 22 23 28
6 7 16 18 19 20 21 23 32 33
6 7 8 10 19 20 29 31 32 33
8 12 15 17 18 21 22 24 27 31
11 12 14 18 19 20 21 25 27 28
10 12 15 16 18 21 23 24 27 29
8 14 16 18 19 20 21 23 25 31
12 15 16 17 19 20 22 23 24 27
11 15 16 17 18 21 22 23 24 28
11 14 15 18 19 20 21 24 25 28
10 14 17 18 19 20 21 22 25 29
10 14 16 18 19 20 21 23 25 29
10 12 14 16 19 20 23 25 27 29
10 12 16 18 19 20 21 23 27 29
10 14 16 17 19 20 22 23 25 29
7 10 11 15 16 23 24 28 29 32
9 14 15 17 19 20 22 24 25 30
9 10 16 17 18 21 22 23 29 30
8 11 15 17 18 21 22 24 28 31
9 15 16 17 19 20 22 23 24 30
11 12 15 18 19 20 21 24 27 28
8 9 10 11 16 23 28 29 30 31
8 9 10 12 16 23 27 29 30 31
9 14 17 18 19 20 21 22 25 30
9 16 17 18 19 20 21 22 23 30
5 8 9 11 18 21 28 30 31 34
8 16 17 18 19 20 21 22 23 31
7 9 11 12 17 22 27 28 30 32
12 13 15 18 19 20 21 24 26 27
12 13 15 16 19 20 23 24 26 27
12 13 15 16 18 21 23 24 26 27
12 13 15 17 19 20 22 24 26 27
12 13 15 17 18 21 22 24 26 27
12 13 15 16 17 22 23 24 26 27
11 13 17 18 19 20 21 22 26 28
11 13 16 17 19 20 22 23 26 28
11 13 16 17 18 21 22 23 26 28
10 13 17 18 19 20 21 22 26 29
10 13 15 18 19 20 21 24 26 29
11 13 14 18 19 20 21 25 26 28
11 13 14 16 19 20 23 25 26 28
11 12 13 17 18 21 22 26 27 28
11 12 13 17 19 20 22 26 27 28
8 13 16 17 19 20 22 23 26 31
11 14 15 17 18 21 22 24 25 28
11 14 15 17 19 20 22 24 25 28
11 14 17 18 19 20 21 22 25 28
11 14 16 17 19 20 22 23 25 28
9 12 14 15 17 22 24 25 27 30
5 8 9 15 18 21 24 30 31 34
9 11 12 14 17 22 25 27 28 30
11 12 14 17 18 21 22 25 27 28
9 12 15 16 17 22 23 24 27 30
9 11 15 16 18 21 23 24 28 30
10 11 14 16 17 22 23 25 28 29
9 10 11 14 17 22 25 28 29 30
11 14 15 16 17 22 23 24 25 28
9 10 15 16 18 21 23 24 29 30
9 15 17 18 19 20 21 22 24 30
11 12 14 17 19 20 22 25 27 28
9 10 15 17 18 21 22 24 29 30
5 10 14 16 17 22 23 25 29 34
11 13 14 16 18 21 23 25 26 28
10 13 14 18 19 20 21 25 26 29
10 13 14 17 19 20 22 25 26 29
9 13 15 16 19 20 23 24 26 30
9 13 16 18 19 20 21 23 26 30
8 13 14 16 19 20 23 25 26 31
11 14 16 17 18 21 22 23 25 28
9 12 15 17 19 20 22 24 27 30
7 8 16 18 19 20 21 23 31 32
8 9 11 15 18 21 24 28 30 31
5 7 8 16 19 20 23 31 32 34
7 11 14 15 19 20 24 25 28 32
9 15 16 17 18 21 22 23 24 30
9 14 15 18 19 20 21 24 25 30
9 15 16 18 19 20 21 23 24 30
7 8 16 17 19 20 22 23 31 32
9 10 12 15 16 23 24 27 29 30
6 7 8 16 19 20 23 31 32 33
9 14 15 17 18 21 22 24 25 30
9 12 14 15 19 20 24 25 27 30
7 14 15 16 19 20 23 24 25 32
7 14 16 17 19 20 22 23 25 32
4 10 16 17 18 21 22 23 29 35
10 12 13 16 18 21 23 26 27 29
9 14 16 17 19 20 22 23 25 30
7 9 12 17 19 20 22 27 30 32
8 10 12 14 18 21 25 27 29 31
10 14 15 17 18 21 22 24 25 29
8 14 15 17 18 21 22 24 25 31
6 15 17 18 19 20 21 22 24 33
10 14 15 16 17 22 23 24 25 29
10 12 14 16 17 22 23 25 27 29
6 14 16 17 18 21 22 23 25 33
9 12 14 16 17 22 23 25 27 30
6 14 15 17 18 21 22 24 25 33
9 12 14 16 19 20 23 25 27 30
6 15 16 18 19 20 21 23 24 33
6 11 15 18 19 20 21 24 28 33
6 7 8 10 18 21 29 31 32 33
6 16 17 18 19 20 21 22 23 33
7 8 9 12 17 22 27 30 31 32
6 7 8 15 19 20 24 31 32 33
8 11 15 18 19 20 21 24 28 31
4 14 15 17 19 20 22 24 25 35
5 7 8 11 18 21 28 31 32 34
6 7 8 11 19 20 28 31 32 33
5 7 8 11 19 20 28 31 32 34
4 14 16 17 19 20 22 23 25 35
6 14 15 16 19 20 23 24 25 33
8 12 14 17 18 21 22 25 27 31
10 11 15 16 18 21 23 24 28 29
8 12 14 18 19 20 21 25 27 31
12 13 14 17 19 20 22 25 26 27
12 13 14 17 18 21 22 25 26 27
12 13 14 16 19 20 23 25 26 27
12 13 14 16 18 21 23 25 26 27
12 13 14 16 17 22 23 25 26 27
11 13 15 18 19 20 21 24 26 28
11 13 15 16 18 21 23 24 26 28
11 13 15 16 19 20 23 24 26 28
9 12 13 16 17 22 23 26 27 30
10 13 16 17 18 21 22 23 26 29
8 13 15 17 18 21 22 24 26 31
10 13 15 16 17 22 23 24 26 29
10 13 14 16 17 22 23 25 26 29
9 10 12 13 16 23 26 27 29 30
9 13 14 17 19 20 22 25 26 30
10 12 13 14 18 21 25 26 27 29
8 10 15 16 17 22 23 24 29 31
6 7 9 16 19 20 23 30 32 33
7 10 12 14 18 21 25 27 29 32
8 14 15 16 18 21 23 24 25 31
8 15 16 17 19 20 22 23 24 31
9 12 17 18 19 20 21 22 27 30
8 14 15 16 19 20 23 24 25 31
8 9 11 12 18 21 27 28 30 31
6 12 14 16 18 21 23 25 27 33
6 12 16 18 19 20 21 23 27 33
9 10 12 14 19 20 25 27 29 30
6 10 14 16 18 21 23 25 29 33
7 12 17 18 19 20 21 22 27 32
9 10 12 14 16 23 25 27 29 30
9 10 12 14 17 22 25 27 29 30
8 10 15 17 18 21 22 24 29 31
7 8 10 12 18 21 27 29 31 32
6 14 15 17 19 20 22 24 25 33
9 10 12 16 17 22 23 27 29 30
8 9 12 14 19 20 25 27 30 31
6 7 9 11 19 20 28 30 32 33
12 13 14 18 19 20 21 25 26 27
7 8 13 17 19 20 22 26 31 32
8 15 16 18 19 20 21 23 24 31
9 12 14 18 19 20 21 25 27 30
9 10 12 16 19 20 23 27 29 30
7 12 14 17 18 21 22 25 27 32
9 10 12 16 18 21 23 27 29 30
6 7 11 17 19 20 22 28 32 33
10 14 15 16 19 20 23 24 25 29
10 14 15 17 19 20 22 24 25 29
11 12 16 17 18 21 22 23 27 28
10 12 17 18 19 20 21 22 27 29
8 9 17 18 19 20 21 22 30 31
5 10 14 16 18 21 23 25 29 34
7 9 12 14 19 20 25 27 30 32
8 10 14 16 18 21 23 25 29 31
6 10 11 16 19 20 23 28 29 33
6 9 12 14 19 20 25 27 30 33
10 11 16 17 18 21 22 23 28 29
11 12 15 16 18 21 23 24 27 28
8 14 16 17 18 21 22 23 25 31
10 12 15 17 18 21 22 24 27 29
8 12 14 15 19 20 24 25 27 31
11 12 15 16 19 20 23 24 27 28
10 14 15 18 19 20 21 24 25 29
7 12 14 17 19 20 22 25 27 32
9 14 16 17 18 21 22 23 25 30
5 8 9 14 18 21 25 30 31 34
6 7 16 17 19 20 22 23 32 33
8 14 16 17 19 20 22 23 25 31
6 7 10 17 19 20 22 29 32 33
8 10 17 18 19 20 21 22 29 31
8 12 16 17 19 20 22 23 27 31
10 11 15 18 19 20 21 24 28 29
9 10 14 16 18 21 23 25 29 30
8 9 10 16 17 22 23 29 30 31
7 11 12 15 19 20 24 27 28 32
9 14 16 18 19 20 21 23 25 30
6 11 14 15 19 20 24 25 28 33
9 10 11 14 16 23 25 28 29 30
7 12 15 18 19 20 21 24 27 32
6 12 14 16 19 20 23 25 27 33
7 8 11 17 19 20 22 28 31 32
11 12 15 17 19 20 22 24 27 28
8 11 12 15 17 22 24 27 28 31
11 12 15 17 18 21 22 24 27 28
8 10 11 16 17 22 23 28 29 31
12 13 14 15 17 22 24 25 26 27
12 13 14 15 16 23 24 25 26 27
12 13 14 15 19 20 24 25 26 27
12 13 14 15 18 21 24 25 26 27
11 13 15 17 19 20 22 24 26 28
11 13 15 17 18 21 22 24 26 28
11 13 15 16 17 22 23 24 26 28
10 13 16 17 19 20 22 23 26 29
11 12 13 14 19 20 25 26 27 28
10 11 13 16 19 20 23 26 28 29
10 12 15 16 19 20 23 24 27 29
8 10 16 17 19 20 22 23 29 31
10 13 15 16 19 20 23 24 26 29
10 13 14 16 19 20 23 25 26 29
9 13 17 18 19 20 21 22 26 30
11 12 13 14 18 21 25 26 27 28
7 13 14 17 19 20 22 25 26 32
9 11 13 15 16 23 24 26 28 30
9 13 16 17 18 21 22 23 26 30
8 13 16 18 19 20 21 23 26 31
10 12 13 16 19 20 23 26 27 29
7 8 9 17 19 20 22 30 31 32
8 14 15 17 19 20 22 24 25 31
11 12 16 18 19 20 21 23 27 28
10 12 14 17 18 21 22 25 27 29
6 7 11 18 19 20 21 28 32 33
9 10 11 12 16 23 27 28 29 30
6 7 8 10 17 22 29 31 32 33
9 10 14 16 17 22 23 25 29 30
8 12 17 18 19 20 21 22 27 31
5 8 14 18 19 20 21 25 31 34
6 7 15 17 19 20 22 24 32 33
9 13 16 17 19 20 22 23 26 30
10 13 14 16 18 21 23 25 26 29
10 13 15 16 18 21 23 24 26 29
9 10 11 13 16 23 26 28 29 30
7 9 12 13 17 22 26 27 30 32
9 12 13 14 19 20 25 26 27 30
8 15 16 17 18 21 22 23 24 31
5 8 9 12 18 21 27 30 31 34
9 12 16 17 18 21 22 23 27 30
9 12 14 17 18 21 22 25 27 30
9 10 16 17 19 20 22 23 29 30
8 9 12 14 18 21 25 27 30 31
8 10 11 15 16 23 24 28 29 31
7 8 12 14 18 21 25 27 31 32
7 9 12 16 17 22 23 27 30 32
9 10 12 14 18 21 25 27 29 30
7 9 12 17 18 21 22 27 30 32
6 9 14 17 19 20 22 25 30 33
10 14 15 16 18 21 23 24 25 29
10 12 16 17 18 21 22 23 27 29
8 14 17 18 19 20 21 22 25 31
6 7 15 18 19 20 21 24 32 33
8 13 17 18 19 20 21 22 26 31
9 12 13 17 19 20 22 26 27 30
9 12 16 18 19 20 21 23 27 30
7 14 17 18 19 20 21 22 25 32
8 11 15 16 18 21 23 24 28 31
9 10 14 17 19 20 22 25 29 30
7 8 9 12 18 21 27 30 31 32
6 7 9 15 19 20 24 30 32 33
9 11 16 18 19 20 21 23 28 30
8 11 17 18 19 20 21 22 28 31
9 11 12 16 17 22 23 27 28 30
8 10 14 16 17 22 23 25 29 31
7 8 9 17 18 21 22 30 31 32
8 10 12 16 18 21 23 27 29 31
9 11 12 17 19 20 22 27 28 30
8 12 15 18 19 20 21 24 27 31
10 12 15 16 17 22 23 24 27 29
10 11 15 17 18 21 22 24 28 29
8 10 14 18 19 20 21 25 29 31
11 12 16 17 19 20 22 23 27 28
10 11 16 18 19 20 21 23 28 29
8 12 14 16 19 20 23 25 27 31
8 12 14 16 17 22 23 25 27 31
9 11 16 17 19 20 22 23 28 30
7 14 15 17 19 20 22 24 25 32
6 10 16 18 19 20 21 23 29 33
9 10 14 15 17 22 24 25 29 30
10 12 16 17 19 20 22 23 27 29
10 12 14 17 19 20 22 25 27 29
7 8 10 17 19 20 22 29 31 32
8 12 16 18 19 20 21 23 27 31
7 10 17 18 19 20 21 22 29 32
8 11 16 18 19 20 21 23 28 31
8 10 15 18 19 20 21 24 29 31
10 11 14 15 16 23 24 25 28 29
10 11 12 15 16 23 24 27 28 29
4 7 16 17 19 20 22 23 32 35
8 10 16 17 18 21 22 23 29 31
4 7 17 18 19 20 21 22 32 35
10 12 15 18 19 20 21 24 27 29
10 11 16 17 19 20 22 23 28 29
10 11 15 17 19 20 22 24 28 29
10 13 16 18 19 20 21 23 26 29
10 11 13 15 17 22 24 26 28 29
7 10 15 16 19 20 23 24 29 32
6 9 11 12 17 22 27 28 30 33
9 10 16 18 19 20 21 23 29 30
8 9 11 15 16 23 24 28 30 31
8 9 10 15 16 23 24 29 30 31
9 10 14 18 19 20 21 25 29 30
9 10 17 18 19 20 21 22 29 30
11 12 14 15 18 21 24 25 27 28
9 11 15 16 17 22 23 24 28 30
9 10 11 15 17 22 24 28 29 30
11 12 14 15 19 20 24 25 27 28
10 11 12 14 19 20 25 27 28 29
10 11 14 16 19 20 23 25 28 29
7 10 11 16 19 20 23 28 29 32
9 11 16 17 18 21 22 23 28 30
10 11 12 15 19 20 24 27 28 29
8 10 11 14 16 23 25 28 29 31
8 11 12 18 19 20 21 27 28 31
7 10 12 17 18 21 22 27 29 32
7 8 15 17 18 21 22 24 31 32
7 10 11 12 18 21 27 28 29 32
6 8 14 15 19 20 24 25 31 33
7 9 10 12 17 22 27 29 30 32
5 8 9 11 19 20 28 30 31 34
6 10 14 16 17 22 23 25 29 33
7 8 12 17 19 20 22 27 31 32
7 8 15 17 19 20 22 24 31 32
6 8 10 14 17 22 25 29 31 33
7 10 15 17 18 21 22 24 29 32
6 10 16 17 18 21 22 23 29 33
7 8 12 18 19 20 21 27 31 32
8 10 11 15 18 21 24 28 29 31
7 8 9 12 19 20 27 30 31 32
8 10 11 12 18 21 27 28 29 31
6 8 14 17 18 21 22 25 31 33
7 10 16 18 19 20 21 23 29 32
8 10 14 16 19 20 23 25 29 31
5 8 14 15 19 20 24 25 31 34
5 8 9 14 19 20 25 30 31 34
7 8 9 11 19 20 28 30 31 32
7 10 11 15 18 21 24 28 29 32
8 9 14 17 19 20 22 25 30 31
8 9 12 14 17 22 25 27 30 31
7 8 10 12 17 22 27 29 31 32
5 6 14 16 19 20 23 25 33 34
8 9 10 14 17 22 25 29 30 31
5 6 11 16 19 20 23 28 33 34
5 8 9 17 18 21 22 30 31 34
11 12 15 16 17 22 23 24 27 28
8 9 16 17 18 21 22 23 30 31
7 10 14 17 19 20 22 25 29 32
10 11 17 18 19 20 21 22 28 29
8 10 16 18 19 20 21 23 29 31
6 7 10 16 19 20 23 29 32 33
10 12 15 17 19 20 22 24 27 29
10 11 14 15 19 20 24 25 28 29
9 11 17 18 19 20 21 22 28 30
7 12 14 15 19 20 24 25 27 32
7 11 12 15 16 23 24 27 28 32
8 11 16 17 19 20 22 23 28 31
7 11 14 17 19 20 22 25 28 32
7 11 14 16 19 20 23 25 28 32
7 11 14 15 16 23 24 25 28 32
7 8 14 16 19 20 23 25 31 32
7 11 12 14 17 22 25 27 28 32
7 12 15 17 18 21 22 24 27 32
7 8 10 11 17 22 28 29 31 32
8 9 11 12 17 22 27 28 30 31
4 10 11 16 19 20 23 28 29 35
6 7 12 17 19 20 22 27 32 33
6 7 11 14 19 20 25 28 32 33
7 10 14 16 19 20 23 25 29 32
9 11 14 15 18 21 24 25 28 30
11 12 14 15 17 22 24 25 27 28
7 10 11 14 19 20 25 28 29 32
8 11 14 17 18 21 22 25 28 31
7 8 9 13 17 22 26 30 31 32
8 10 13 15 18 21 24 26 29 31
6 10 13 16 18 21 23 26 29 33
8 10 13 17 18 21 22 26 29 31
9 10 11 12 19 20 27 28 29 30
7 12 13 17 19 20 22 26 27 32
7 9 12 13 19 20 26 27 30 32
5 10 11 16 17 22 23 28 29 34
5 10 14 16 19 20 23 25 29 34
6 11 16 17 19 20 22 23 28 33
9 14 15 16 19 20 23 24 25 30
6 8 9 10 18 21 29 30 31 33
8 10 11 12 16 23 27 28 29 31
6 11 12 16 19 20 23 27 28 33
9 11 12 14 19 20 25 27 28 30
7 8 9 11 17 22 28 30 31 32
10 11 14 17 19 20 22 25 28 29
9 11 12 15 17 22 24 27 28 30
9 11 15 17 18 21 22 24 28 30
9 11 14 15 17 22 24 25 28 30
7 8 10 16 19 20 23 29 31 32
9 11 14 17 18 21 22 25 28 30
7 12 13 18 19 20 21 26 27 32
5 8 10 14 19 20 25 29 31 34
7 9 10 11 19 20 28 29 30 32
8 11 12 14 17 22 25 27 28 31
8 10 11 14 17 22 25 28 29 31
8 10 13 14 18 21 25 26 29 31
8 10 12 13 18 21 26 27 29 31
6 13 14 15 19 20 24 25 26 33
8 9 10 13 17 22 26 29 30 31
7 11 12 13 19 20 26 27 28 32
8 11 14 15 17 22 24 25 28 31
6 11 15 16 17 22 23 24 28 33
6 9 11 16 17 22 23 28 30 33
9 10 11 16 19 20 23 28 29 30
6 7 14 17 19 20 22 25 32 33
8 9 10 15 17 22 24 29 30 31
5 8 16 18 19 20 21 23 31 34
8 10 12 15 18 21 24 27 29 31
10 11 12 16 19 20 23 27 28 29
5 8 14 16 19 20 23 25 31 34
7 8 15 16 19 20 23 24 31 32
6 11 12 15 18 21 24 27 28 33
6 12 15 18 19 20 21 24 27 33
6 12 15 17 18 21 22 24 27 33
7 10 11 18 19 20 21 28 29 32
8 9 14 17 18 21 22 25 30 31
7 8 12 14 19 20 25 27 31 32
8 10 11 16 18 21 23 28 29 31
8 11 12 17 19 20 22 27 28 31
7 9 14 16 17 22 23 25 30 32
7 11 14 15 18 21 24 25 28 32
7 9 14 16 19 20 23 25 30 32
4 11 16 17 19 20 22 23 28 35
10 11 12 15 18 21 24 27 28 29
7 11 12 17 19 20 22 27 28 32
8 10 11 17 18 21 22 28 29 31
5 7 8 15 19 20 24 31 32 34
6 7 11 15 18 21 24 28 32 33
9 10 13 16 18 21 23 26 29 30
7 9 12 15 19 20 24 27 30 32
9 10 14 15 18 21 24 25 29 30
6 12 14 15 19 20 24 25 27 33
10 11 14 15 17 22 24 25 28 29
5 10 11 16 19 20 23 28 29 34
9 10 12 15 17 22 24 27 29 30
9 11 14 16 17 22 23 25 28 30
9 10 13 15 16 23 24 26 29 30
10 11 14 15 18 21 24 25 28 29
6 10 14 15 19 20 24 25 29 33
10 11 13 15 16 23 24 26 28 29
10 11 13 15 19 20 24 26 28 29
8 12 13 14 16 23 25 26 27 31
8 9 10 17 18 21 22 29 30 31
7 12 15 17 19 20 22 24 27 32
10 12 14 15 17 22 24 25 27 29
7 11 12 16 19 20 23 27 28 32
5 8 11 14 19 20 25 28 31 34
8 10 12 18 19 20 21 27 29 31
9 11 12 14 16 23 25 27 28 30
8 9 12 13 18 21 26 27 30 31
8 10 13 15 16 23 24 26 29 31
8 11 12 15 16 23 24 27 28 31
7 11 14 17 18 21 22 25 28 32
8 11 14 17 19 20 22 25 28 31
6 9 15 18 19 20 21 24 30 33
6 12 14 15 18 21 24 25 27 33
6 12 15 16 18 21 23 24 27 33
7 11 14 18 19 20 21 25 28 32
6 11 14 15 18 21 24 25 28 33
7 11 12 15 18 21 24 27 28 32
7 10 12 14 17 22 25 27 29 32
7 9 10 15 17 22 24 29 30 32
8 11 12 15 19 20 24 27 28 31
8 12 14 15 17 22 24 25 27 31
8 10 12 16 17 22 23 27 29 31
6 9 16 17 18 21 22 23 30 33
6 9 10 16 18 21 23 29 30 33
8 10 14 17 19 20 22 25 29 31
6 7 13 17 19 20 22 26 32 33
6 7 8 13 19 20 26 31 32 33
6 7 11 13 19 20 26 28 32 33
7 8 15 16 18 21 23 24 31 32
7 8 11 14 18 21 25 28 31 32
7 11 12 14 18 21 25 27 28 32
7 10 15 17 19 20 22 24 29 32
7 9 11 12 19 20 27 28 30 32
7 11 12 18 19 20 21 27 28 32
8 10 12 17 18 21 22 27 29 31
7 8 11 16 19 20 23 28 31 32
7 8 10 16 18 21 23 29 31 32
7 11 12 14 19 20 25 27 28 32
10 11 13 14 16 23 25 26 28 29
9 11 12 15 16 23 24 27 28 30
10 12 13 14 19 20 25 26 27 29
8 12 13 15 18 21 24 26 27 31
10 11 13 16 17 22 23 26 28 29
10 11 12 16 17 22 23 27 28 29
9 10 14 15 16 23 24 25 29 30
6 8 10 16 18 21 23 29 31 33
10 11 12 17 18 21 22 27 28 29
5 8 14 17 19 20 22 25 31 34
9 11 14 16 19 20 23 25 28 30
6 10 14 16 19 20 23 25 29 33
5 8 11 16 19 20 23 28 31 34
7 8 10 14 17 22 25 29 31 32
9 10 14 15 19 20 24 25 29 30
11 12 13 14 17 22 25 26 27 28
9 12 13 14 15 24 25 26 27 30
7 11 13 14 19 20 25 26 28 32
7 12 13 14 18 21 25 26 27 32
6 7 13 15 19 20 24 26 32 33
7 9 12 14 18 21 25 27 30 32
7 9 10 16 19 20 23 29 30 32
6 9 11 15 17 22 24 28 30 33
8 13 15 16 18 21 23 24 26 31
5 6 14 15 19 20 24 25 33 34
9 12 13 17 18 21 22 26 27 30
9 10 13 16 19 20 23 26 29 30
4 11 12 16 19 20 23 27 28 35
9 10 12 18 19 20 21 27 29 30
8 11 14 15 16 23 24 25 28 31
9 11 12 14 18 21 25 27 28 30
9 11 12 17 18 21 22 27 28 30
8 9 10 16 19 20 23 29 30 31
8 9 15 16 18 21 23 24 30 31
8 11 13 15 16 23 24 26 28 31
9 10 13 17 19 20 22 26 29 30
7 8 9 16 17 22 23 30 31 32
8 9 11 17 19 20 22 28 30 31
7 8 9 15 17 22 24 30 31 32
8 10 13 16 18 21 23 26 29 31
7 12 13 14 19 20 25 26 27 32
8 9 13 17 18 21 22 26 30 31
7 8 12 15 19 20 24 27 31 32
7 10 12 17 19 20 22 27 29 32
5 8 10 16 18 21 23 29 31 34
8 9 14 16 17 22 23 25 30 31
8 11 12 16 19 20 23 27 28 31
5 10 11 16 18 21 23 28 29 34
6 7 12 14 19 20 25 27 32 33
4 7 15 17 19 20 22 24 32 35
5 7 8 12 19 20 27 31 32 34
6 8 9 14 17 22 25 30 31 33
8 9 15 16 17 22 23 24 30 31
6 15 16 17 18 21 22 23 24 33
8 10 14 17 18 21 22 25 29 31
5 8 12 14 19 20 25 27 31 34
8 9 11 12 19 20 27 28 30 31
5 6 8 14 19 20 25 31 33 34
6 8 14 17 19 20 22 25 31 33
7 8 10 15 17 22 24 29 31 32
7 8 10 11 18 21 28 29 31 32
7 8 11 12 19 20 27 28 31 32
8 11 15 16 17 22 23 24 28 31
8 10 15 16 19 20 23 24 29 31
7 12 14 15 18 21 24 25 27 32
8 9 12 16 18 21 23 27 30 31
9 12 13 14 18 21 25 26 27 30
7 10 14 15 17 22 24 25 29 32
6 8 12 14 19 20 25 27 31 33
6 7 10 16 17 22 23 29 32 33
7 10 11 17 18 21 22 28 29 32
8 10 11 18 19 20 21 28 29 31
7 10 12 15 17 22 24 27 29 32
11 13 14 17 19 20 22 25 26 28
11 13 14 17 18 21 22 25 26 28
11 13 14 16 17 22 23 25 26 28
9 13 15 18 19 20 21 24 26 30
9 13 15 16 18 21 23 24 26 30
10 11 13 14 17 22 25 26 28 29
9 13 14 15 18 21 24 25 26 30
8 13 14 17 19 20 22 25 26 31
6 13 15 17 18 21 22 24 26 33
10 13 14 15 18 21 24 25 26 29
11 12 13 16 19 20 23 26 27 28
8 13 14 15 17 22 24 25 26 31
9 13 14 16 19 20 23 25 26 30
7 8 10 13 17 22 26 29 31 32
9 10 13 14 19 20 25 26 29 30
8 13 15 16 17 22 23 24 26 31
9 10 12 13 19 20 26 27 29 30
9 11 12 13 19 20 26 27 28 30
8 13 14 15 16 23 24 25 26 31
9 12 13 18 19 20 21 26 27 30
5 8 10 14 18 21 25 29 31 34
6 7 9 14 19 20 25 30 32 33
6 7 9 12 19 20 27 30 32 33
7 8 10 11 19 20 28 29 31 32
11 12 14 16 18 21 23 25 27 28
10 12 14 15 18 21 24 25 27 29
8 9 10 11 17 22 28 29 30 31
7 10 11 12 19 20 27 28 29 32
7 12 14 16 18 21 23 25 27 32
7 10 14 16 18 21 23 25 29 32
7 14 16 18 19 20 21 23 25 32
8 9 10 14 16 23 25 29 30 31
7 8 9 11 18 21 28 30 31 32
7 12 16 18 19 20 21 23 27 32
8 11 14 15 19 20 24 25 28 31
8 10 11 12 17 22 27 28 29 31
7 8 14 17 19 20 22 25 31 32
10 11 12 14 18 21 25 27 28 29
7 14 16 17 18 21 22 23 25 32
7 14 15 16 18 21 23 24 25 32
8 9 15 17 19 20 22 24 30 31
7 8 9 16 19 20 23 30 31 32
11 12 14 16 17 22 23 25 27 28
10 11 14 17 18 21 22 25 28 29
7 12 14 16 19 20 23 25 27 32
7 10 14 16 17 22 23 25 29 32
11 13 14 15 17 22 24 25 26 28
10 13 14 15 17 22 24 25 26 29
11 12 13 16 18 21 23 26 27 28
10 12 13 17 18 21 22 26 27 29
9 11 13 16 19 20 23 26 28 30
9 11 12 13 16 23 26 27 28 30
8 10 13 14 17 22 25 26 29 31
9 12 13 16 18 21 23 26 27 30
9 11 12 13 18 21 26 27 28 30
6 7 11 12 19 20 27 28 32 33
8 9 11 12 16 23 27 28 30 31
10 11 14 16 18 21 23 25 28 29
7 9 10 11 17 22 28 29 30 32
6 7 14 15 19 20 24 25 32 33
11 12 14 16 19 20 23 25 27 28
9 10 11 12 17 22 27 28 29 30
9 10 11 16 18 21 23 28 29 30
8 11 14 18 19 20 21 25 28 31
7 8 12 15 18 21 24 27 31 32
8 9 12 14 16 23 25 27 30 31
10 11 12 14 16 23 25 27 28 29
6 11 14 15 17 22 24 25 28 33
10 12 14 15 16 23 24 25 27 29
8 10 12 14 19 20 25 27 29 31
9 14 15 16 17 22 23 24 25 30
5 7 8 14 19 20 25 31 32 34
9 11 15 16 19 20 23 24 28 30
7 10 16 17 18 21 22 23 29 32
7 12 16 17 19 20 22 23 27 32
6 7 12 15 19 20 24 27 32 33
9 14 15 16 18 21 23 24 25 30
9 11 14 17 19 20 22 25 28 30
7 9 12 15 17 22 24 27 30 32
9 11 15 18 19 20 21 24 28 30
8 9 15 17 18 21 22 24 30 31
5 10 16 17 18 21 22 23 29 34
9 13 15 17 18 21 22 24 26 30
7 13 14 16 19 20 23 25 26 32
9 10 15 18 19 20 21 24 29 30
11 13 14 15 16 23 24 25 26 28
11 13 14 15 19 20 24 25 26 28
9 13 15 16 17 22 23 24 26 30
11 12 13 15 19 20 24 26 27 28
11 12 13 15 18 21 24 26 27 28
9 10 15 17 19 20 22 24 29 30
8 10 12 16 19 20 23 27 29 31
10 11 12 15 17 22 24 27 28 29
7 12 15 16 19 20 23 24 27 32
9 11 14 18 19 20 21 25 28 30
9 11 12 15 18 21 24 27 28 30
9 12 15 17 18 21 22 24 27 30
9 12 15 16 18 21 23 24 27 30
8 9 12 15 18 21 24 27 30 31
9 12 15 18 19 20 21 24 27 30
9 11 12 13 17 22 26 27 28 30
10 11 12 13 15 24 26 27 28 29
8 10 13 14 16 23 25 26 29 31
9 11 13 16 17 22 23 26 28 30
8 12 14 15 16 23 24 25 27 31
7 10 12 14 19 20 25 27 29 32
10 12 14 15 19 20 24 25 27 29
10 11 12 17 19 20 22 27 28 29
11 12 14 15 16 23 24 25 27 28
10 11 12 14 15 24 25 27 28 29
8 9 11 17 18 21 22 28 30 31
9 11 14 15 16 23 24 25 28 30
8 9 10 16 18 21 23 29 30 31
11 13 14 15 18 21 24 25 26 28
9 10 11 13 17 22 26 28 29 30
8 10 13 16 17 22 23 26 29 31
8 10 11 13 16 23 26 28 29 31
8 12 15 16 17 22 23 24 27 31
9 10 11 17 18 21 22 28 29 30
7 10 16 17 19 20 22 23 29 32
8 11 14 16 19 20 23 25 28 31
7 10 11 17 19 20 22 28 29 32
9 12 14 15 18 21 24 25 27 30
8 9 10 13 16 23 26 29 30 31
7 10 11 13 19 20 26 28 29 32
9 10 13 15 17 22 24 26 29 30
9 13 14 15 17 22 24 25 26 30
8 10 12 13 16 23 26 27 29 31
9 10 15 16 19 20 23 24 29 30
8 12 15 16 18 21 23 24 27 31
8 10 12 15 16 23 24 27 29 31
10 11 14 18 19 20 21 25 28 29
8 9 11 16 17 22 23 28 30 31
8 10 11 16 19 20 23 28 29 31
7 8 9 16 18 21 23 30 31 32
11 12 13 15 17 22 24 26 27 28
8 10 13 16 19 20 23 26 29 31
9 11 13 17 18 21 22 26 28 30
7 11 14 16 17 22 23 25 28 32
6 7 9 13 19 20 26 30 32 33
6 7 13 18 19 20 21 26 32 33
6 9 12 16 18 21 23 27 30 33
6 9 12 18 19 20 21 27 30 33
6 9 12 14 18 21 25 27 30 33
10 12 13 15 16 23 24 26 27 29
8 10 13 18 19 20 21 26 29 31
8 11 12 14 19 20 25 27 28 31
10 11 13 14 15 24 25 26 28 29
7 8 9 14 17 22 25 30 31 32
8 9 14 15 17 22 24 25 30 31
8 9 10 11 19 20 28 29 30 31
11 12 13 15 16 23 24 26 27 28
7 11 14 15 17 22 24 25 28 32
7 10 11 14 17 22 25 28 29 32
8 11 14 16 17 22 23 25 28 31
8 9 11 15 19 20 24 28 30 31
7 8 12 13 19 20 26 27 31 32
8 10 11 14 18 21 25 28 29 31
7 10 12 16 17 22 23 27 29 32
6 8 10 14 19 20 25 29 31 33
6 7 10 12 17 22 27 29 32 33
7 10 11 16 18 21 23 28 29 32
9 10 11 17 19 20 22 28 29 30
7 10 13 17 19 20 22 26 29 32
7 8 11 15 17 22 24 28 31 32
8 10 11 13 18 21 26 28 29 31
8 9 13 14 17 22 25 26 30 31
8 9 11 14 17 22 25 28 30 31
7 12 13 15 19 20 24 26 27 32
7 8 14 16 18 21 23 25 31 32
11 12 13 14 16 23 25 26 27 28
7 10 13 16 17 22 23 26 29 32
10 12 13 14 15 24 25 26 27 29
6 10 11 16 17 22 23 28 29 33
9 11 13 14 17 22 25 26 28 30
9 12 13 15 17 22 24 26 27 30
7 8 13 16 19 20 23 26 31 32
7 10 11 14 18 21 25 28 29 32
7 8 11 15 19 20 24 28 31 32
8 10 12 14 17 22 25 27 29 31
8 9 10 12 17 22 27 29 30 31
6 10 11 16 18 21 23 28 29 33
8 11 13 15 18 21 24 26 28 31
7 14 15 17 18 21 22 24 25 32
7 8 11 15 18 21 24 28 31 32
6 14 16 17 19 20 22 23 25 33
5 7 8 13 19 20 26 31 32 34
10 11 13 16 18 21 23 26 28 29
10 11 13 15 18 21 24 26 28 29
8 9 10 12 19 20 27 29 30 31
10 13 14 15 16 23 24 25 26 29
7 9 10 16 17 22 23 29 30 32
6 10 12 16 18 21 23 27 29 33
4 5 14 16 19 20 23 25 34 35
4 16 17 18 19 20 21 22 23 35
10 11 12 16 18 21 23 27 28 29
9 12 14 16 18 21 23 25 27 30
5 8 13 14 19 20 25 26 31 34
9 10 11 12 18 21 27 28 29 30
8 13 14 17 18 21 22 25 26 31
6 13 15 18 19 20 21 24 26 33
9 13 14 16 17 22 23 25 26 30
9 10 12 13 17 22 26 27 29 30
8 9 10 12 18 21 27 29 30 31
8 12 13 14 19 20 25 26 27 31
7 8 14 17 18 21 22 25 31 32
6 7 11 15 17 22 24 28 32 33
8 9 10 17 19 20 22 29 30 31
6 9 14 15 19 20 24 25 30 33
9 10 14 16 19 20 23 25 29 30
8 10 14 15 16 23 24 25 29 31
6 11 15 17 18 21 22 24 28 33
7 9 12 18 19 20 21 27 30 32
10 11 12 14 17 22 25 27 28 29
7 10 14 15 16 23 24 25 29 32
7 8 10 16 17 22 23 29 31 32
9 12 14 15 16 23 24 25 27 30
7 8 11 14 19 20 25 28 31 32
6 7 14 16 19 20 23 25 32 33
7 10 13 16 19 20 23 26 29 32
11 12 13 14 15 24 25 26 27 28
7 8 12 16 19 20 23 27 31 32
6 10 15 16 18 21 23 24 29 33
7 8 11 18 19 20 21 28 31 32
9 11 12 16 19 20 23 27 28 30
9 10 13 16 17 22 23 26 29 30
10 12 13 14 16 23 25 26 27 29
9 12 13 14 17 22 25 26 27 30
8 12 13 14 18 21 25 26 27 31
8 14 15 16 17 22 23 24 25 31
7 9 10 17 19 20 22 29 30 32
9 10 12 17 19 20 22 27 29 30
8 11 15 16 19 20 23 24 28 31
6 7 14 18 19 20 21 25 32 33
6 9 10 14 19 20 25 29 30 33
10 11 12 13 16 23 26 27 28 29
6 14 15 18 19 20 21 24 25 33
8 10 14 15 17 22 24 25 29 31
7 8 10 17 18 21 22 29 31 32
6 10 11 15 18 21 24 28 29 33
6 8 10 14 18 21 25 29 31 33
6 9 11 17 19 20 22 28 30 33
6 8 12 14 18 21 25 27 31 33
7 8 9 10 17 22 29 30 31 32
8 12 14 17 19 20 22 25 27 31
6 9 14 16 17 22 23 25 30 33
8 10 14 15 18 21 24 25 29 31
9 11 12 18 19 20 21 27 28 30
8 9 12 17 18 21 22 27 30 31
8 10 15 16 18 21 23 24 29 31
7 12 14 18 19 20 21 25 27 32
9 10 13 14 16 23 25 26 29 30
10 12 13 14 17 22 25 26 27 29
10 12 13 16 17 22 23 26 27 29
9 12 13 14 16 23 25 26 27 30
8 11 13 18 19 20 21 26 28 31
7 9 12 16 19 20 23 27 30 32
6 9 11 15 19 20 24 28 30 33
7 9 11 12 18 21 27 28 30 32
8 12 13 18 19 20 21 26 27 31
6 7 12 18 19 20 21 27 32 33
8 12 13 14 17 22 25 26 27 31
7 8 11 13 19 20 26 28 31 32
7 10 12 16 19 20 23 27 29 32
8 9 12 18 19 20 21 27 30 31
9 11 12 16 18 21 23 27 28 30
9 10 12 17 18 21 22 27 29 30
8 9 14 15 16 23 24 25 30 31
8 9 12 15 17 22 24 27 30 31
9 11 12 15 19 20 24 27 28 30
9 10 11 15 18 21 24 28 29 30
4 9 15 17 18 21 22 24 30 35
9 10 11 18 19 20 21 28 29 30
7 9 14 16 18 21 23 25 30 32
6 8 11 14 17 22 25 28 31 33
5 10 14 15 19 20 24 25 29 34
6 7 13 14 19 20 25 26 32 33
6 7 12 13 19 20 26 27 32 33
10 12 13 15 17 22 24 26 27 29
10 13 14 15 19 20 24 25 26 29
10 12 13 17 19 20 22 26 27 29
8 13 14 16 17 22 23 25 26 31
8 11 13 17 19 20 22 26 28 31
11 12 13 16 17 22 23 26 27 28
9 11 13 18 19 20 21 26 28 30
10 11 13 17 18 21 22 26 28 29
10 11 13 17 19 20 22 26 28 29
10 11 13 14 19 20 25 26 28 29
7 10 13 15 17 22 24 26 29 32
8 10 11 12 19 20 27 28 29 31
6 7 8 14 19 20 25 31 32 33
8 9 10 11 18 21 28 29 30 31
6 7 8 12 19 20 27 31 32 33
7 8 10 12 19 20 27 29 31 32
8 11 12 13 19 20 26 27 28 31
10 12 13 15 19 20 24 26 27 29
7 10 12 13 17 22 26 27 29 32
7 10 11 12 17 22 27 28 29 32
7 9 10 11 18 21 28 29 30 32
5 8 11 16 18 21 23 28 31 34
9 10 13 18 19 20 21 26 29 30
7 10 11 13 18 21 26 28 29 32
7 10 15 16 17 22 23 24 29 32
7 10 11 15 17 22 24 28 29 32
9 13 14 15 16 23 24 25 26 30
8 9 11 13 17 22 26 28 30 31
8 9 13 15 17 22 24 26 30 31
9 10 11 13 18 21 26 28 29 30
7 11 13 14 17 22 25 26 28 32
8 11 13 14 17 22 25 26 28 31
9 10 11 13 19 20 26 28 29 30
7 12 13 16 19 20 23 26 27 32
9 10 11 15 19 20 24 28 29 30
4 7 13 17 19 20 22 26 32 35
6 11 14 16 17 22 23 25 28 33
6 7 13 16 19 20 23 26 32 33
7 9 14 15 16 23 24 25 30 32
7 8 11 14 17 22 25 28 31 32
7 11 13 14 18 21 25 26 28 32
6 12 13 15 18 21 24 26 27 33
7 11 14 16 18 21 23 25 28 32
9 10 12 15 19 20 24 27 29 30
10 11 13 14 18 21 25 26 28 29
10 11 12 13 17 22 26 27 28 29
8 11 13 14 19 20 25 26 28 31
9 11 13 14 19 20 25 26 28 30
7 10 11 13 17 22 26 28 29 32
7 13 14 16 18 21 23 25 26 32
9 10 13 15 19 20 24 26 29 30
9 12 13 15 18 21 24 26 27 30
9 10 11 14 18 21 25 28 29 30
7 10 11 16 17 22 23 28 29 32
8 9 11 15 17 22 24 28 30 31
8 11 12 14 16 23 25 27 28 31
8 10 11 14 19 20 25 28 29 31
6 7 12 16 19 20 23 27 32 33
6 7 10 14 19 20 25 29 32 33
7 11 12 15 17 22 24 27 28 32
5 8 9 16 18 21 23 30 31 34
9 11 14 15 19 20 24 25 28 30
6 9 12 13 18 21 26 27 30 33
5 8 9 13 18 21 26 30 31 34
5 8 11 16 17 22 23 28 31 34
9 10 11 14 19 20 25 28 29 30
6 9 12 15 18 21 24 27 30 33
