18 19 20 21 22 23
17 18 20 21 23 24
17 19 20 21 22 24
16 18 19 22 23 25
16 19 20 21 22 25
16 18 20 21 23 25
17 18 19 22 23 24
15 19 20 21 22 26
14 18 20 21 23 27
14 19 20 21 22 27
14 17 18 23 24 27
16 17 19 22 24 25
14 17 20 21 24 27
14 16 19 22 25 27
15 17 18 23 24 26
13 16 20 21 25 28
13 18 20 21 23 28
14 16 20 21 25 27
15 16 20 21 25 26
14 15 19 22 26 27
16 17 18 23 24 25
15 16 19 22 25 26
14 16 17 24 25 27
15 18 19 22 23 26
15 17 20 21 24 26
15 16 18 23 25 26
15 18 20 21 23 26
13 17 19 22 24 28
15 16 17 24 25 26
13 16 17 24 25 28
12 18 19 22 23 29
13 19 20 21 22 28
13 18 19 22 23 28
15 17 19 22 24 26
16 17 20 21 24 25
13 14 19 22 27 28
13 14 18 23 27 28
12 13 15 26 28 29
12 17 20 21 24 29
13 15 17 24 26 28
13 15 19 22 26 28
12 16 17 24 25 29
13 14 17 24 27 28
13 15 18 23 26 28
13 14 16 25 27 28
13 14 20 21 27 28
13 15 20 21 26 28
12 15 17 24 26 29
11 16 19 22 25 30
13 15 16 25 26 28
13 14 15 26 27 28
12 13 16 25 28 29
11 14 16 25 27 30
12 14 15 26 27 29
11 12 18 23 29 30
10 14 17 24 27 31
10 11 20 21 30 31
