1 5 7 9 11 13 15 17 19 21 23 25 29
1 3 7 9 11 13 15 17 19 21 23 27 29
3 5 7 9 11 13 15 17 19 21 23 25 27
9 10 11 12 13 14 15 16 17 18 19 20 21
4 5 6 7 13 14 15 16 17 23 24 25 26
3 4 5 6 13 14 15 16 17 24 25 26 27
8 9 11 12 13 14 15 16 17 18 19 21 22
3 5 7 8 9 11 15 19 21 22 23 25 27
7 8 11 12 13 14 15 16 17 18 19 22 23
7 9 11 12 13 14 15 16 17 18 19 21 23
7 9 10 12 13 14 15 16 17 18 20 21 23
7 8 9 12 13 14 15 16 17 18 21 22 23
7 9 10 11 13 14 15 16 17 19 20 21 23
3 5 6 7 13 14 15 16 17 23 24 25 27
7 8 10 12 13 14 15 16 17 18 20 22 23
3 4 5 7 13 14 15 16 17 23 25 26 27
1 7 9 11 13 14 15 16 17 19 21 23 29
3 5 9 11 13 14 15 16 17 19 21 25 27
3 7 9 11 13 14 15 16 17 19 21 23 27
3 4 6 7 13 14 15 16 17 23 24 26 27
8 10 11 12 13 14 15 16 17 18 19 20 22
3 4 8 9 10 14 15 16 20 21 22 26 27
8 9 10 12 13 14 15 16 17 18 20 21 22
5 7 9 11 13 14 15 16 17 19 21 23 25
8 9 10 11 13 14 15 16 17 19 20 21 22
2 3 4 8 9 14 15 16 21 22 26 27 28
3 4 5 6 7 8 15 22 23 24 25 26 27
8 9 10 11 12 14 15 16 18 19 20 21 22
8 9 10 11 12 13 15 17 18 19 20 21 22
3 4 5 8 9 14 15 16 21 22 25 26 27
3 4 5 7 8 14 15 16 22 23 25 26 27
6 7 9 12 13 14 15 16 17 18 21 23 24
6 8 9 12 13 14 15 16 17 18 21 22 24
6 9 10 11 12 14 15 16 18 19 20 21 24
4 5 7 9 11 13 15 17 19 21 23 25 26
3 5 7 8 11 13 15 17 19 22 23 25 27
2 3 7 11 12 13 15 17 18 19 23 27 28
2 3 7 8 11 13 15 17 19 22 23 27 28
3 4 7 9 11 13 15 17 19 21 23 26 27
4 6 7 9 13 14 15 16 17 21 23 24 26
4 6 9 11 13 14 15 16 17 19 21 24 26
3 7 8 11 12 13 15 17 18 19 22 23 27
3 4 5 11 12 14 15 16 18 19 25 26 27
5 6 7 8 9 13 15 17 21 22 23 24 25
4 5 6 11 13 14 15 16 17 19 24 25 26
3 4 5 11 13 14 15 16 17 19 25 26 27
3 4 5 7 11 12 15 18 19 23 25 26 27
5 6 7 8 9 11 15 19 21 22 23 24 25
4 5 6 7 8 9 15 21 22 23 24 25 26
2 3 8 9 13 14 15 16 17 21 22 27 28
3 5 6 7 8 9 15 21 22 23 24 25 27
2 7 8 11 12 13 15 17 18 19 22 23 28
2 3 5 7 11 13 15 17 19 23 25 27 28
3 5 7 8 12 13 15 17 18 22 23 25 27
2 3 5 7 8 13 15 17 22 23 25 27 28
3 7 8 9 12 13 15 17 18 21 22 23 27
3 4 6 9 11 14 15 16 19 21 24 26 27
4 5 6 9 11 14 15 16 19 21 24 25 26
2 5 7 8 12 13 15 17 18 22 23 25 28
1 6 7 9 11 13 15 17 19 21 23 24 29
5 6 7 9 11 13 15 17 19 21 23 24 25
3 5 7 11 12 13 15 17 18 19 23 25 27
3 5 7 8 9 13 15 17 21 22 23 25 27
3 4 6 11 13 14 15 16 17 19 24 26 27
3 4 5 7 11 13 15 17 19 23 25 26 27
4 5 6 7 8 14 15 16 22 23 24 25 26
3 4 5 6 9 14 15 16 21 24 25 26 27
3 9 11 12 13 14 15 16 17 18 19 21 27
4 5 7 8 13 14 15 16 17 22 23 25 26
3 5 6 12 13 14 15 16 17 18 24 25 27
3 10 11 12 13 14 15 16 17 18 19 20 27
5 6 8 9 11 12 15 18 19 21 22 24 25
3 7 8 12 13 14 15 16 17 18 22 23 27
2 7 8 12 13 14 15 16 17 18 22 23 28
2 3 7 9 11 13 15 17 19 21 23 27 28
3 6 7 9 11 13 15 17 19 21 23 24 27
3 5 7 9 12 13 15 17 18 21 23 25 27
3 5 7 9 11 12 15 18 19 21 23 25 27
6 9 10 11 13 14 15 16 17 19 20 21 24
3 4 5 12 13 14 15 16 17 18 25 26 27
3 4 9 10 11 14 15 16 19 20 21 26 27
4 5 6 7 11 14 15 16 19 23 24 25 26
3 4 6 9 13 14 15 16 17 21 24 26 27
4 6 7 11 13 14 15 16 17 19 23 24 26
3 9 10 11 12 13 15 17 18 19 20 21 27
5 8 10 11 13 14 15 16 17 19 20 22 25
4 5 8 9 11 12 15 18 19 21 22 25 26
6 7 9 11 12 14 15 16 18 19 21 23 24
3 4 8 9 11 14 15 16 19 21 22 26 27
4 5 6 8 9 12 15 18 21 22 24 25 26
7 10 11 12 13 14 15 16 17 18 19 20 23
4 5 6 8 13 14 15 16 17 22 24 25 26
4 5 6 12 13 14 15 16 17 18 24 25 26
5 7 8 12 13 14 15 16 17 18 22 23 25
4 5 6 9 13 14 15 16 17 21 24 25 26
3 4 7 8 9 10 15 20 21 22 23 26 27
5 9 11 12 13 14 15 16 17 18 19 21 25
3 9 10 11 13 14 15 16 17 19 20 21 27
5 6 7 8 13 14 15 16 17 22 23 24 25
6 7 10 11 13 14 15 16 17 19 20 23 24
5 8 11 12 13 14 15 16 17 18 19 22 25
5 6 7 8 9 14 15 16 21 22 23 24 25
5 6 11 12 13 14 15 16 17 18 19 24 25
4 5 7 8 12 14 15 16 18 22 23 25 26
4 5 6 7 8 13 15 17 22 23 24 25 26
5 6 9 10 11 13 15 17 19 20 21 24 25
3 5 10 12 13 14 15 16 17 18 20 25 27
3 5 9 10 11 12 15 18 19 20 21 25 27
3 5 9 10 12 14 15 16 18 20 21 25 27
3 6 7 8 9 11 15 19 21 22 23 24 27
4 6 9 11 12 14 15 16 18 19 21 24 26
2 3 7 8 13 14 15 16 17 22 23 27 28
6 7 8 9 11 13 15 17 19 21 22 23 24
3 4 11 12 13 14 15 16 17 18 19 26 27
3 6 7 8 12 13 15 17 18 22 23 24 27
5 6 7 8 9 12 15 18 21 22 23 24 25
5 6 7 12 13 14 15 16 17 18 23 24 25
6 7 11 12 13 14 15 16 17 18 19 23 24
2 4 5 8 12 14 15 16 18 22 25 26 28
5 7 11 12 13 14 15 16 17 18 19 23 25
3 4 9 10 13 14 15 16 17 20 21 26 27
3 5 6 8 13 14 15 16 17 22 24 25 27
7 9 10 11 12 13 15 17 18 19 20 21 23
5 6 7 8 12 14 15 16 18 22 23 24 25
3 4 5 8 10 14 15 16 20 22 25 26 27
5 6 8 12 13 14 15 16 17 18 22 24 25
5 7 9 10 13 14 15 16 17 20 21 23 25
3 5 8 9 10 11 15 19 20 21 22 25 27
5 6 8 10 13 14 15 16 17 20 22 24 25
3 5 9 10 13 14 15 16 17 20 21 25 27
4 5 8 12 13 14 15 16 17 18 22 25 26
3 7 8 9 11 14 15 16 19 21 22 23 27
3 4 6 7 11 14 15 16 19 23 24 26 27
3 4 5 9 11 14 15 16 19 21 25 26 27
5 7 10 11 12 13 15 17 18 19 20 23 25
5 6 10 11 13 14 15 16 17 19 20 24 25
4 8 9 10 11 14 15 16 19 20 21 22 26
5 8 10 11 12 14 15 16 18 19 20 22 25
5 6 7 11 13 14 15 16 17 19 23 24 25
7 8 9 11 12 13 15 17 18 19 21 22 23
4 5 6 7 11 13 15 17 19 23 24 25 26
5 6 9 11 13 14 15 16 17 19 21 24 25
6 7 9 11 13 14 15 16 17 19 21 23 24
3 5 9 10 11 14 15 16 19 20 21 25 27
2 3 9 11 13 14 15 16 17 19 21 27 28
3 4 7 8 10 14 15 16 20 22 23 26 27
4 7 9 10 11 13 15 17 19 20 21 23 26
5 7 9 12 13 14 15 16 17 18 21 23 25
5 8 9 12 13 14 15 16 17 18 21 22 25
3 8 9 10 11 14 15 16 19 20 21 22 27
3 4 7 8 9 14 15 16 21 22 23 26 27
7 8 9 11 12 14 15 16 18 19 21 22 23
3 4 5 9 13 14 15 16 17 21 25 26 27
3 7 10 11 12 13 15 17 18 19 20 23 27
3 7 8 9 10 13 15 17 20 21 22 23 27
3 5 8 9 11 14 15 16 19 21 22 25 27
3 5 8 9 13 14 15 16 17 21 22 25 27
3 5 6 11 13 14 15 16 17 19 24 25 27
5 6 8 11 13 14 15 16 17 19 22 24 25
3 4 7 9 13 14 15 16 17 21 23 26 27
3 4 5 7 11 14 15 16 19 23 25 26 27
3 4 7 9 11 14 15 16 19 21 23 26 27
3 7 8 9 13 14 15 16 17 21 22 23 27
5 6 10 12 13 14 15 16 17 18 20 24 25
3 4 7 8 9 13 15 17 21 22 23 26 27
2 5 6 8 13 14 15 16 17 22 24 25 28
3 4 5 8 12 14 15 16 18 22 25 26 27
3 4 7 9 10 11 15 19 20 21 23 26 27
4 5 8 11 12 14 15 16 18 19 22 25 26
3 5 7 8 9 14 15 16 21 22 23 25 27
2 5 7 11 12 13 15 17 18 19 23 25 28
3 5 6 7 8 13 15 17 22 23 24 25 27
3 5 7 12 13 14 15 16 17 18 23 25 27
5 8 9 10 12 14 15 16 18 20 21 22 25
3 5 10 11 13 14 15 16 17 19 20 25 27
5 6 7 10 11 13 15 17 19 20 23 24 25
5 8 9 11 12 14 15 16 18 19 21 22 25
3 8 9 10 13 14 15 16 17 20 21 22 27
7 9 10 11 12 14 15 16 18 19 20 21 23
6 8 11 12 13 14 15 16 17 18 19 22 24
4 9 10 12 13 14 15 16 17 18 20 21 26
4 7 9 12 13 14 15 16 17 18 21 23 26
4 5 6 8 12 14 15 16 18 22 24 25 26
3 5 8 9 11 13 15 17 19 21 22 25 27
6 8 10 11 12 13 15 17 18 19 20 22 24
4 5 8 9 12 14 15 16 18 21 22 25 26
6 8 10 12 13 14 15 16 17 18 20 22 24
4 7 10 12 13 14 15 16 17 18 20 23 26
2 4 8 9 10 14 15 16 20 21 22 26 28
4 7 8 9 13 14 15 16 17 21 22 23 26
6 9 11 12 13 14 15 16 17 18 19 21 24
3 4 5 6 12 14 15 16 18 24 25 26 27
3 5 8 9 10 14 15 16 20 21 22 25 27
4 6 8 9 10 11 15 19 20 21 22 24 26
4 5 9 10 11 12 15 18 19 20 21 25 26
4 9 10 11 13 14 15 16 17 19 20 21 26
3 7 9 12 13 14 15 16 17 18 21 23 27
3 8 9 11 12 13 15 17 18 19 21 22 27
3 5 7 8 9 10 15 20 21 22 23 25 27
3 6 8 12 13 14 15 16 17 18 22 24 27
4 6 9 12 13 14 15 16 17 18 21 24 26
6 8 10 11 13 14 15 16 17 19 20 22 24
3 4 6 7 8 11 15 19 22 23 24 26 27
2 5 8 9 13 14 15 16 17 21 22 25 28
4 5 7 9 10 11 15 19 20 21 23 25 26
4 5 8 9 10 11 15 19 20 21 22 25 26
3 4 6 7 8 13 15 17 22 23 24 26 27
5 7 8 10 12 14 15 16 18 20 22 23 25
3 8 9 11 12 14 15 16 18 19 21 22 27
5 8 9 11 13 14 15 16 17 19 21 22 25
6 7 8 11 12 14 15 16 18 19 22 23 24
5 6 8 11 12 13 15 17 18 19 22 24 25
3 4 6 7 8 14 15 16 22 23 24 26 27
4 7 9 11 12 13 15 17 18 19 21 23 26
4 5 8 11 13 14 15 16 17 19 22 25 26
4 6 8 11 13 14 15 16 17 19 22 24 26
2 4 9 10 11 14 15 16 19 20 21 26 28
4 5 8 10 13 14 15 16 17 20 22 25 26
3 6 10 11 13 14 15 16 17 19 20 24 27
4 5 8 9 11 14 15 16 19 21 22 25 26
4 7 9 10 13 14 15 16 17 20 21 23 26
3 4 6 12 13 14 15 16 17 18 24 26 27
6 8 9 11 12 13 15 17 18 19 21 22 24
4 7 8 10 13 14 15 16 17 20 22 23 26
5 7 8 11 12 13 15 17 18 19 22 23 25
3 5 9 11 12 13 15 17 18 19 21 25 27
3 7 9 11 12 13 15 17 18 19 21 23 27
5 9 10 12 13 14 15 16 17 18 20 21 25
5 9 10 11 12 14 15 16 18 19 20 21 25
5 8 10 12 13 14 15 16 17 18 20 22 25
5 7 10 12 13 14 15 16 17 18 20 23 25
2 3 7 10 11 13 15 17 19 20 23 27 28
5 7 10 11 13 14 15 16 17 19 20 23 25
5 9 10 11 12 13 15 17 18 19 20 21 25
6 8 9 11 13 14 15 16 17 19 21 22 24
4 9 11 12 13 14 15 16 17 18 19 21 26
5 6 7 9 13 14 15 16 17 21 23 24 25
4 5 6 8 9 10 15 20 21 22 24 25 26
5 6 8 9 10 11 15 19 20 21 22 24 25
3 4 7 8 9 11 15 19 21 22 23 26 27
4 5 6 7 9 11 15 19 21 23 24 25 26
4 5 6 8 9 11 15 19 21 22 24 25 26
5 9 10 11 13 14 15 16 17 19 20 21 25
5 6 9 10 13 14 15 16 17 20 21 24 25
5 6 7 9 10 11 15 19 20 21 23 24 25
4 6 7 9 10 11 15 19 20 21 23 24 26
3 7 8 9 10 11 15 19 20 21 22 23 27
3 5 9 10 11 13 15 17 19 20 21 25 27
5 7 9 10 11 13 15 17 19 20 21 23 25
4 6 7 9 11 13 15 17 19 21 23 24 26
2 4 6 7 9 11 15 19 21 23 24 26 28
4 5 9 11 12 13 15 17 18 19 21 25 26
3 4 6 7 9 11 15 19 21 23 24 26 27
6 9 10 12 13 14 15 16 17 18 20 21 24
3 7 8 9 10 14 15 16 20 21 22 23 27
3 4 5 6 11 14 15 16 19 24 25 26 27
4 5 6 7 10 11 15 19 20 23 24 25 26
3 4 5 9 10 14 15 16 20 21 25 26 27
3 7 11 12 13 14 15 16 17 18 19 23 27
4 5 9 11 12 14 15 16 18 19 21 25 26
3 5 8 12 13 14 15 16 17 18 22 25 27
3 4 9 11 13 14 15 16 17 19 21 26 27
4 9 10 11 12 14 15 16 18 19 20 21 26
3 8 10 12 13 14 15 16 17 18 20 22 27
5 6 8 9 11 13 15 17 19 21 22 24 25
3 4 6 7 10 11 15 19 20 23 24 26 27
6 7 8 10 12 13 15 17 18 20 22 23 24
5 6 7 8 11 13 15 17 19 22 23 24 25
4 6 7 8 9 10 15 20 21 22 23 24 26
4 5 6 7 8 10 15 20 22 23 24 25 26
5 6 7 8 10 11 15 19 20 22 23 24 25
6 7 8 9 10 11 15 19 20 21 22 23 24
3 4 6 7 8 9 15 21 22 23 24 26 27
5 6 9 12 13 14 15 16 17 18 21 24 25
3 4 5 10 11 14 15 16 19 20 25 26 27
5 6 7 8 10 13 15 17 20 22 23 24 25
3 5 6 9 13 14 15 16 17 21 24 25 27
5 7 8 9 10 13 15 17 20 21 22 23 25
4 5 10 11 12 14 15 16 18 19 20 25 26
1 4 7 11 13 14 15 16 17 19 23 26 29
5 7 8 9 10 11 15 19 20 21 22 23 25
4 5 7 8 9 10 15 20 21 22 23 25 26
4 5 7 8 11 13 15 17 19 22 23 25 26
2 4 5 11 13 14 15 16 17 19 25 26 28
4 6 7 9 11 14 15 16 19 21 23 24 26
4 6 8 9 11 14 15 16 19 21 22 24 26
2 6 7 9 11 13 15 17 19 21 23 24 28
4 5 7 8 11 12 15 18 19 22 23 25 26
3 4 5 7 8 11 15 19 22 23 25 26 27
2 4 7 8 9 11 15 19 21 22 23 26 28
4 6 7 8 11 13 15 17 19 22 23 24 26
2 4 11 12 13 14 15 16 17 18 19 26 28
4 7 8 9 11 13 15 17 19 21 22 23 26
2 5 7 8 9 13 15 17 21 22 23 25 28
4 6 8 9 11 13 15 17 19 21 22 24 26
3 4 7 8 12 14 15 16 18 22 23 26 27
6 7 8 9 13 14 15 16 17 21 22 23 24
2 5 7 10 11 13 15 17 19 20 23 25 28
5 7 8 10 13 14 15 16 17 20 22 23 25
2 5 6 7 8 13 15 17 22 23 24 25 28
6 7 8 11 12 13 15 17 18 19 22 23 24
3 8 11 12 13 14 15 16 17 18 19 22 27
3 6 7 8 10 13 15 17 20 22 23 24 27
3 4 6 7 8 10 15 20 22 23 24 26 27
5 6 7 8 11 12 15 18 19 22 23 24 25
4 6 7 8 10 13 15 17 20 22 23 24 26
4 5 6 8 9 13 15 17 21 22 24 25 26
4 5 7 8 9 13 15 17 21 22 23 25 26
4 7 8 9 12 13 15 17 18 21 22 23 26
3 7 10 12 13 14 15 16 17 18 20 23 27
4 10 11 12 13 14 15 16 17 18 19 20 26
6 7 8 12 13 14 15 16 17 18 22 23 24
7 8 9 11 13 14 15 16 17 19 21 22 23
7 8 10 11 12 14 15 16 18 19 20 22 23
2 10 11 12 13 14 15 16 17 18 19 20 28
2 4 5 8 13 14 15 16 17 22 25 26 28
5 6 8 9 12 14 15 16 18 21 22 24 25
2 3 7 8 9 13 15 17 21 22 23 27 28
7 8 10 11 13 14 15 16 17 19 20 22 23
6 7 8 10 11 13 15 17 19 20 22 23 24
3 4 5 7 10 11 15 19 20 23 25 26 27
4 5 7 10 11 12 15 18 19 20 23 25 26
3 5 6 7 9 13 15 17 21 23 24 25 27
3 5 8 9 11 12 15 18 19 21 22 25 27
4 9 10 11 12 13 15 17 18 19 20 21 26
2 7 10 11 13 14 15 16 17 19 20 23 28
4 5 6 7 8 12 15 18 22 23 24 25 26
2 8 9 10 13 14 15 16 17 20 21 22 28
6 9 10 11 12 13 15 17 18 19 20 21 24
3 9 10 12 13 14 15 16 17 18 20 21 27
1 7 8 9 11 13 15 17 19 21 22 23 29
2 3 6 7 11 13 15 17 19 23 24 27 28
3 8 9 10 12 14 15 16 18 20 21 22 27
2 8 11 12 13 14 15 16 17 18 19 22 28
3 7 9 10 12 14 15 16 18 20 21 23 27
6 8 9 10 11 13 15 17 19 20 21 22 24
4 7 9 10 11 12 15 18 19 20 21 23 26
2 7 8 9 12 13 15 17 18 21 22 23 28
5 6 9 10 12 13 15 17 18 20 21 24 25
5 6 8 9 10 12 15 18 20 21 22 24 25
2 5 10 11 13 14 15 16 17 19 20 25 28
4 6 7 8 9 12 15 18 21 22 23 24 26
4 5 9 10 11 13 15 17 19 20 21 25 26
4 5 7 8 10 12 15 18 20 22 23 25 26
4 5 7 10 11 13 15 17 19 20 23 25 26
5 6 7 9 10 14 15 16 20 21 23 24 25
5 6 8 9 10 14 15 16 20 21 22 24 25
4 7 8 9 10 14 15 16 20 21 22 23 26
4 7 10 11 12 13 15 17 18 19 20 23 26
2 4 8 9 11 14 15 16 19 21 22 26 28
3 7 8 10 11 13 15 17 19 20 22 23 27
6 8 9 10 13 14 15 16 17 20 21 22 24
3 9 10 11 12 14 15 16 18 19 20 21 27
6 8 9 10 12 13 15 17 18 20 21 22 24
6 7 9 10 11 12 15 18 19 20 21 23 24
7 8 10 11 12 13 15 17 18 19 20 22 23
6 7 9 10 11 14 15 16 19 20 21 23 24
4 7 9 11 13 14 15 16 17 19 21 23 26
4 7 10 11 13 14 15 16 17 19 20 23 26
2 5 7 9 11 13 15 17 19 21 23 25 28
4 6 11 12 13 14 15 16 17 18 19 24 26
2 8 9 12 13 14 15 16 17 18 21 22 28
1 7 10 11 13 14 15 16 17 19 20 23 29
2 9 11 12 13 14 15 16 17 18 19 21 28
3 4 5 7 8 9 15 21 22 23 25 26 27
7 8 9 10 12 13 15 17 18 20 21 22 23
4 6 8 9 10 13 15 17 20 21 22 24 26
3 4 8 9 12 14 15 16 18 21 22 26 27
3 7 8 9 12 14 15 16 18 21 22 23 27
1 7 8 11 12 13 15 17 18 19 22 23 29
5 6 8 9 13 14 15 16 17 21 22 24 25
2 7 9 11 12 13 15 17 18 19 21 23 28
2 4 7 9 11 12 15 18 19 21 23 26 28
3 5 7 10 11 13 15 17 19 20 23 25 27
3 5 7 9 10 13 15 17 20 21 23 25 27
4 8 9 11 13 14 15 16 17 19 21 22 26
5 7 10 11 12 14 15 16 18 19 20 23 25
5 6 7 10 13 14 15 16 17 20 23 24 25
3 5 6 10 13 14 15 16 17 20 24 25 27
3 4 5 10 13 14 15 16 17 20 25 26 27
5 8 9 10 13 14 15 16 17 20 21 22 25
5 7 9 10 12 14 15 16 18 20 21 23 25
5 7 8 11 13 14 15 16 17 19 22 23 25
3 7 8 11 13 14 15 16 17 19 22 23 27
4 8 9 11 12 13 15 17 18 19 21 22 26
5 7 8 9 12 14 15 16 18 21 22 23 25
3 4 6 8 11 14 15 16 19 22 24 26 27
3 5 8 10 13 14 15 16 17 20 22 25 27
3 5 7 10 13 14 15 16 17 20 23 25 27
3 5 6 7 10 13 15 17 20 23 24 25 27
4 5 9 10 12 14 15 16 18 20 21 25 26
6 10 11 12 13 14 15 16 17 18 19 20 24
4 5 7 12 13 14 15 16 17 18 23 25 26
4 6 7 12 13 14 15 16 17 18 23 24 26
3 5 6 8 9 14 15 16 21 22 24 25 27
4 7 9 10 11 14 15 16 19 20 21 23 26
5 6 8 9 12 13 15 17 18 21 22 24 25
5 6 9 11 12 13 15 17 18 19 21 24 25
3 6 7 11 12 13 15 17 18 19 23 24 27
6 7 8 9 11 12 15 18 19 21 22 23 24
1 7 8 11 13 14 15 16 17 19 22 23 29
2 7 8 11 13 14 15 16 17 19 22 23 28
4 5 7 8 9 14 15 16 21 22 23 25 26
3 6 7 8 9 10 15 20 21 22 23 24 27
3 7 8 9 11 12 15 18 19 21 22 23 27
4 6 9 11 12 13 15 17 18 19 21 24 26
3 4 7 8 9 12 15 18 21 22 23 26 27
3 4 6 7 8 12 15 18 22 23 24 26 27
5 6 7 9 11 12 15 18 19 21 23 24 25
4 7 8 11 13 14 15 16 17 19 22 23 26
5 6 7 9 12 13 15 17 18 21 23 24 25
3 5 9 10 12 13 15 17 18 20 21 25 27
2 7 8 10 11 13 15 17 19 20 22 23 28
2 7 8 10 13 14 15 16 17 20 22 23 28
5 6 9 10 12 14 15 16 18 20 21 24 25
6 7 8 9 10 12 15 18 20 21 22 23 24
3 5 8 9 10 12 15 18 20 21 22 25 27
5 6 9 10 11 12 15 18 19 20 21 24 25
2 6 7 8 10 13 15 17 20 22 23 24 28
2 7 8 9 10 13 15 17 20 21 22 23 28
7 8 9 10 11 12 15 18 19 20 21 22 23
5 7 8 9 12 13 15 17 18 21 22 23 25
3 5 7 9 13 14 15 16 17 21 23 25 27
3 4 8 9 13 14 15 16 17 21 22 26 27
3 7 9 10 11 13 15 17 19 20 21 23 27
2 4 5 8 9 14 15 16 21 22 25 26 28
4 8 9 12 13 14 15 16 17 18 21 22 26
3 8 9 11 13 14 15 16 17 19 21 22 27
3 6 7 10 11 13 15 17 19 20 23 24 27
5 7 9 11 12 14 15 16 18 19 21 23 25
3 7 9 11 12 14 15 16 18 19 21 23 27
3 7 9 10 13 14 15 16 17 20 21 23 27
3 7 10 11 13 14 15 16 17 19 20 23 27
3 4 9 12 13 14 15 16 17 18 21 26 27
4 5 9 12 13 14 15 16 17 18 21 25 26
4 5 8 9 13 14 15 16 17 21 22 25 26
3 6 8 11 13 14 15 16 17 19 22 24 27
2 5 6 7 11 13 15 17 19 23 24 25 28
3 4 6 10 13 14 15 16 17 20 24 26 27
3 8 9 10 11 13 15 17 19 20 21 22 27
2 5 11 12 13 14 15 16 17 18 19 25 28
3 6 8 9 13 14 15 16 17 21 22 24 27
3 5 8 11 13 14 15 16 17 19 22 25 27
5 6 7 11 12 13 15 17 18 19 23 24 25
4 5 8 9 12 13 15 17 18 21 22 25 26
3 8 9 10 12 13 15 17 18 20 21 22 27
3 6 7 10 13 14 15 16 17 20 23 24 27
3 7 9 10 11 12 15 18 19 20 21 23 27
3 5 9 11 12 14 15 16 18 19 21 25 27
5 7 8 9 13 14 15 16 17 21 22 23 25
3 6 7 9 13 14 15 16 17 21 23 24 27
4 5 7 11 12 14 15 16 18 19 23 25 26
2 7 9 10 11 13 15 17 19 20 21 23 28
6 7 8 10 13 14 15 16 17 20 22 23 24
4 5 7 9 11 12 15 18 19 21 23 25 26
3 6 7 8 13 14 15 16 17 22 23 24 27
4 5 6 8 9 14 15 16 21 22 24 25 26
4 5 7 11 12 13 15 17 18 19 23 25 26
3 8 9 10 11 12 15 18 19 20 21 22 27
2 4 5 7 9 11 15 19 21 23 25 26 28
4 6 8 9 13 14 15 16 17 21 22 24 26
3 4 5 7 8 13 15 17 22 23 25 26 27
6 7 9 11 12 13 15 17 18 19 21 23 24
2 7 10 11 12 13 15 17 18 19 20 23 28
5 6 8 10 11 12 15 18 19 20 22 24 25
6 8 9 10 11 12 15 18 19 20 21 22 24
3 8 9 12 13 14 15 16 17 18 21 22 27
3 5 8 9 12 14 15 16 18 21 22 25 27
3 6 7 12 13 14 15 16 17 18 23 24 27
2 5 8 11 13 14 15 16 17 19 22 25 28
3 5 6 7 12 13 15 17 18 23 24 25 27
5 6 7 9 12 14 15 16 18 21 23 24 25
3 4 5 6 8 14 15 16 22 24 25 26 27
3 5 6 7 11 13 15 17 19 23 24 25 27
1 7 9 11 12 13 15 17 18 19 21 23 29
5 7 9 11 12 13 15 17 18 19 21 23 25
3 5 7 11 13 14 15 16 17 19 23 25 27
6 7 10 12 13 14 15 16 17 18 20 23 24
3 4 5 8 13 14 15 16 17 22 25 26 27
5 6 8 11 12 14 15 16 18 19 22 24 25
2 4 8 9 12 14 15 16 18 21 22 26 28
4 6 8 12 13 14 15 16 17 18 22 24 26
6 7 10 11 12 13 15 17 18 19 20 23 24
3 4 8 10 13 14 15 16 17 20 22 26 27
5 8 9 11 12 13 15 17 18 19 21 22 25
3 6 8 10 13 14 15 16 17 20 22 24 27
2 6 11 12 13 14 15 16 17 18 19 24 28
3 4 6 8 13 14 15 16 17 22 24 26 27
3 6 7 11 13 14 15 16 17 19 23 24 27
4 5 8 9 10 12 15 18 20 21 22 25 26
1 7 9 10 11 13 15 17 19 20 21 23 29
4 5 7 9 13 14 15 16 17 21 23 25 26
4 6 10 12 13 14 15 16 17 18 20 24 26
4 6 8 10 13 14 15 16 17 20 22 24 26
4 8 10 12 13 14 15 16 17 18 20 22 26
4 8 9 10 12 14 15 16 18 20 21 22 26
3 4 6 8 10 14 15 16 20 22 24 26 27
6 8 10 11 12 14 15 16 18 19 20 22 24
4 6 7 10 13 14 15 16 17 20 23 24 26
1 7 10 11 12 13 15 17 18 19 20 23 29
3 4 7 10 13 14 15 16 17 20 23 26 27
4 7 9 11 12 14 15 16 18 19 21 23 26
3 4 8 11 13 14 15 16 17 19 22 26 27
1 5 7 11 12 13 15 17 18 19 23 25 29
4 8 9 10 13 14 15 16 17 20 21 22 26
3 8 10 11 13 14 15 16 17 19 20 22 27
4 8 9 10 12 13 15 17 18 20 21 22 26
5 7 9 10 11 12 15 18 19 20 21 23 25
4 5 10 12 13 14 15 16 17 18 20 25 26
5 8 9 10 11 13 15 17 19 20 21 22 25
3 4 7 11 13 14 15 16 17 19 23 26 27
4 7 8 9 12 14 15 16 18 21 22 23 26
3 4 6 7 11 13 15 17 19 23 24 26 27
4 8 9 10 11 12 15 18 19 20 21 22 26
3 4 7 10 11 14 15 16 19 20 23 26 27
5 8 9 10 12 13 15 17 18 20 21 22 25
4 6 8 10 12 14 15 16 18 20 22 24 26
2 4 8 10 12 14 15 16 18 20 22 26 28
1 6 7 11 12 13 15 17 18 19 23 24 29
2 4 6 8 12 14 15 16 18 22 24 26 28
4 5 7 8 9 11 15 19 21 22 23 25 26
4 5 6 7 8 11 15 19 22 23 24 25 26
5 10 11 12 13 14 15 16 17 18 19 20 25
2 3 4 7 11 13 15 17 19 23 26 27 28
5 8 9 10 11 12 15 18 19 20 21 22 25
3 4 9 11 12 14 15 16 18 19 21 26 27
6 7 8 9 12 13 15 17 18 21 22 23 24
4 6 9 10 11 12 15 18 19 20 21 24 26
3 4 5 9 12 14 15 16 18 21 25 26 27
2 6 8 11 13 14 15 16 17 19 22 24 28
4 5 6 9 11 13 15 17 19 21 24 25 26
4 6 7 10 11 13 15 17 19 20 23 24 26
5 6 8 10 11 14 15 16 19 20 22 24 25
5 6 7 10 12 13 15 17 18 20 23 24 25
4 6 7 8 10 11 15 19 20 22 23 24 26
3 7 8 9 11 13 15 17 19 21 22 23 27
3 4 5 6 7 11 15 19 23 24 25 26 27
3 4 5 7 9 11 15 19 21 23 25 26 27
3 7 8 10 12 13 15 17 18 20 22 23 27
4 6 9 10 11 14 15 16 19 20 21 24 26
3 5 6 9 12 14 15 16 18 21 24 25 27
3 6 9 11 12 13 15 17 18 19 21 24 27
3 6 9 11 12 14 15 16 18 19 21 24 27
3 5 6 9 12 13 15 17 18 21 24 25 27
3 6 9 12 13 14 15 16 17 18 21 24 27
4 7 8 9 11 14 15 16 19 21 22 23 26
2 4 7 11 12 13 15 17 18 19 23 26 28
4 6 7 8 11 14 15 16 19 22 23 24 26
3 6 10 12 13 14 15 16 17 18 20 24 27
5 6 8 9 10 13 15 17 20 21 22 24 25
5 6 7 9 10 13 15 17 20 21 23 24 25
3 4 5 10 12 14 15 16 18 20 25 26 27
2 4 5 7 11 13 15 17 19 23 25 26 28
4 5 7 8 11 14 15 16 19 22 23 25 26
3 6 7 8 9 13 15 17 21 22 23 24 27
3 4 6 11 12 14 15 16 18 19 24 26 27
3 7 8 9 10 12 15 18 20 21 22 23 27
2 5 7 8 11 13 15 17 19 22 23 25 28
2 5 7 8 13 14 15 16 17 22 23 25 28
2 4 7 9 11 13 15 17 19 21 23 26 28
2 4 6 7 11 13 15 17 19 23 24 26 28
4 7 8 11 12 14 15 16 18 19 22 23 26
3 4 7 8 11 14 15 16 19 22 23 26 27
3 5 9 12 13 14 15 16 17 18 21 25 27
2 6 8 9 13 14 15 16 17 21 22 24 28
4 6 7 8 9 13 15 17 21 22 23 24 26
2 7 8 9 11 13 15 17 19 21 22 23 28
2 6 7 8 11 13 15 17 19 22 23 24 28
2 7 8 9 13 14 15 16 17 21 22 23 28
2 6 7 8 13 14 15 16 17 22 23 24 28
3 5 7 8 9 12 15 18 21 22 23 25 27
5 7 8 11 12 14 15 16 18 19 22 23 25
5 7 8 9 11 14 15 16 19 21 22 23 25
2 5 6 11 13 14 15 16 17 19 24 25 28
3 5 11 12 13 14 15 16 17 18 19 25 27
4 5 11 12 13 14 15 16 17 18 19 25 26
3 6 9 11 13 14 15 16 17 19 21 24 27
3 6 11 12 13 14 15 16 17 18 19 24 27
4 5 6 9 11 12 15 18 19 21 24 25 26
3 4 7 11 12 14 15 16 18 19 23 26 27
3 4 8 11 12 14 15 16 18 19 22 26 27
3 4 5 7 8 12 15 18 22 23 25 26 27
5 6 9 10 11 14 15 16 19 20 21 24 25
4 5 9 10 11 14 15 16 19 20 21 25 26
5 7 8 10 12 13 15 17 18 20 22 23 25
4 5 6 10 11 14 15 16 19 20 24 25 26
1 7 11 12 13 14 15 16 17 18 19 23 29
7 8 9 10 12 14 15 16 18 20 21 22 23
4 7 8 9 10 11 15 19 20 21 22 23 26
3 6 9 10 12 13 15 17 18 20 21 24 27
3 6 9 10 12 14 15 16 18 20 21 24 27
2 5 8 12 13 14 15 16 17 18 22 25 28
3 5 7 8 13 14 15 16 17 22 23 25 27
3 4 7 8 13 14 15 16 17 22 23 26 27
2 4 9 11 12 14 15 16 18 19 21 26 28
4 5 6 9 12 14 15 16 18 21 24 25 26
3 6 8 9 11 14 15 16 19 21 22 24 27
3 6 9 10 13 14 15 16 17 20 21 24 27
4 6 7 10 11 14 15 16 19 20 23 24 26
2 4 6 8 9 14 15 16 21 22 24 26 28
2 6 8 12 13 14 15 16 17 18 22 24 28
4 6 10 11 12 14 15 16 18 19 20 24 26
3 6 7 9 10 13 15 17 20 21 23 24 27
3 4 8 10 12 14 15 16 18 20 22 26 27
3 4 7 10 11 13 15 17 19 20 23 26 27
2 6 8 10 13 14 15 16 17 20 22 24 28
2 5 7 11 13 14 15 16 17 19 23 25 28
4 6 8 9 10 14 15 16 20 21 22 24 26
4 6 7 8 10 12 15 18 20 22 23 24 26
2 8 10 12 13 14 15 16 17 18 20 22 28
4 5 7 8 12 13 15 17 18 22 23 25 26
5 6 8 9 11 14 15 16 19 21 22 24 25
5 6 7 8 12 13 15 17 18 22 23 24 25
3 6 7 8 11 13 15 17 19 22 23 24 27
3 4 10 12 13 14 15 16 17 18 20 26 27
3 4 10 11 13 14 15 16 17 19 20 26 27
3 4 7 8 10 13 15 17 20 22 23 26 27
3 6 8 9 11 12 15 18 19 21 22 24 27
3 6 8 9 12 14 15 16 18 21 22 24 27
5 7 8 9 11 13 15 17 19 21 22 23 25
5 7 8 9 11 12 15 18 19 21 22 23 25
3 4 7 10 11 12 15 18 19 20 23 26 27
6 8 9 11 12 14 15 16 18 19 21 22 24
3 4 6 8 9 14 15 16 21 22 24 26 27
4 8 11 12 13 14 15 16 17 18 19 22 26
4 8 9 11 12 14 15 16 18 19 21 22 26
4 6 7 8 13 14 15 16 17 22 23 24 26
6 7 8 9 10 14 15 16 20 21 22 23 24
4 7 8 9 10 12 15 18 20 21 22 23 26
5 6 9 11 12 14 15 16 18 19 21 24 25
7 8 9 10 13 14 15 16 17 20 21 22 23
2 6 7 11 13 14 15 16 17 19 23 24 28
5 8 10 11 12 13 15 17 18 19 20 22 25
4 8 9 10 11 13 15 17 19 20 21 22 26
1 5 7 10 11 13 15 17 19 20 23 25 29
4 7 11 12 13 14 15 16 17 18 19 23 26
4 6 7 10 11 12 15 18 19 20 23 24 26
4 6 7 11 12 14 15 16 18 19 23 24 26
2 4 7 9 10 11 15 19 20 21 23 26 28
6 7 8 11 13 14 15 16 17 19 22 23 24
5 7 9 10 11 14 15 16 19 20 21 23 25
2 6 10 11 13 14 15 16 17 19 20 24 28
7 8 9 10 11 14 15 16 19 20 21 22 23
4 7 8 9 10 13 15 17 20 21 22 23 26
4 7 10 11 12 14 15 16 18 19 20 23 26
3 4 8 10 11 14 15 16 19 20 22 26 27
4 5 8 9 10 14 15 16 20 21 22 25 26
5 8 9 10 11 14 15 16 19 20 21 22 25
2 8 9 11 13 14 15 16 17 19 21 22 28
4 5 9 10 13 14 15 16 17 20 21 25 26
2 4 8 9 13 14 15 16 17 21 22 26 28
5 7 9 10 12 13 15 17 18 20 21 23 25
4 5 7 11 13 14 15 16 17 19 23 25 26
3 4 7 11 12 13 15 17 18 19 23 26 27
3 4 7 8 12 13 15 17 18 22 23 26 27
3 4 10 11 12 14 15 16 18 19 20 26 27
4 6 7 8 9 14 15 16 21 22 23 24 26
6 7 8 9 10 13 15 17 20 21 22 23 24
2 6 9 11 13 14 15 16 17 19 21 24 28
5 6 7 8 10 12 15 18 20 22 23 24 25
5 7 8 9 10 12 15 18 20 21 22 23 25
4 6 7 8 11 12 15 18 19 22 23 24 26
1 5 7 11 13 14 15 16 17 19 23 25 29
5 6 10 11 12 14 15 16 18 19 20 24 25
2 3 7 11 13 14 15 16 17 19 23 27 28
2 4 6 9 11 14 15 16 19 21 24 26 28
5 6 7 9 11 14 15 16 19 21 23 24 25
6 7 8 9 11 14 15 16 19 21 22 23 24
4 7 8 11 12 13 15 17 18 19 22 23 26
3 4 7 8 11 13 15 17 19 22 23 26 27
2 4 7 8 11 12 15 18 19 22 23 26 28
2 4 9 11 13 14 15 16 17 19 21 26 28
4 6 7 9 11 12 15 18 19 21 23 24 26
5 7 8 10 11 13 15 17 19 20 22 23 25
4 5 10 11 13 14 15 16 17 19 20 25 26
4 8 10 11 13 14 15 16 17 19 20 22 26
3 4 6 7 11 12 15 18 19 23 24 26 27
4 7 8 10 11 13 15 17 19 20 22 23 26
2 4 10 11 13 14 15 16 17 19 20 26 28
4 5 7 8 10 13 15 17 20 22 23 25 26
2 5 8 10 13 14 15 16 17 20 22 25 28
3 4 7 8 10 11 15 19 20 22 23 26 27
4 7 8 10 11 12 15 18 19 20 22 23 26
6 7 8 10 11 12 15 18 19 20 22 23 24
3 7 9 10 12 13 15 17 18 20 21 23 27
6 7 9 10 12 14 15 16 18 20 21 23 24
2 3 6 7 8 13 15 17 22 23 24 27 28
5 7 8 9 10 14 15 16 20 21 22 23 25
2 3 7 8 10 13 15 17 20 22 23 27 28
2 7 8 10 12 13 15 17 18 20 22 23 28
5 6 7 8 10 14 15 16 20 22 23 24 25
2 3 7 8 12 13 15 17 18 22 23 27 28
5 6 7 8 9 10 15 20 21 22 23 24 25
4 6 7 8 9 11 15 19 21 22 23 24 26
2 8 10 11 13 14 15 16 17 19 20 22 28
2 9 10 11 13 14 15 16 17 19 20 21 28
3 6 7 8 9 12 15 18 21 22 23 24 27
3 4 6 9 12 14 15 16 18 21 24 26 27
3 6 7 9 12 13 15 17 18 21 23 24 27
4 5 7 8 10 11 15 19 20 22 23 25 26
2 4 7 8 11 13 15 17 19 22 23 26 28
6 7 8 10 11 14 15 16 19 20 22 23 24
4 5 7 10 13 14 15 16 17 20 23 25 26
5 7 8 10 11 14 15 16 19 20 22 23 25
2 6 7 8 12 13 15 17 18 22 23 24 28
4 5 7 8 10 14 15 16 20 22 23 25 26
6 7 9 10 12 13 15 17 18 20 21 23 24
2 6 7 10 11 13 15 17 19 20 23 24 28
4 7 8 12 13 14 15 16 17 18 22 23 26
3 6 8 9 10 14 15 16 20 21 22 24 27
3 4 9 10 12 14 15 16 18 20 21 26 27
4 6 8 9 11 12 15 18 19 21 22 24 26
4 5 6 10 13 14 15 16 17 20 24 25 26
3 4 5 6 10 14 15 16 20 24 25 26 27
2 6 7 8 9 13 15 17 21 22 23 24 28
2 4 7 8 13 14 15 16 17 22 23 26 28
4 5 6 9 10 14 15 16 20 21 24 25 26
4 5 6 9 10 11 15 19 20 21 24 25 26
3 4 7 8 11 12 15 18 19 22 23 26 27
3 4 7 9 11 12 15 18 19 21 23 26 27
3 6 7 8 9 14 15 16 21 22 23 24 27
4 5 7 8 9 12 15 18 21 22 23 25 26
4 7 8 9 11 12 15 18 19 21 22 23 26
3 4 5 7 8 10 15 20 22 23 25 26 27
5 7 8 10 11 12 15 18 19 20 22 23 25
4 6 9 10 11 13 15 17 19 20 21 24 26
6 7 8 9 12 14 15 16 18 21 22 23 24
4 5 6 7 11 12 15 18 19 23 24 25 26
3 5 7 9 12 14 15 16 18 21 23 25 27
2 5 9 11 13 14 15 16 17 19 21 25 28
2 6 7 11 12 13 15 17 18 19 23 24 28
4 6 10 11 13 14 15 16 17 19 20 24 26
3 5 8 9 12 13 15 17 18 21 22 25 27
6 7 9 10 13 14 15 16 17 20 21 23 24
6 7 9 10 11 13 15 17 19 20 21 23 24
4 7 8 10 12 13 15 17 18 20 22 23 26
4 5 6 11 12 14 15 16 18 19 24 25 26
3 4 7 12 13 14 15 16 17 18 23 26 27
7 8 9 10 11 13 15 17 19 20 21 22 23
4 5 9 11 13 14 15 16 17 19 21 25 26
4 6 7 11 12 13 15 17 18 19 23 24 26
2 4 7 9 11 14 15 16 19 21 23 26 28
3 4 6 10 11 14 15 16 19 20 24 26 27
4 6 9 10 13 14 15 16 17 20 21 24 26
2 4 7 10 11 13 15 17 19 20 23 26 28
4 7 8 10 11 14 15 16 19 20 22 23 26
2 7 9 11 13 14 15 16 17 19 21 23 28
2 7 11 12 13 14 15 16 17 18 19 23 28
6 8 9 10 11 14 15 16 19 20 21 22 24
3 4 6 9 10 14 15 16 20 21 24 26 27
4 6 7 8 12 13 15 17 18 22 23 24 26
3 4 8 12 13 14 15 16 17 18 22 26 27
2 4 5 9 11 14 15 16 19 21 25 26 28
4 5 7 10 11 14 15 16 19 20 23 25 26
4 5 8 10 11 14 15 16 19 20 22 25 26
3 4 7 8 10 12 15 18 20 22 23 26 27
2 4 7 11 13 14 15 16 17 19 23 26 28
2 4 8 11 13 14 15 16 17 19 22 26 28
4 5 7 9 11 14 15 16 19 21 23 25 26
4 5 8 10 12 14 15 16 18 20 22 25 26
5 6 7 8 11 14 15 16 19 22 23 24 25
3 4 6 8 12 14 15 16 18 22 24 26 27
5 6 10 11 12 13 15 17 18 19 20 24 25
4 5 8 9 10 13 15 17 20 21 22 25 26
4 5 6 8 11 14 15 16 19 22 24 25 26
3 4 5 8 11 14 15 16 19 22 25 26 27
4 6 8 11 12 14 15 16 18 19 22 24 26
4 6 8 9 12 14 15 16 18 21 22 24 26
4 6 8 10 11 14 15 16 19 20 22 24 26
4 5 8 9 11 13 15 17 19 21 22 25 26
4 6 8 9 12 13 15 17 18 21 22 24 26
5 6 8 10 12 14 15 16 18 20 22 24 25
4 6 7 8 12 14 15 16 18 22 23 24 26
2 4 8 11 12 14 15 16 18 19 22 26 28
3 4 6 10 12 14 15 16 18 20 24 26 27
2 4 8 12 13 14 15 16 17 18 22 26 28
4 8 10 11 12 14 15 16 18 19 20 22 26
6 8 9 10 12 14 15 16 18 20 21 22 24
4 6 8 9 10 12 15 18 20 21 22 24 26
4 6 7 8 10 14 15 16 20 22 23 24 26
4 7 8 10 12 14 15 16 18 20 22 23 26
2 4 5 8 10 14 15 16 20 22 25 26 28
2 4 8 10 13 14 15 16 17 20 22 26 28
4 5 6 8 10 14 15 16 20 22 24 25 26
6 7 8 10 12 14 15 16 18 20 22 23 24
4 6 9 10 12 14 15 16 18 20 21 24 26
3 6 7 10 12 13 15 17 18 20 23 24 27
4 5 6 10 12 14 15 16 18 20 24 25 26
3 5 7 8 10 13 15 17 20 22 23 25 27
3 5 7 10 12 13 15 17 18 20 23 25 27
3 7 8 10 13 14 15 16 17 20 22 23 27
3 5 6 9 10 12 15 18 20 21 24 25 27
2 5 7 8 10 13 15 17 20 22 23 25 28
