8 21 27 40
21 22 26 27
17 19 29 31
17 23 25 31
8 23 25 40
17 21 27 31
18 23 25 30
19 22 26 29
19 23 25 29
20 23 25 28
19 21 27 29
12 23 25 36
22 23 25 26
13 19 29 35
15 17 31 33
18 19 29 30
14 18 30 34
14 22 26 34
10 22 26 38
18 22 26 30
21 23 25 27
17 22 26 31
20 21 27 28
12 22 26 36
20 22 26 28
11 13 35 37
10 14 34 38
9 15 33 39
15 21 27 33
8 22 26 40
8 18 30 40
19 20 28 29
15 22 26 33
18 20 28 30
12 20 28 36
4 20 28 44
18 21 27 30
12 21 27 36
6 18 30 42
8 12 36 40
16 20 28 32
16 22 26 32
16 23 25 32
16 18 30 32
16 21 27 32
12 16 32 36
14 20 28 34
15 18 30 33
14 17 31 34
12 18 30 36
8 20 28 40
8 16 32 40
