11 12 13 14 15 16 17 18 19 20
10 12 13 14 15 16 17 18 19 21
10 11 13 14 15 16 17 18 20 21
10 11 12 14 15 16 17 19 20 21
10 11 12 13 15 16 18 19 20 21
10 11 12 13 14 17 18 19 20 21
9 12 13 14 15 16 17 18 19 22
9 10 13 14 15 16 17 18 21 22
8 11 13 14 15 16 17 18 20 23
8 12 13 14 15 16 17 18 19 23
9 11 12 14 15 16 17 19 20 22
8 10 12 14 15 16 17 19 21 23
9 11 13 14 15 16 17 18 20 22
9 11 12 13 15 16 18 19 20 22
7 12 13 14 15 16 17 18 19 24
9 11 12 13 14 17 18 19 20 22
7 11 12 14 15 16 17 19 20 24
9 10 11 14 15 16 17 20 21 22
6 10 12 13 14 17 18 19 21 25
8 11 12 13 14 17 18 19 20 23
8 10 12 13 14 17 18 19 21 23
6 11 13 14 15 16 17 18 20 25
6 10 13 14 15 16 17 18 21 25
6 11 12 13 15 16 18 19 20 25
6 12 13 14 15 16 17 18 19 25
9 10 12 13 15 16 18 19 21 22
9 10 12 13 14 17 18 19 21 22
8 10 13 14 15 16 17 18 21 23
8 9 12 13 14 17 18 19 22 23
8 11 12 14 15 16 17 19 20 23
8 11 12 13 15 16 18 19 20 23
8 10 12 13 15 16 18 19 21 23
6 11 12 14 15 16 17 19 20 25
8 10 11 14 15 16 17 20 21 23
9 10 12 14 15 16 17 19 21 22
7 10 13 14 15 16 17 18 21 24
8 10 11 13 14 17 18 20 21 23
6 10 11 13 15 16 18 20 21 25
7 9 10 13 15 16 18 21 22 24
8 9 12 14 15 16 17 19 22 23
7 8 11 13 14 17 18 20 23 24
7 11 13 14 15 16 17 18 20 24
6 9 13 14 15 16 17 18 22 25
7 10 11 14 15 16 17 20 21 24
7 8 13 14 15 16 17 18 23 24
7 8 11 14 15 16 17 20 23 24
8 9 12 13 15 16 18 19 22 23
8 9 13 14 15 16 17 18 22 23
6 7 11 13 15 16 18 20 24 25
6 7 8 11 13 18 20 23 24 25
6 8 9 10 14 17 21 22 23 25
5 6 7 9 15 16 22 24 25 26
6 9 10 14 15 16 17 21 22 25
6 8 11 13 14 17 18 20 23 25
5 6 7 11 15 16 20 24 25 26
7 9 13 14 15 16 17 18 22 24
8 10 11 13 15 16 18 20 21 23
8 9 11 12 15 16 19 20 22 23
7 9 10 12 13 18 19 21 22 24
9 10 11 13 15 16 18 20 21 22
6 9 10 11 13 18 20 21 22 25
9 10 11 13 14 17 18 20 21 22
6 10 11 13 14 17 18 20 21 25
6 7 8 9 13 18 22 23 24 25
6 9 10 11 14 17 20 21 22 25
9 10 11 12 15 16 19 20 21 22
9 10 11 12 14 17 19 20 21 22
9 10 11 12 13 18 19 20 21 22
7 8 9 10 13 18 21 22 23 24
7 10 11 13 15 16 18 20 21 24
8 9 10 11 15 16 20 21 22 23
8 9 11 13 15 16 18 20 22 23
5 7 8 9 15 16 22 23 24 26
7 8 9 10 15 16 21 22 23 24
4 9 13 14 15 16 17 18 22 27
7 8 9 11 13 18 20 22 23 24
8 9 10 12 15 16 19 21 22 23
7 8 10 12 13 18 19 21 23 24
6 7 8 12 13 18 19 23 24 25
5 10 11 12 15 16 19 20 21 26
6 9 10 13 15 16 18 21 22 25
6 8 11 14 15 16 17 20 23 25
5 8 10 12 13 18 19 21 23 26
6 8 9 13 14 17 18 22 23 25
6 8 9 12 14 17 19 22 23 25
8 10 11 12 13 18 19 20 21 23
7 8 11 12 14 17 19 20 23 24
6 10 11 14 15 16 17 20 21 25
7 8 11 12 15 16 19 20 23 24
8 9 11 12 14 17 19 20 22 23
8 9 10 11 12 19 20 21 22 23
6 7 12 13 14 17 18 19 24 25
6 7 10 12 13 18 19 21 24 25
6 7 12 13 15 16 18 19 24 25
6 9 11 13 14 17 18 20 22 25
8 9 11 12 13 18 19 20 22 23
6 7 8 10 13 18 21 23 24 25
8 9 10 13 14 17 18 21 22 23
6 9 11 14 15 16 17 20 22 25
7 8 11 12 13 18 19 20 23 24
7 8 10 11 13 18 20 21 23 24
8 9 10 12 13 18 19 21 22 23
7 9 10 12 15 16 19 21 22 24
6 9 10 12 13 18 19 21 22 25
5 7 10 14 15 16 17 21 24 26
6 7 10 13 15 16 18 21 24 25
5 6 9 14 15 16 17 22 25 26
7 10 11 13 14 17 18 20 21 24
5 6 8 11 14 17 20 23 25 26
6 8 10 13 14 17 18 21 23 25
6 9 10 12 15 16 19 21 22 25
6 8 9 11 14 17 20 22 23 25
5 6 8 9 14 17 22 23 25 26
5 6 11 14 15 16 17 20 25 26
5 8 9 12 14 17 19 22 23 26
6 7 9 10 15 16 21 22 24 25
7 8 10 14 15 16 17 21 23 24
7 9 10 13 14 17 18 21 22 24
7 8 10 11 15 16 20 21 23 24
7 9 10 11 14 17 20 21 22 24
7 9 10 12 14 17 19 21 22 24
6 7 11 13 14 17 18 20 24 25
6 8 9 14 15 16 17 22 23 25
6 8 11 12 14 17 19 20 23 25
5 9 10 12 14 17 19 21 22 26
6 7 9 13 15 16 18 22 24 25
7 10 12 14 15 16 17 19 21 24
7 10 12 13 14 17 18 19 21 24
7 11 12 13 15 16 18 19 20 24
6 9 10 12 14 17 19 21 22 25
7 11 12 13 14 17 18 19 20 24
7 9 12 14 15 16 17 19 22 24
6 8 9 10 13 18 21 22 23 25
5 10 13 14 15 16 17 18 21 26
7 8 10 12 14 17 19 21 23 24
8 10 11 12 14 17 19 20 21 23
8 9 11 13 14 17 18 20 22 23
7 8 12 14 15 16 17 19 23 24
8 10 11 12 15 16 19 20 21 23
6 9 11 12 15 16 19 20 22 25
6 10 11 12 14 17 19 20 21 25
8 9 11 14 15 16 17 20 22 23
7 9 11 14 15 16 17 20 22 24
8 9 10 13 15 16 18 21 22 23
7 8 10 12 15 16 19 21 23 24
7 8 12 13 15 16 18 19 23 24
6 9 12 13 14 17 18 19 22 25
7 9 12 13 15 16 18 19 22 24
7 10 11 12 14 17 19 20 21 24
6 7 8 9 15 16 22 23 24 25
7 8 9 13 15 16 18 22 23 24
4 10 11 12 15 16 19 20 21 27
5 6 9 12 14 17 19 22 25 26
6 8 10 11 14 17 20 21 23 25
8 9 10 11 13 18 20 21 22 23
7 9 11 13 14 17 18 20 22 24
6 7 10 11 13 18 20 21 24 25
6 7 9 11 13 18 20 22 24 25
6 7 8 12 14 17 19 23 24 25
6 7 11 12 13 18 19 20 24 25
6 7 10 12 14 17 19 21 24 25
5 6 9 10 15 16 21 22 25 26
8 9 10 12 14 17 19 21 22 23
5 8 11 12 14 17 19 20 23 26
6 10 12 13 15 16 18 19 21 25
7 8 11 13 15 16 18 20 23 24
7 8 9 14 15 16 17 22 23 24
5 8 10 13 15 16 18 21 23 26
5 6 10 11 15 16 20 21 25 26
5 8 9 13 14 17 18 22 23 26
6 9 10 11 15 16 20 21 22 25
7 8 10 13 15 16 18 21 23 24
6 11 12 13 14 17 18 19 20 25
6 8 12 13 14 17 18 19 23 25
6 8 11 12 13 18 19 20 23 25
7 9 10 14 15 16 17 21 22 24
5 8 12 13 14 17 18 19 23 26
6 7 8 10 14 17 21 23 24 25
7 8 9 10 14 17 21 22 23 24
6 7 10 14 15 16 17 21 24 25
6 8 10 12 13 18 19 21 23 25
7 8 10 13 14 17 18 21 23 24
6 7 10 11 14 17 20 21 24 25
8 9 10 11 14 17 20 21 22 23
7 9 10 11 15 16 20 21 22 24
6 7 8 9 14 17 22 23 24 25
5 7 8 9 14 17 22 23 24 26
6 7 8 11 14 17 20 23 24 25
6 8 9 10 15 16 21 22 23 25
7 8 9 12 15 16 19 22 23 24
5 10 11 13 15 16 18 20 21 26
5 6 10 13 15 16 18 21 25 26
7 9 10 11 13 18 20 21 22 24
6 9 11 12 13 18 19 20 22 25
6 7 9 12 13 18 19 22 24 25
7 9 11 12 15 16 19 20 22 24
7 10 11 12 13 18 19 20 21 24
7 8 9 11 14 17 20 22 23 24
7 9 11 12 13 18 19 20 22 24
7 8 9 11 15 16 20 22 23 24
5 9 10 11 13 18 20 21 22 26
