9 13 17 21 25 29 33 37
13 15 17 19 27 29 31 33
9 15 19 21 25 27 31 37
15 17 19 21 25 27 29 31
7 13 15 19 27 31 33 39
9 11 13 19 27 33 35 37
9 11 17 19 27 29 35 37
7 15 17 19 27 29 31 39
11 15 19 21 25 27 31 35
11 17 19 21 25 27 29 35
13 15 17 21 25 29 31 33
13 15 19 21 25 27 31 33
13 17 19 21 25 27 29 33
11 13 15 19 27 31 33 35
9 11 15 19 27 31 35 37
9 13 15 21 25 31 33 37
7 13 19 21 25 27 33 39
9 17 19 21 25 27 29 37
11 13 19 21 25 27 33 35
9 11 13 17 29 33 35 37
11 13 15 17 29 31 33 35
11 15 17 19 27 29 31 35
9 13 19 21 25 27 33 37
7 11 15 17 29 31 35 39
7 15 19 21 25 27 31 39
11 13 17 21 25 29 33 35
11 13 15 21 25 31 33 35
9 15 17 19 27 29 31 37
11 13 17 19 27 29 33 35
11 15 17 21 25 29 31 35
10 11 12 13 33 34 35 36
19 20 21 22 24 25 26 27
18 20 21 22 24 25 26 28
9 11 12 13 33 34 35 37
9 14 15 20 26 31 32 37
10 13 16 19 27 30 33 36
18 19 20 21 25 26 27 28
18 19 21 22 24 25 27 28
9 10 11 13 33 35 36 37
11 12 13 14 32 33 34 35
10 12 13 14 32 33 34 36
10 11 12 14 32 34 35 36
11 12 19 20 26 27 34 35
10 13 17 21 25 29 33 36
9 10 11 14 32 35 36 37
11 12 16 21 25 30 34 35
9 10 12 14 32 34 36 37
17 20 21 22 24 25 26 29
17 18 20 22 24 26 28 29
17 18 20 21 25 26 28 29
17 18 19 22 24 27 28 29
17 18 19 20 26 27 28 29
17 19 20 22 24 26 27 29
17 19 20 21 25 26 27 29
17 19 21 22 24 25 27 29
17 18 19 21 25 27 28 29
18 19 20 22 24 26 27 28
8 11 12 13 33 34 35 38
10 11 12 15 31 34 35 36
16 20 21 22 24 25 26 30
13 16 19 22 24 27 30 33
11 12 14 15 31 32 34 35
8 11 12 14 32 34 35 38
16 18 20 21 25 26 28 30
10 16 19 22 24 27 30 36
11 12 18 20 26 28 34 35
10 13 14 15 31 32 33 36
11 12 16 20 26 30 34 35
9 11 14 15 31 32 35 37
9 12 14 15 31 32 34 37
17 18 21 22 24 25 28 29
16 19 20 21 25 26 27 30
16 18 19 21 25 27 28 30
16 17 20 22 24 26 29 30
16 19 20 22 24 26 27 30
16 18 19 20 26 27 28 30
16 17 21 22 24 25 29 30
16 17 19 22 24 27 29 30
11 12 13 15 31 33 34 35
10 13 16 22 24 30 33 36
8 12 15 21 25 31 34 38
9 14 15 21 25 31 32 37
13 14 17 21 25 29 32 33
12 15 18 21 25 28 31 34
10 13 14 21 25 32 33 36
8 12 15 18 28 31 34 38
9 10 14 15 31 32 36 37
8 9 10 14 32 36 37 38
11 12 15 18 28 31 34 35
9 11 12 15 31 34 35 37
10 13 19 22 24 27 33 36
11 15 18 21 25 28 31 35
11 12 18 19 27 28 34 35
14 15 20 21 25 26 31 32
10 13 15 22 24 31 33 36
9 10 13 14 32 33 36 37
8 11 12 15 31 34 35 38
8 10 14 15 31 32 36 38
9 10 14 17 29 32 36 37
10 11 13 15 31 33 35 36
10 12 13 15 31 33 34 36
11 12 15 21 25 31 34 35
10 13 17 22 24 29 33 36
10 13 15 17 29 31 33 36
11 12 18 21 25 28 34 35
9 10 14 21 25 32 36 37
8 12 14 15 31 32 34 38
10 12 14 15 31 32 34 36
11 13 14 15 31 32 33 35
16 19 21 22 24 25 27 30
15 17 20 21 25 26 29 31
15 17 19 20 26 27 29 31
15 18 19 20 26 27 28 31
11 18 19 20 26 27 28 35
12 18 19 20 26 27 28 34
16 18 19 22 24 27 28 30
15 20 21 22 24 25 26 31
15 17 21 22 24 25 29 31
15 18 20 22 24 26 28 31
15 18 20 21 25 26 28 31
15 19 21 22 24 25 27 31
15 19 20 22 24 26 27 31
15 18 19 21 25 27 28 31
15 17 18 22 24 28 29 31
15 17 18 21 25 28 29 31
15 17 18 20 26 28 29 31
15 17 19 22 24 27 29 31
16 18 21 22 24 25 28 30
15 18 19 22 24 27 28 31
10 13 19 21 25 27 33 36
8 11 12 18 28 34 35 38
14 17 19 22 24 27 29 32
9 13 14 15 31 32 33 37
11 12 20 21 25 26 34 35
14 17 20 22 24 26 29 32
14 19 21 22 24 25 27 32
13 15 17 22 24 29 31 33
9 14 17 21 25 29 32 37
13 16 21 22 24 25 30 33
13 16 19 21 25 27 30 33
9 11 12 14 32 34 35 37
11 16 17 21 25 29 30 35
11 12 13 19 27 33 34 35
9 14 19 20 26 27 32 37
11 14 17 19 27 29 32 35
11 13 18 19 27 28 33 35
11 16 17 20 26 29 30 35
16 17 18 21 25 28 29 30
9 11 12 16 30 34 35 37
14 19 20 21 25 26 27 32
10 16 21 22 24 25 30 36
10 12 13 19 27 33 34 36
11 12 14 19 27 32 34 35
10 11 13 19 27 33 35 36
9 14 20 22 24 26 32 37
11 17 20 21 25 26 29 35
15 19 20 21 25 26 27 31
13 18 19 21 25 27 28 33
12 19 20 21 25 26 27 34
14 17 19 20 26 27 29 32
13 19 21 22 24 25 27 33
14 15 21 22 24 25 31 32
13 17 21 22 24 25 29 33
13 17 19 22 24 27 29 33
15 17 18 19 27 28 29 31
13 18 19 22 24 27 28 33
14 15 19 22 24 27 31 32
16 17 19 20 26 27 29 30
16 17 18 22 24 28 29 30
14 17 20 21 25 26 29 32
14 15 19 20 26 27 31 32
9 14 15 19 27 31 32 37
14 17 21 22 24 25 29 32
13 16 18 22 24 28 30 33
13 15 19 22 24 27 31 33
10 13 15 19 27 31 33 36
9 14 21 22 24 25 32 37
16 17 20 21 25 26 29 30
12 18 19 21 25 27 28 34
11 17 19 20 26 27 29 35
10 13 16 21 25 30 33 36
14 20 21 22 24 25 26 32
13 14 17 22 24 29 32 33
13 16 18 19 27 28 30 33
11 18 19 21 25 27 28 35
11 19 20 21 25 26 27 35
11 12 19 21 25 27 34 35
7 13 16 18 28 30 33 39
16 17 18 20 26 28 29 30
12 16 20 21 25 26 30 34
14 19 20 22 24 26 27 32
15 17 20 22 24 26 29 31
11 12 13 16 30 33 34 35
9 10 13 16 30 33 36 37
12 15 20 21 25 26 31 34
12 18 20 21 25 26 28 34
14 15 19 21 25 27 31 32
14 15 20 22 24 26 31 32
14 17 19 21 25 27 29 32
11 14 19 20 26 27 32 35
13 17 18 19 27 28 29 33
10 17 21 22 24 25 29 36
13 18 21 22 24 25 28 33
9 17 21 22 24 25 29 37
9 11 14 19 27 32 35 37
9 14 19 21 25 27 32 37
11 12 13 18 28 33 34 35
15 18 21 22 24 25 28 31
16 17 19 21 25 27 29 30
10 12 13 16 30 33 34 36
10 11 13 16 30 33 35 36
16 17 18 19 27 28 29 30
13 17 18 21 25 28 29 33
10 13 21 22 24 25 33 36
9 11 14 17 29 32 35 37
10 11 12 16 30 34 35 36
9 10 12 16 30 34 36 37
16 18 20 22 24 26 28 30
15 16 20 22 24 26 30 31
15 16 19 21 25 27 30 31
15 16 18 22 24 28 30 31
15 16 17 20 26 29 30 31
15 16 18 20 26 28 30 31
15 16 18 21 25 28 30 31
11 12 16 17 29 30 34 35
11 12 17 21 25 29 34 35
8 14 15 19 27 31 32 38
14 18 19 22 24 27 28 32
9 11 14 22 24 32 35 37
12 16 17 20 26 29 30 34
12 13 18 20 26 28 33 34
11 14 17 22 24 29 32 35
11 12 14 16 30 32 34 35
10 13 18 21 25 28 33 36
9 10 14 16 30 32 36 37
10 13 17 18 28 29 33 36
10 12 15 16 30 31 34 36
13 15 20 22 24 26 31 33
13 17 18 20 26 28 29 33
11 13 15 16 30 31 33 35
9 12 14 16 30 32 34 37
12 14 17 19 27 29 32 34
12 15 18 22 24 28 31 34
14 16 21 22 24 25 30 32
13 17 20 21 25 26 29 33
13 18 20 21 25 26 28 33
13 15 19 20 26 27 31 33
15 16 17 19 27 29 30 31
13 20 21 22 24 25 26 33
14 16 17 21 25 29 30 32
15 16 17 21 25 29 30 31
14 17 18 22 24 28 29 32
15 16 19 20 26 27 30 31
13 19 20 22 24 26 27 33
13 14 16 22 24 30 32 33
11 13 19 20 26 27 33 35
7 15 16 17 29 30 31 39
10 16 18 19 27 28 30 36
9 14 16 22 24 30 32 37
9 11 12 17 29 34 35 37
11 12 17 19 27 29 34 35
8 15 18 19 27 28 31 38
10 11 13 18 28 33 35 36
10 12 13 18 28 33 34 36
10 18 21 22 24 25 28 36
10 13 18 22 24 28 33 36
9 14 16 17 29 30 32 37
8 11 12 17 29 34 35 38
9 18 20 22 24 26 28 37
12 15 16 21 25 30 31 34
10 15 20 22 24 26 31 36
11 17 19 22 24 27 29 35
11 15 21 22 24 25 31 35
14 16 19 20 26 27 30 32
11 18 21 22 24 25 28 35
15 16 17 22 24 29 30 31
11 19 21 22 24 25 27 35
13 17 19 20 26 27 29 33
11 17 20 22 24 26 29 35
13 15 16 22 24 30 31 33
13 16 20 22 24 26 30 33
12 17 19 21 25 27 29 34
12 14 17 21 25 29 32 34
13 14 17 20 26 29 32 33
14 16 20 21 25 26 30 32
12 16 19 22 24 27 30 34
10 14 20 21 25 26 32 36
15 16 17 18 28 29 30 31
13 14 18 22 24 28 32 33
13 14 16 21 25 30 32 33
14 18 21 22 24 25 28 32
13 15 17 20 26 29 31 33
14 16 19 22 24 27 30 32
12 16 17 21 25 29 30 34
13 14 20 21 25 26 32 33
10 18 19 21 25 27 28 36
10 12 19 20 26 27 34 36
14 18 20 21 25 26 28 32
11 13 14 16 30 32 33 35
12 14 18 21 25 28 32 34
10 16 18 21 25 28 30 36
14 16 17 22 24 29 30 32
12 16 17 19 27 29 30 34
14 16 17 20 26 29 30 32
14 15 18 22 24 28 31 32
9 18 21 22 24 25 28 37
9 10 14 20 26 32 36 37
13 19 20 21 25 26 27 33
13 18 20 22 24 26 28 33
12 18 21 22 24 25 28 34
11 12 15 16 30 31 34 35
8 11 12 16 30 34 35 38
12 14 19 22 24 27 32 34
12 19 21 22 24 25 27 34
11 14 16 20 26 30 32 35
11 14 16 17 29 30 32 35
14 18 20 22 24 26 28 32
10 13 15 16 30 31 33 36
10 11 12 18 28 34 35 36
11 14 20 22 24 26 32 35
12 13 15 20 26 31 33 34
15 16 21 22 24 25 30 31
15 16 19 22 24 27 30 31
8 15 19 21 25 27 31 38
11 12 17 20 26 29 34 35
14 18 19 21 25 27 28 32
14 16 19 21 25 27 30 32
14 15 18 20 26 28 31 32
12 17 20 21 25 26 29 34
13 16 20 21 25 26 30 33
14 18 19 20 26 27 28 32
15 16 20 21 25 26 30 31
11 15 16 21 25 30 31 35
12 13 15 17 29 31 33 34
12 14 15 18 28 31 32 34
15 16 18 19 27 28 30 31
11 12 14 17 29 32 34 35
10 13 18 19 27 28 33 36
11 12 13 17 29 33 34 35
10 11 12 17 29 34 35 36
11 12 15 17 29 31 34 35
12 17 18 21 25 28 29 34
11 16 21 22 24 25 30 35
12 15 17 21 25 29 31 34
12 15 16 20 26 30 31 34
13 16 18 20 26 28 30 33
11 17 21 22 24 25 29 35
13 14 20 22 24 26 32 33
11 19 20 22 24 26 27 35
14 17 18 20 26 28 29 32
12 17 19 20 26 27 29 34
12 20 21 22 24 25 26 34
12 14 18 19 27 28 32 34
11 14 18 20 26 28 32 35
13 14 15 20 26 31 32 33
13 14 18 21 25 28 32 33
9 14 16 19 27 30 32 37
10 13 16 18 28 30 33 36
13 17 20 22 24 26 29 33
14 16 17 19 27 29 30 32
14 17 18 21 25 28 29 32
11 16 20 22 24 26 30 35
13 15 16 19 27 30 31 33
11 12 13 20 26 33 34 35
10 17 20 22 24 26 29 36
10 13 14 16 30 32 33 36
12 16 21 22 24 25 30 34
11 13 14 18 28 32 33 35
13 15 16 21 25 30 31 33
13 14 17 18 28 29 32 33
13 15 20 21 25 26 31 33
13 18 19 20 26 27 28 33
14 15 18 21 25 28 31 32
10 15 16 19 27 30 31 36
11 18 20 22 24 26 28 35
10 12 13 17 29 33 34 36
11 12 14 18 28 32 34 35
9 11 12 18 28 34 35 37
14 17 18 19 27 28 29 32
12 15 20 22 24 26 31 34
12 19 20 22 24 26 27 34
14 16 20 22 24 26 30 32
12 16 20 22 24 26 30 34
12 18 20 22 24 26 28 34
10 14 17 18 28 29 32 36
11 14 15 16 30 31 32 35
10 14 15 16 30 31 32 36
12 14 17 22 24 29 32 34
13 14 15 16 30 31 32 33
14 16 18 22 24 28 30 32
14 16 18 20 26 28 30 32
10 18 20 22 24 26 28 36
14 16 18 21 25 28 30 32
14 15 16 21 25 30 31 32
14 15 16 19 27 30 31 32
14 15 16 22 24 30 31 32
12 17 21 22 24 25 29 34
14 16 17 18 28 29 30 32
12 16 17 22 24 29 30 34
13 14 16 18 28 30 32 33
11 14 16 18 28 30 32 35
14 15 16 20 26 30 31 32
10 18 19 20 26 27 28 36
12 17 20 22 24 26 29 34
12 15 17 22 24 29 31 34
14 16 18 19 27 28 30 32
9 14 15 16 30 31 32 37
10 13 14 18 28 32 33 36
7 9 13 16 30 33 37 39
13 15 17 18 28 29 31 33
13 16 17 22 24 29 30 33
13 15 18 19 27 28 31 33
13 16 17 18 28 29 30 33
14 15 17 22 24 29 31 32
11 16 18 19 27 28 30 35
10 14 15 17 29 31 32 36
12 16 18 19 27 28 30 34
11 17 18 19 27 28 29 35
10 14 15 21 25 31 32 36
12 13 15 19 27 31 33 34
10 15 17 19 27 29 31 36
10 14 17 22 24 29 32 36
10 11 16 21 25 30 35 36
11 13 14 19 27 32 33 35
9 13 21 22 24 25 33 37
7 9 11 16 30 35 37 39
12 14 15 19 27 31 32 34
10 11 13 21 25 33 35 36
10 12 15 19 27 31 34 36
9 15 21 22 24 25 31 37
9 16 21 22 24 25 30 37
11 17 18 20 26 28 29 35
13 14 19 21 25 27 32 33
14 15 17 19 27 29 31 32
13 15 18 21 25 28 31 33
12 15 19 20 26 27 31 34
14 15 17 21 25 29 31 32
11 17 18 21 25 28 29 35
9 16 19 21 25 27 30 37
12 16 18 21 25 28 30 34
9 14 15 22 24 31 32 37
13 14 15 17 29 31 32 33
13 14 19 22 24 27 32 33
13 16 17 19 27 29 30 33
12 15 19 21 25 27 31 34
8 10 13 21 25 33 36 38
11 14 15 17 29 31 32 35
10 17 19 22 24 27 29 36
12 13 19 21 25 27 33 34
10 12 13 21 25 33 34 36
12 14 19 20 26 27 32 34
11 14 15 21 25 31 32 35
11 12 15 19 27 31 34 35
9 14 17 20 26 29 32 37
13 16 17 21 25 29 30 33
7 9 12 16 30 34 37 39
9 10 13 22 24 33 36 37
9 14 15 17 29 31 32 37
11 12 15 20 26 31 34 35
10 13 14 22 24 32 33 36
8 13 21 22 24 25 33 38
12 13 15 18 28 31 33 34
12 13 18 21 25 28 33 34
11 12 16 18 28 30 34 35
13 14 15 19 27 31 32 33
11 13 14 21 25 32 33 35
11 14 20 21 25 26 32 35
11 14 17 21 25 29 32 35
10 15 19 21 25 27 31 36
11 15 17 20 26 29 31 35
11 13 17 18 28 29 33 35
10 15 21 22 24 25 31 36
9 10 14 19 27 32 36 37
10 13 16 17 29 30 33 36
8 14 15 22 24 31 32 38
10 13 15 21 25 31 33 36
9 12 14 21 25 32 34 37
7 8 9 15 31 37 38 39
10 13 14 19 27 32 33 36
12 13 16 18 28 30 33 34
13 14 17 19 27 29 32 33
14 15 17 20 26 29 31 32
9 15 18 19 27 28 31 37
11 13 15 22 24 31 33 35
10 16 20 22 24 26 30 36
10 12 16 22 24 30 34 36
7 9 16 22 24 30 37 39
7 9 10 16 30 36 37 39
12 15 18 19 27 28 31 34
9 17 20 22 24 26 29 37
10 13 17 19 27 29 33 36
10 11 17 21 25 29 35 36
9 12 14 20 26 32 34 37
8 17 20 21 25 26 29 38
6 10 11 17 29 35 36 40
12 13 16 21 25 30 33 34
11 12 16 19 27 30 34 35
9 17 19 20 26 27 29 37
11 14 15 20 26 31 32 35
12 16 18 20 26 28 30 34
8 18 20 22 24 26 28 38
12 14 15 17 29 31 32 34
13 15 16 18 28 30 31 33
11 15 16 20 26 30 31 35
12 16 18 22 24 28 30 34
12 14 18 20 26 28 32 34
11 12 14 22 24 32 34 35
10 13 19 20 26 27 33 36
13 15 16 20 26 30 31 33
7 8 13 15 31 33 38 39
7 9 16 20 26 30 37 39
7 9 16 17 29 30 37 39
7 8 15 20 26 31 38 39
13 15 18 22 24 28 31 33
10 14 21 22 24 25 32 36
9 10 14 22 24 32 36 37
11 15 18 20 26 28 31 35
7 9 16 19 27 30 37 39
11 15 20 21 25 26 31 35
11 16 19 20 26 27 30 35
8 14 21 22 24 25 32 38
11 13 15 18 28 31 33 35
7 17 21 22 24 25 29 39
11 13 16 19 27 30 33 35
11 12 13 21 25 33 34 35
11 16 19 21 25 27 30 35
9 11 16 19 27 30 35 37
9 10 13 19 27 33 36 37
11 12 14 20 26 32 34 35
11 15 19 20 26 27 31 35
11 13 16 22 24 30 33 35
9 10 16 20 26 30 36 37
10 12 15 22 24 31 34 36
7 8 11 15 31 35 38 39
9 10 15 19 27 31 36 37
11 14 19 21 25 27 32 35
8 14 15 17 29 31 32 38
11 12 14 21 25 32 34 35
9 10 16 19 27 30 36 37
12 14 20 21 25 26 32 34
12 14 15 20 26 31 32 34
11 16 17 19 27 29 30 35
10 11 17 19 27 29 35 36
10 11 16 19 27 30 35 36
8 17 18 20 26 28 29 38
11 13 16 17 29 30 33 35
11 13 21 22 24 25 33 35
11 13 17 22 24 29 33 35
11 13 19 22 24 27 33 35
10 16 17 20 26 29 30 36
8 11 15 19 27 31 35 38
8 10 13 18 28 33 36 38
8 11 18 19 27 28 35 38
10 16 20 21 25 26 30 36
10 11 13 22 24 33 35 36
10 12 13 22 24 33 34 36
10 12 19 22 24 27 34 36
9 18 19 21 25 27 28 37
9 11 18 19 27 28 35 37
11 13 18 22 24 28 33 35
9 16 18 19 27 28 30 37
9 18 19 20 26 27 28 37
10 12 16 20 26 30 34 36
10 16 19 20 26 27 30 36
11 13 14 22 24 32 33 35
13 14 19 20 26 27 32 33
10 14 20 22 24 26 32 36
13 16 17 20 26 29 30 33
13 14 18 19 27 28 32 33
12 15 16 19 27 30 31 34
13 15 18 20 26 28 31 33
7 9 16 18 28 30 37 39
14 15 17 18 28 29 31 32
11 14 21 22 24 25 32 35
10 13 15 18 28 31 33 36
11 12 17 18 28 29 34 35
10 15 16 21 25 30 31 36
11 16 19 22 24 27 30 35
11 14 18 21 25 28 32 35
11 14 16 19 27 30 32 35
12 13 16 17 29 30 33 34
13 14 16 17 29 30 32 33
12 13 20 21 25 26 33 34
11 15 20 22 24 26 31 35
12 15 19 22 24 27 31 34
12 14 20 22 24 26 32 34
10 17 19 20 26 27 29 36
12 14 18 22 24 28 32 34
11 13 20 22 24 26 33 35
10 14 16 20 26 30 32 36
12 15 16 22 24 30 31 34
12 15 16 17 29 30 31 34
12 13 17 20 26 29 33 34
13 14 16 20 26 30 32 33
12 14 16 17 29 30 32 34
8 12 13 21 25 33 34 38
7 9 16 21 25 30 37 39
7 8 15 22 24 31 38 39
8 12 14 20 26 32 34 38
10 11 15 21 25 31 35 36
7 15 17 22 24 29 31 39
9 10 17 19 27 29 36 37
8 13 17 21 25 29 33 38
9 12 16 21 25 30 34 37
9 11 17 20 26 29 35 37
7 12 15 19 27 31 34 39
13 14 18 20 26 28 32 33
11 14 16 22 24 30 32 35
12 13 20 22 24 26 33 34
10 11 14 21 25 32 35 36
9 12 13 21 25 33 34 37
8 12 18 20 26 28 34 38
7 9 14 16 30 32 37 39
10 12 13 20 26 33 34 36
11 12 20 22 24 26 34 35
11 12 21 22 24 25 34 35
11 12 15 22 24 31 34 35
10 13 20 22 24 26 33 36
11 12 16 22 24 30 34 35
10 13 20 21 25 26 33 36
11 12 18 22 24 28 34 35
9 14 15 18 28 31 32 37
10 13 15 20 26 31 33 36
11 12 19 22 24 27 34 35
9 10 14 18 28 32 36 37
10 14 18 20 26 28 32 36
14 15 16 18 28 30 31 32
10 12 14 22 24 32 34 36
7 9 15 16 30 31 37 39
7 8 9 16 30 37 38 39
12 13 17 21 25 29 33 34
14 15 16 17 29 30 31 32
12 14 16 18 28 30 32 34
9 11 13 22 24 33 35 37
8 14 16 22 24 30 32 38
9 10 18 19 27 28 36 37
12 15 16 18 28 30 31 34
10 16 18 20 26 28 30 36
12 13 14 20 26 32 33 34
13 14 16 19 27 30 32 33
11 15 16 19 27 30 31 35
12 14 17 20 26 29 32 34
10 14 16 22 24 30 32 36
13 14 15 18 28 31 32 33
12 15 17 19 27 29 31 34
10 11 18 21 25 28 35 36
8 13 19 21 25 27 33 38
9 12 16 18 28 30 34 37
12 16 17 18 28 29 30 34
11 14 16 21 25 30 32 35
10 12 14 20 26 32 34 36
10 12 17 22 24 29 34 36
10 17 18 19 27 28 29 36
11 14 17 18 28 29 32 35
11 13 15 20 26 31 33 35
9 15 16 21 25 30 31 37
8 18 19 20 26 27 28 38
13 15 16 17 29 30 31 33
12 14 16 20 26 30 32 34
10 13 16 20 26 30 33 36
11 12 13 22 24 33 34 35
10 15 16 20 26 30 31 36
10 12 18 22 24 28 34 36
10 13 18 20 26 28 33 36
11 12 17 22 24 29 34 35
