19 21 23 25 27 29 31
17 21 23 25 27 29 33
17 19 23 25 27 31 33
17 19 21 25 29 31 33
11 15 19 25 31 35 39
13 19 23 25 27 31 37
15 17 21 25 29 33 35
13 15 17 25 33 35 37
11 13 21 25 29 37 39
15 21 23 25 27 29 35
13 19 21 25 29 31 37
15 19 23 25 27 31 35
11 19 23 25 27 31 39
15 19 21 25 29 31 35
13 17 19 25 31 33 37
15 17 19 25 31 33 35
13 15 21 25 29 35 37
13 21 23 25 27 29 37
11 19 21 25 29 31 39
13 17 23 25 27 33 37
15 17 23 25 27 33 35
5 15 23 25 27 35 45
21 23 24 25 26 27 29
21 22 24 25 26 28 29
21 22 23 25 27 28 29
22 23 24 25 26 27 28
20 23 24 25 26 27 30
20 21 23 25 27 29 30
19 22 23 25 27 28 31
19 21 22 25 28 29 31
19 23 24 25 26 27 31
19 22 24 25 26 28 31
19 21 24 25 26 29 31
20 22 24 25 26 28 30
15 18 22 25 28 32 35
19 20 22 25 28 30 31
20 22 23 25 27 28 30
20 21 22 25 28 29 30
18 23 24 25 26 27 32
14 16 24 25 26 34 36
18 21 24 25 26 29 32
17 22 24 25 26 28 33
17 20 21 25 29 30 33
17 23 24 25 26 27 33
17 22 23 25 27 28 33
17 20 24 25 26 30 33
18 19 23 25 27 31 32
17 18 20 25 30 32 33
17 21 24 25 26 29 33
18 19 21 25 29 31 32
20 21 24 25 26 29 30
5 15 24 25 26 35 45
18 22 24 25 26 28 32
19 20 21 25 29 30 31
18 22 23 25 27 28 32
14 15 16 25 34 35 36
12 15 18 25 32 35 38
19 20 24 25 26 30 31
16 22 23 25 27 28 34
14 15 23 25 27 35 36
15 18 21 25 29 32 35
17 19 20 25 30 31 33
17 18 23 25 27 32 33
15 21 22 25 28 29 35
15 23 24 25 26 27 35
18 19 20 25 30 31 32
17 18 22 25 28 32 33
19 20 23 25 27 30 31
15 16 24 25 26 34 35
12 18 22 25 28 32 38
18 20 21 25 29 30 32
16 21 24 25 26 29 34
14 20 21 25 29 30 36
15 16 23 25 27 34 35
16 19 23 25 27 31 34
16 19 20 25 30 31 34
15 22 24 25 26 28 35
14 17 24 25 26 33 36
16 20 22 25 28 30 34
15 19 22 25 28 31 35
16 19 21 25 29 31 34
15 18 19 25 31 32 35
18 21 22 25 28 29 32
18 19 24 25 26 31 32
18 19 22 25 28 31 32
17 20 23 25 27 30 33
15 22 23 25 27 28 35
16 22 24 25 26 28 34
17 19 22 25 28 31 33
14 23 24 25 26 27 36
17 18 21 25 29 32 33
18 21 23 25 27 29 32
18 20 24 25 26 30 32
17 21 22 25 28 29 33
18 20 23 25 27 30 32
16 19 24 25 26 31 34
13 20 22 25 28 30 37
18 20 22 25 28 30 32
16 20 24 25 26 30 34
14 16 19 25 31 34 36
15 21 24 25 26 29 35
17 19 24 25 26 31 33
14 17 23 25 27 33 36
14 19 21 25 29 31 36
16 23 24 25 26 27 34
14 20 23 25 27 30 36
15 18 24 25 26 32 35
13 22 23 25 27 28 37
16 20 23 25 27 30 34
15 16 22 25 28 34 35
15 19 24 25 26 31 35
15 18 23 25 27 32 35
13 20 21 25 29 30 37
15 17 24 25 26 33 35
16 21 22 25 28 29 34
13 14 16 25 34 36 37
14 21 24 25 26 29 36
14 19 23 25 27 31 36
16 18 22 25 28 32 34
14 16 17 25 33 34 36
13 22 24 25 26 28 37
13 21 24 25 26 29 37
16 17 21 25 29 33 34
16 17 19 25 31 33 34
16 17 22 25 28 33 34
14 16 22 25 28 34 36
14 18 19 25 31 32 36
13 18 24 25 26 32 37
13 16 17 25 33 34 37
14 15 18 25 32 35 36
15 16 17 25 33 34 35
16 18 20 25 30 32 34
12 19 20 25 30 31 38
15 20 24 25 26 30 35
15 20 22 25 28 30 35
15 20 23 25 27 30 35
15 20 21 25 29 30 35
14 18 20 25 30 32 36
14 18 24 25 26 32 36
14 22 24 25 26 28 36
15 16 18 25 32 34 35
16 18 21 25 29 32 34
12 19 22 25 28 31 38
12 15 19 25 31 35 38
16 18 23 25 27 32 34
16 17 24 25 26 33 34
16 17 23 25 27 33 34
14 22 23 25 27 28 36
13 17 24 25 26 33 37
13 16 24 25 26 34 37
16 17 20 25 30 33 34
16 18 19 25 31 32 34
13 23 24 25 26 27 37
14 19 22 25 28 31 36
14 21 22 25 28 29 36
16 18 24 25 26 32 34
10 20 24 25 26 30 40
10 20 23 25 27 30 40
12 13 21 25 29 37 38
11 12 14 25 36 38 39
12 13 23 25 27 37 38
9 14 16 25 34 36 41
11 14 17 25 33 36 39
12 13 14 25 36 37 38
10 15 23 25 27 35 40
10 15 22 25 28 35 40
10 15 21 25 29 35 40
10 15 24 25 26 35 40
14 18 22 25 28 32 36
16 17 18 25 32 33 34
12 13 17 25 33 37 38
11 14 24 25 26 36 39
11 14 21 25 29 36 39
12 13 18 25 32 37 38
11 14 23 25 27 36 39
12 13 16 25 34 37 38
9 16 21 25 29 34 41
12 13 22 25 28 37 38
11 14 15 25 35 36 39
12 13 15 25 35 37 38
11 14 20 25 30 36 39
12 13 20 25 30 37 38
13 15 22 25 28 35 37
12 13 19 25 31 37 38
11 14 18 25 32 36 39
15 17 18 25 32 33 35
14 17 19 25 31 33 36
11 19 20 25 30 31 39
13 14 23 25 27 36 37
14 16 20 25 30 34 36
11 18 21 25 29 32 39
13 18 19 25 31 32 37
12 16 22 25 28 34 38
12 18 20 25 30 32 38
14 15 21 25 29 35 36
13 17 20 25 30 33 37
15 16 19 25 31 34 35
13 16 21 25 29 34 37
12 14 24 25 26 36 38
11 17 22 25 28 33 39
8 9 17 25 33 41 42
12 13 24 25 26 37 38
5 15 20 25 30 35 45
10 15 20 25 30 35 40
