5 6 7 17 18 19 29 30 31
14 15 16 17 18 19 20 21 22
13 15 16 17 18 19 20 21 23
13 14 16 17 18 19 20 22 23
13 14 15 17 18 19 21 22 23
13 14 15 16 18 20 21 22 23
6 11 13 16 18 20 23 25 30
6 7 16 17 18 19 20 29 30
6 8 11 13 18 23 25 28 30
5 7 16 17 18 19 20 29 31
11 13 15 17 18 19 21 23 25
11 15 16 17 18 19 20 21 25
11 13 16 17 18 19 20 23 25
11 13 15 16 18 20 21 23 25
2 6 10 14 18 22 26 30 34
10 14 15 17 18 19 21 22 26
5 7 15 17 18 19 21 29 31
2 10 14 15 18 21 22 26 34
6 10 14 17 18 19 22 26 30
7 13 15 17 18 19 21 23 29
7 15 16 17 18 19 20 21 29
12 14 15 17 18 19 21 22 24
12 15 16 17 18 19 20 21 24
12 14 16 17 18 19 20 22 24
12 14 15 16 18 20 21 22 24
12 13 16 17 18 19 20 23 24
12 13 15 16 18 20 21 23 24
12 13 15 17 18 19 21 23 24
12 13 14 17 18 19 22 23 24
12 13 14 15 18 21 22 23 24
12 13 14 16 18 20 22 23 24
11 12 16 17 18 19 20 24 25
11 12 15 17 18 19 21 24 25
11 12 15 16 18 20 21 24 25
10 12 15 17 18 19 21 24 26
8 12 15 17 18 19 21 24 28
6 9 10 14 18 22 26 27 30
9 13 15 17 18 19 21 23 27
6 9 11 13 18 23 25 27 30
9 11 15 17 18 19 21 25 27
7 9 15 17 18 19 21 27 29
9 15 16 17 18 19 20 21 27
9 11 13 15 18 21 23 25 27
9 14 15 16 18 20 21 22 27
6 9 13 16 18 20 23 27 30
5 7 9 17 18 19 27 29 31
2 9 10 14 18 22 26 27 34
9 14 16 17 18 19 20 22 27
9 13 16 17 18 19 20 23 27
9 11 13 17 18 19 23 25 27
9 14 15 17 18 19 21 22 27
6 9 16 17 18 19 20 27 30
9 13 15 16 18 20 21 23 27
9 10 14 15 18 21 22 26 27
8 9 11 13 18 23 25 27 28
6 9 14 17 18 19 22 27 30
11 14 16 17 18 19 20 22 25
11 14 15 17 18 19 21 22 25
11 14 15 16 18 20 21 22 25
5 8 16 17 18 19 20 28 31
7 8 16 17 18 19 20 28 29
8 11 13 16 18 20 23 25 28
11 13 14 16 18 20 22 23 25
11 13 14 17 18 19 22 23 25
10 14 15 16 18 20 21 22 26
6 10 13 14 18 22 23 26 30
2 10 14 17 18 19 22 26 34
10 13 14 17 18 19 22 23 26
6 11 15 16 18 20 21 25 30
6 10 14 15 18 21 22 26 30
10 13 15 17 18 19 21 23 26
6 7 15 17 18 19 21 29 30
10 11 16 17 18 19 20 25 26
6 15 16 17 18 19 20 21 30
8 14 15 17 18 19 21 22 28
10 13 14 15 18 21 22 23 26
6 8 15 17 18 19 21 28 30
6 10 15 17 18 19 21 26 30
6 14 15 17 18 19 21 22 30
10 15 16 17 18 19 20 21 26
10 14 16 17 18 19 20 22 26
10 11 14 17 18 19 22 25 26
6 10 11 13 18 23 25 26 30
6 11 13 14 18 22 23 25 30
6 13 14 15 18 21 22 23 30
8 15 16 17 18 19 20 21 28
10 11 13 17 18 19 23 25 26
6 8 11 16 18 20 25 28 30
6 8 13 16 18 20 23 28 30
6 8 16 17 18 19 20 28 30
11 13 14 15 18 21 22 23 25
6 11 13 15 18 21 23 25 30
6 10 11 14 18 22 25 26 30
6 13 15 16 18 20 21 23 30
8 13 16 17 18 19 20 23 28
7 14 16 17 18 19 20 22 29
8 11 15 16 18 20 21 25 28
7 11 15 17 18 19 21 25 29
5 11 13 15 18 21 23 25 31
7 11 13 15 18 21 23 25 29
7 11 15 16 18 20 21 25 29
5 13 14 15 18 21 22 23 31
2 7 10 11 18 25 26 29 34
7 11 16 17 18 19 20 25 29
5 13 15 17 18 19 21 23 31
6 8 10 11 18 25 26 28 30
6 8 10 17 18 19 26 28 30
3 11 15 16 18 20 21 25 33
10 13 14 16 18 20 22 23 26
8 13 14 16 18 20 22 23 28
10 11 13 16 18 20 23 25 26
8 14 16 17 18 19 20 22 28
10 13 16 17 18 19 20 23 26
10 13 15 16 18 20 21 23 26
8 14 15 16 18 20 21 22 28
8 11 13 14 18 22 23 25 28
7 11 13 17 18 19 23 25 29
5 7 13 17 18 19 23 29 31
3 10 14 15 18 21 22 26 33
8 10 15 17 18 19 21 26 28
4 13 14 15 18 21 22 23 32
6 7 10 11 18 25 26 29 30
3 11 13 15 18 21 23 25 33
3 13 15 17 18 19 21 23 33
3 14 15 16 18 20 21 22 33
6 7 8 11 18 25 28 29 30
7 8 11 13 18 23 25 28 29
3 13 14 15 18 21 22 23 33
4 8 15 16 18 20 21 28 32
9 12 16 17 18 19 20 24 27
9 12 14 17 18 19 22 24 27
9 12 13 17 18 19 23 24 27
9 12 13 16 18 20 23 24 27
9 12 14 16 18 20 22 24 27
5 6 13 14 18 22 23 30 31
5 13 14 16 18 20 22 23 31
6 7 11 16 18 20 25 29 30
6 12 13 16 18 20 23 24 30
6 12 16 17 18 19 20 24 30
6 12 13 14 18 22 23 24 30
6 11 12 16 18 20 24 25 30
6 12 14 17 18 19 22 24 30
9 11 14 17 18 19 22 25 27
9 10 15 16 18 20 21 26 27
6 9 11 14 18 22 25 27 30
8 9 13 16 18 20 23 27 28
9 10 11 14 18 22 25 26 27
9 10 11 13 18 23 25 26 27
9 11 14 15 18 21 22 25 27
9 10 14 16 18 20 22 26 27
6 8 9 16 18 20 27 28 30
8 9 15 16 18 20 21 27 28
8 13 15 17 18 19 21 23 28
5 15 16 17 18 19 20 21 31
8 11 13 15 18 21 23 25 28
6 13 14 16 18 20 22 23 30
6 14 16 17 18 19 20 22 30
6 13 16 17 18 19 20 23 30
11 12 13 15 18 21 23 24 25
7 14 15 17 18 19 21 22 29
7 14 15 16 18 20 21 22 29
7 13 14 15 18 21 22 23 29
7 10 14 15 18 21 22 26 29
5 14 15 16 18 20 21 22 31
11 12 13 17 18 19 23 24 25
6 10 11 16 18 20 25 26 30
3 9 15 17 18 19 21 27 33
6 8 13 15 18 21 23 28 30
6 7 8 15 18 21 28 29 30
8 13 15 16 18 20 21 23 28
6 8 10 13 18 23 26 28 30
9 12 14 15 18 21 22 24 27
9 12 15 16 18 20 21 24 27
9 12 15 17 18 19 21 24 27
9 12 13 15 18 21 23 24 27
11 12 13 14 18 22 23 24 25
10 12 14 16 18 20 22 24 26
8 10 13 17 18 19 23 26 28
7 8 10 13 18 23 26 28 29
8 10 14 17 18 19 22 26 28
4 13 14 16 18 20 22 23 32
4 14 16 17 18 19 20 22 32
8 10 11 13 18 23 25 26 28
5 8 10 17 18 19 26 28 31
8 10 14 15 18 21 22 26 28
4 14 15 16 18 20 21 22 32
8 11 15 17 18 19 21 25 28
10 11 15 17 18 19 21 25 26
7 8 15 17 18 19 21 28 29
6 7 10 17 18 19 26 29 30
5 14 16 17 18 19 20 22 31
6 13 14 17 18 19 22 23 30
3 10 14 17 18 19 22 26 33
8 11 13 17 18 19 23 25 28
10 12 14 17 18 19 22 24 26
10 12 14 15 18 21 22 24 26
7 12 15 17 18 19 21 24 29
7 12 16 17 18 19 20 24 29
8 11 12 13 18 23 24 25 28
6 10 16 17 18 19 20 26 30
4 11 13 15 18 21 23 25 32
7 13 16 17 18 19 20 23 29
7 10 15 17 18 19 21 26 29
6 11 16 17 18 19 20 25 30
11 12 13 16 18 20 23 24 25
5 10 14 15 18 21 22 26 31
5 10 15 17 18 19 21 26 31
10 11 14 15 18 21 22 25 26
10 11 15 16 18 20 21 25 26
7 13 14 16 18 20 22 23 29
7 8 15 16 18 20 21 28 29
6 10 13 17 18 19 23 26 30
8 11 16 17 18 19 20 25 28
6 11 14 17 18 19 22 25 30
7 10 14 17 18 19 22 26 29
5 10 14 17 18 19 22 26 31
6 10 11 15 18 21 25 26 30
7 10 16 17 18 19 20 26 29
6 11 14 15 18 21 22 25 30
7 10 13 14 18 22 23 26 29
10 11 12 13 18 23 24 25 26
5 10 13 14 18 22 23 26 31
7 11 14 16 18 20 22 25 29
6 7 14 15 18 21 22 29 30
3 6 14 15 18 21 22 30 33
4 10 14 15 18 21 22 26 32
3 6 15 16 18 20 21 30 33
5 8 13 17 18 19 23 28 31
4 10 14 17 18 19 22 26 32
3 6 15 17 18 19 21 30 33
8 10 16 17 18 19 20 26 28
8 10 15 16 18 20 21 26 28
7 11 13 14 18 22 23 25 29
8 10 11 16 18 20 25 26 28
10 11 14 16 18 20 22 25 26
6 7 11 14 18 22 25 29 30
5 8 11 13 18 23 25 28 31
7 10 11 14 18 22 25 26 29
4 7 10 11 18 25 26 29 32
7 11 14 17 18 19 22 25 29
5 6 8 13 18 23 28 30 31
6 9 15 17 18 19 21 27 30
6 11 13 17 18 19 23 25 30
6 9 14 15 18 21 22 27 30
6 9 13 15 18 21 23 27 30
6 9 15 16 18 20 21 27 30
9 11 14 16 18 20 22 25 27
8 9 16 17 18 19 20 27 28
9 10 13 14 18 22 23 26 27
9 10 16 17 18 19 20 26 27
7 8 13 15 18 21 23 28 29
4 10 11 15 18 21 25 26 32
6 8 11 17 18 19 25 28 30
10 11 13 14 18 22 23 25 26
6 8 15 16 18 20 21 28 30
5 11 15 16 18 20 21 25 31
3 7 10 17 18 19 26 29 33
11 12 14 17 18 19 22 24 25
11 12 14 15 18 21 22 24 25
11 12 14 16 18 20 22 24 25
10 12 16 17 18 19 20 24 26
10 11 12 16 18 20 24 25 26
10 12 13 17 18 19 23 24 26
10 12 15 16 18 20 21 24 26
8 12 13 16 18 20 23 24 28
8 11 12 16 18 20 24 25 28
8 12 16 17 18 19 20 24 28
8 12 15 16 18 20 21 24 28
4 8 16 17 18 19 20 28 32
8 11 14 16 18 20 22 25 28
4 6 8 16 18 20 28 30 32
9 13 14 15 18 21 22 23 27
9 13 14 17 18 19 22 23 27
9 11 16 17 18 19 20 25 27
9 11 13 16 18 20 23 25 27
9 10 14 17 18 19 22 26 27
6 8 10 15 18 21 26 28 30
6 7 11 15 18 21 25 29 30
7 11 12 17 18 19 24 25 29
7 10 12 17 18 19 24 26 29
6 10 14 16 18 20 22 26 30
5 10 11 15 18 21 25 26 31
8 11 14 17 18 19 22 25 28
6 9 11 16 18 20 25 27 30
9 13 14 16 18 20 22 23 27
9 11 15 16 18 20 21 25 27
7 9 16 17 18 19 20 27 29
9 10 15 17 18 19 21 26 27
6 9 13 14 18 22 23 27 30
8 9 15 17 18 19 21 27 28
3 10 15 16 18 20 21 26 33
5 11 13 14 18 22 23 25 31
3 8 15 16 18 20 21 28 33
7 10 11 13 18 23 25 26 29
7 11 12 13 18 23 24 25 29
3 11 14 15 18 21 22 25 33
8 10 13 15 18 21 23 26 28
4 6 14 16 18 20 22 30 32
5 8 10 15 18 21 26 28 31
6 8 10 14 18 22 26 28 30
5 12 13 14 18 22 23 24 31
8 10 12 17 18 19 24 26 28
8 10 11 12 18 24 25 26 28
8 10 12 15 18 21 24 26 28
7 11 12 15 18 21 24 25 29
8 9 10 11 18 25 26 27 28
6 8 9 10 18 26 27 28 30
6 7 9 11 18 25 27 29 30
7 8 11 12 18 24 25 28 29
7 10 11 12 18 24 25 26 29
7 9 11 13 18 23 25 27 29
7 9 11 17 18 19 25 27 29
7 11 12 16 18 20 24 25 29
3 9 14 15 18 21 22 27 33
3 9 15 16 18 20 21 27 33
7 9 10 11 18 25 26 27 29
7 8 9 11 18 25 27 28 29
7 9 11 15 18 21 25 27 29
8 9 10 15 18 21 26 27 28
6 9 12 17 18 19 24 27 30
6 9 12 14 18 22 24 27 30
6 9 12 16 18 20 24 27 30
6 12 15 16 18 20 21 24 30
6 12 15 17 18 19 21 24 30
6 12 13 15 18 21 23 24 30
6 12 14 15 18 21 22 24 30
9 10 12 16 18 20 24 26 27
9 11 12 14 18 22 24 25 27
7 10 11 16 18 20 25 26 29
7 8 11 16 18 20 25 28 29
8 9 10 13 18 23 26 27 28
8 9 10 14 18 22 26 27 28
4 9 14 16 18 20 22 27 32
3 12 15 16 18 20 21 24 33
3 12 15 17 18 19 21 24 33
3 12 14 15 18 21 22 24 33
4 12 14 16 18 20 22 24 32
5 8 13 15 18 21 23 28 31
4 6 10 14 18 22 26 30 32
9 10 13 16 18 20 23 26 27
8 9 14 16 18 20 22 27 28
7 8 11 14 18 22 25 28 29
5 8 13 16 18 20 23 28 31
7 11 14 15 18 21 22 25 29
6 8 10 16 18 20 26 28 30
6 8 12 16 18 20 24 28 30
6 10 12 16 18 20 24 26 30
6 11 14 16 18 20 22 25 30
6 14 15 16 18 20 21 22 30
8 10 11 14 18 22 25 26 28
7 8 9 15 18 21 27 28 29
8 10 12 14 18 22 24 26 28
5 7 14 17 18 19 22 29 31
8 13 14 15 18 21 22 23 28
7 8 14 15 18 21 22 28 29
6 8 14 16 18 20 22 28 30
8 9 11 17 18 19 25 27 28
7 9 10 17 18 19 26 27 29
10 12 13 16 18 20 23 24 26
10 11 12 15 18 21 24 25 26
7 8 12 15 18 21 24 28 29
8 11 12 17 18 19 24 25 28
8 12 13 15 18 21 23 24 28
7 12 14 15 18 21 22 24 29
6 13 15 17 18 19 21 23 30
4 11 15 16 18 20 21 25 32
7 8 13 16 18 20 23 28 29
6 11 15 17 18 19 21 25 30
10 11 13 15 18 21 23 25 26
7 10 13 17 18 19 23 26 29
6 10 13 16 18 20 23 26 30
5 8 15 16 18 20 21 28 31
9 10 13 17 18 19 23 26 27
10 12 13 14 18 22 23 24 26
10 11 12 14 18 22 24 25 26
6 10 15 16 18 20 21 26 30
8 9 11 16 18 20 25 27 28
9 11 13 14 18 22 23 25 27
9 10 11 16 18 20 25 26 27
8 12 14 16 18 20 22 24 28
5 7 12 17 18 19 24 29 31
2 10 12 14 18 22 24 26 34
4 8 12 16 18 20 24 28 32
7 8 11 15 18 21 25 28 29
7 10 11 15 18 21 25 26 29
7 8 10 17 18 19 26 28 29
6 7 11 13 18 23 25 29 30
6 7 11 17 18 19 25 29 30
3 15 16 17 18 19 20 21 33
8 10 11 15 18 21 25 26 28
7 11 13 16 18 20 23 25 29
5 13 14 17 18 19 22 23 31
3 14 15 17 18 19 21 22 33
3 13 15 16 18 20 21 23 33
7 8 10 15 18 21 26 28 29
8 10 11 17 18 19 25 26 28
7 8 11 17 18 19 25 28 29
7 10 11 17 18 19 25 26 29
6 12 13 17 18 19 23 24 30
6 11 12 13 18 23 24 25 30
6 12 14 16 18 20 22 24 30
6 10 12 14 18 22 24 26 30
6 9 14 16 18 20 22 27 30
8 9 10 17 18 19 26 27 28
6 11 12 14 18 22 24 25 30
7 9 11 16 18 20 25 27 29
8 10 12 13 18 23 24 26 28
5 8 12 13 18 23 24 28 31
8 10 13 16 18 20 23 26 28
8 10 14 16 18 20 22 26 28
7 11 12 14 18 22 24 25 29
5 8 9 13 18 23 27 28 31
7 9 11 14 18 22 25 27 29
9 12 13 14 18 22 23 24 27
9 11 12 16 18 20 24 25 27
4 10 11 14 18 22 25 26 32
2 10 14 16 18 20 22 26 34
4 9 10 14 18 22 26 27 32
8 9 10 16 18 20 26 27 28
8 9 10 12 18 24 26 27 28
7 9 11 12 18 24 25 27 29
3 7 11 15 18 21 25 29 33
5 7 11 13 18 23 25 29 31
4 5 13 14 18 22 23 31 32
7 8 10 11 18 25 26 28 29
3 8 10 15 18 21 26 28 33
6 7 11 12 18 24 25 29 30
6 8 10 12 18 24 26 28 30
4 11 14 16 18 20 22 25 32
8 10 13 14 18 22 23 26 28
4 10 12 14 18 22 24 26 32
4 10 14 16 18 20 22 26 32
8 10 12 16 18 20 24 26 28
4 8 14 16 18 20 22 28 32
5 8 10 13 18 23 26 28 31
4 8 10 14 18 22 26 28 32
5 8 13 14 18 22 23 28 31
4 7 11 16 18 20 25 29 32
4 10 13 14 18 22 23 26 32
6 9 12 15 18 21 24 27 30
6 9 13 17 18 19 23 27 30
8 9 13 15 18 21 23 27 28
9 10 11 15 18 21 25 26 27
6 9 10 16 18 20 26 27 30
9 11 12 13 18 23 24 25 27
9 10 12 14 18 22 24 26 27
7 9 14 15 18 21 22 27 29
8 9 12 16 18 20 24 27 28
4 8 9 16 18 20 27 28 32
5 9 13 14 18 22 23 27 31
3 6 9 15 18 21 27 30 33
3 9 12 15 18 21 24 27 33
3 6 12 15 18 21 24 30 33
