1 3 5 7 9 13 15 17 19 21
3 4 5 6 7 15 16 17 18 19
4 5 6 7 8 14 15 16 17 18
6 7 8 9 10 12 13 14 15 16
3 5 6 7 9 13 15 16 17 19
3 5 6 7 8 14 15 16 17 19
3 4 5 6 8 14 16 17 18 19
3 7 8 9 10 12 13 14 15 19
5 6 7 8 9 13 14 15 16 17
2 3 5 7 9 13 15 17 19 20
4 6 7 9 10 12 13 15 16 18
5 6 8 9 10 12 13 14 16 17
3 4 5 8 10 12 14 17 18 19
4 5 6 8 9 13 14 16 17 18
4 5 7 9 10 12 13 15 17 18
3 4 8 9 10 12 13 14 18 19
2 3 7 9 10 12 13 15 19 20
5 7 8 9 10 12 13 14 15 17
2 5 6 7 9 13 15 16 17 20
4 5 6 7 10 12 15 16 17 18
3 5 8 9 10 12 13 14 17 19
3 5 6 8 9 13 14 16 17 19
3 4 7 8 10 12 14 15 18 19
3 4 7 9 10 12 13 15 18 19
3 5 7 9 10 12 13 15 17 19
3 4 5 7 8 14 15 17 18 19
3 5 6 8 10 12 14 16 17 19
2 6 8 9 10 12 13 14 16 20
4 6 7 8 9 13 14 15 16 18
3 4 5 7 10 12 15 17 18 19
3 4 5 8 9 13 14 17 18 19
5 6 7 9 10 12 13 15 16 17
4 5 6 7 9 13 15 16 17 18
2 5 6 8 9 13 14 16 17 20
3 4 5 7 9 13 15 17 18 19
3 5 7 8 10 12 14 15 17 19
4 5 8 9 10 12 13 14 17 18
3 4 6 7 10 12 15 16 18 19
3 6 7 9 10 12 13 15 16 19
2 6 7 9 10 12 13 15 16 20
3 5 7 8 9 13 14 15 17 19
3 6 8 9 10 12 13 14 16 19
4 5 7 8 9 13 14 15 17 18
4 7 8 9 10 12 13 14 15 18
3 4 6 8 10 12 14 16 18 19
3 6 7 8 9 13 14 15 16 19
4 5 6 8 10 12 14 16 17 18
4 6 8 9 10 12 13 14 16 18
4 6 7 8 10 12 14 15 16 18
5 6 7 8 10 12 14 15 16 17
4 5 7 8 10 12 14 15 17 18
2 4 6 8 10 12 14 16 18 20
