7 11 15 19 23 27
9 13 15 19 21 25
11 13 15 19 21 23
7 9 13 21 25 27
7 13 15 19 21 27
9 11 13 21 23 25
9 11 15 19 23 25
7 10 13 21 24 27
8 9 10 24 25 26
7 9 10 24 25 27
8 9 14 20 25 26
13 15 16 18 19 21
13 14 15 19 20 21
14 15 16 18 19 20
13 14 16 18 20 21
12 14 15 19 20 22
12 13 16 18 21 22
10 11 15 19 23 24
9 14 15 19 20 25
8 9 11 23 25 26
7 10 16 18 24 27
8 9 12 22 25 26
10 13 16 18 21 24
7 10 15 19 24 27
6 10 11 23 24 28
8 9 15 19 25 26
8 14 15 19 20 26
11 15 16 18 19 23
11 14 16 18 20 23
11 13 14 20 21 23
11 13 16 18 21 23
10 15 16 18 19 24
10 13 15 19 21 24
12 13 15 19 21 22
11 14 15 19 20 23
12 13 14 20 21 22
12 15 16 18 19 22
12 14 16 18 20 22
9 11 12 22 23 25
10 11 14 20 23 24
9 12 16 18 22 25
8 13 14 20 21 26
9 15 16 18 19 25
11 12 13 21 22 23
9 10 12 22 24 25
10 14 16 18 20 24
11 12 16 18 22 23
11 12 15 19 22 23
10 13 14 20 21 24
11 12 14 20 22 23
10 14 15 19 20 24
10 12 13 21 22 24
8 9 13 21 25 26
7 10 12 22 24 27
9 13 16 18 21 25
9 14 16 18 20 25
10 12 16 18 22 24
8 14 16 18 20 26
10 12 14 20 22 24
10 11 12 22 23 24
5 7 12 22 27 29
10 11 13 21 23 24
9 11 14 20 23 25
9 12 13 21 22 25
8 12 14 20 22 26
8 10 16 18 24 26
9 10 15 19 24 25
8 11 15 19 23 26
7 13 14 20 21 27
8 9 16 18 25 26
