4 13 14 22 23 31 32 41
8 10 17 19 26 28 35 37
19 20 21 22 23 24 25 26
18 20 21 22 23 24 25 27
18 19 21 22 23 24 26 27
18 19 20 22 23 25 26 27
7 8 21 22 23 24 37 38
7 8 9 22 23 36 37 38
6 13 17 21 24 28 32 39
11 12 18 19 26 27 33 34
12 14 16 18 27 29 31 33
6 9 21 22 23 24 36 39
13 17 18 22 23 27 28 32
12 17 18 22 23 27 28 33
11 16 19 21 24 26 29 34
7 8 12 22 23 33 37 38
9 16 19 21 24 26 29 36
8 12 17 22 23 28 33 37
9 14 16 19 26 29 31 36
12 13 18 22 23 27 32 33
9 11 16 19 26 29 34 36
11 14 19 21 24 26 31 34
6 16 19 21 24 26 29 39
12 13 17 22 23 28 32 33
11 14 16 21 24 29 31 34
14 16 19 21 24 26 29 31
6 11 16 21 24 29 34 39
7 8 18 22 23 27 37 38
6 9 19 21 24 26 36 39
7 8 17 22 23 28 37 38
11 14 16 19 26 29 31 34
6 14 16 21 24 29 31 39
9 14 16 21 24 29 31 36
12 13 17 18 27 28 32 33
8 13 17 22 23 28 32 37
18 19 20 21 24 25 26 27
17 20 21 22 23 24 25 28
17 19 20 21 24 25 26 28
17 18 20 22 23 25 27 28
17 18 20 21 24 25 27 28
17 19 21 22 23 24 26 28
17 18 19 21 24 26 27 28
17 18 19 22 23 26 27 28
17 18 19 20 25 26 27 28
16 20 21 22 23 24 25 29
16 19 21 22 23 24 26 29
16 19 20 21 24 25 26 29
16 17 18 22 23 27 28 29
16 18 19 20 25 26 27 29
16 18 19 22 23 26 27 29
16 18 19 21 24 26 27 29
16 17 20 22 23 25 28 29
16 17 20 21 24 25 28 29
16 17 19 22 23 26 28 29
16 17 19 20 25 26 28 29
16 17 18 21 24 27 28 29
16 19 20 22 23 25 26 29
16 18 21 22 23 24 27 29
16 18 20 22 23 25 27 29
16 18 20 21 24 25 27 29
16 17 18 20 25 27 28 29
16 17 21 22 23 24 28 29
17 18 21 22 23 24 27 28
8 20 21 22 23 24 25 37
10 13 17 21 24 28 32 35
12 14 16 20 25 29 31 33
10 14 16 18 27 29 31 35
11 18 19 20 25 26 27 34
6 20 21 22 23 24 25 39
13 14 21 22 23 24 31 32
10 17 19 21 24 26 28 35
7 12 16 20 25 29 33 38
10 12 17 19 26 28 33 35
8 12 17 19 26 28 33 37
11 12 16 20 25 29 33 34
12 13 14 22 23 31 32 33
11 16 20 21 24 25 29 34
8 17 19 21 24 26 28 37
8 10 12 19 26 33 35 37
6 17 20 21 24 25 28 39
12 14 18 20 25 27 31 33
11 12 18 20 25 27 33 34
10 11 12 19 26 33 34 35
14 16 18 21 24 27 29 31
14 16 20 21 24 25 29 31
11 12 19 20 25 26 33 34
12 16 18 20 25 27 29 33
14 19 20 22 23 25 26 31
14 18 20 22 23 25 27 31
14 16 20 22 23 25 29 31
14 18 19 21 24 26 27 31
14 18 19 20 25 26 27 31
14 18 21 22 23 24 27 31
14 16 18 20 25 27 29 31
12 18 19 20 25 26 27 33
14 16 21 22 23 24 29 31
14 16 19 22 23 26 29 31
6 13 21 22 23 24 32 39
14 18 20 21 24 25 27 31
14 19 21 22 23 24 26 31
14 19 20 21 24 25 26 31
14 16 18 22 23 27 29 31
6 16 20 21 24 25 29 39
6 17 19 21 24 26 28 39
16 17 18 19 26 27 28 29
14 16 19 20 25 26 29 31
14 16 18 19 26 27 29 31
17 19 20 22 23 25 26 28
10 11 12 18 27 33 34 35
10 12 14 18 27 31 33 35
16 17 19 21 24 26 28 29
13 17 21 22 23 24 28 32
13 17 18 21 24 27 28 32
12 14 18 22 23 27 31 33
8 19 21 22 23 24 26 37
8 10 19 22 23 26 35 37
13 14 20 22 23 25 31 32
12 16 18 19 26 27 29 33
6 10 17 21 24 28 35 39
6 19 21 22 23 24 26 39
10 14 16 22 23 29 31 35
12 17 19 22 23 26 28 33
6 13 14 21 24 31 32 39
10 17 19 22 23 26 28 35
8 17 19 22 23 26 28 37
12 17 18 20 25 27 28 33
12 16 18 22 23 27 29 33
11 16 19 20 25 26 29 34
12 18 20 22 23 25 27 33
10 19 21 22 23 24 26 35
10 18 21 22 23 24 27 35
12 17 19 20 25 26 28 33
12 16 20 22 23 25 29 33
11 12 13 18 27 32 33 34
13 14 20 21 24 25 31 32
12 16 19 20 25 26 29 33
13 20 21 22 23 24 25 32
13 18 21 22 23 24 27 32
13 17 20 22 23 25 28 32
13 18 20 22 23 25 27 32
11 12 16 19 26 29 33 34
9 11 12 19 26 33 34 36
11 19 20 21 24 25 26 34
14 20 21 22 23 24 25 31
12 14 16 22 23 29 31 33
12 19 20 22 23 25 26 33
12 17 18 19 26 27 28 33
12 18 19 22 23 26 27 33
10 16 18 22 23 27 29 35
13 17 20 21 24 25 28 32
7 8 20 22 23 25 37 38
13 18 20 21 24 25 27 32
13 17 18 20 25 27 28 32
6 9 20 21 24 25 36 39
11 18 20 21 24 25 27 34
11 18 19 21 24 26 27 34
15 20 21 22 23 24 25 30
15 18 21 22 23 24 27 30
15 18 20 21 24 25 27 30
15 17 21 22 23 24 28 30
15 17 20 21 24 25 28 30
15 17 19 20 25 26 28 30
15 17 18 22 23 27 28 30
15 18 19 20 25 26 27 30
15 19 21 22 23 24 26 30
15 17 18 20 25 27 28 30
15 16 21 22 23 24 29 30
15 16 19 21 24 26 29 30
15 18 19 21 24 26 27 30
15 16 20 22 23 25 29 30
15 16 18 20 25 27 29 30
15 19 20 22 23 25 26 30
15 16 18 22 23 27 29 30
15 16 17 21 24 28 29 30
15 16 18 19 26 27 29 30
15 16 17 19 26 28 29 30
15 17 18 19 26 27 28 30
15 16 17 20 25 28 29 30
15 17 19 22 23 26 28 30
12 13 15 22 23 30 32 33
13 14 15 21 24 30 31 32
11 12 15 20 25 30 33 34
15 18 19 22 23 26 27 30
14 15 19 21 24 26 30 31
10 15 17 19 26 28 30 35
13 14 15 22 23 30 31 32
15 16 19 20 25 26 29 30
14 15 20 21 24 25 30 31
15 19 20 21 24 25 26 30
15 18 20 22 23 25 27 30
14 15 20 22 23 25 30 31
14 15 18 20 25 27 30 31
15 16 18 21 24 27 29 30
15 17 18 21 24 27 28 30
12 15 16 20 25 29 30 33
12 15 17 19 26 28 30 33
11 15 20 21 24 25 30 34
11 15 16 20 25 29 30 34
14 15 21 22 23 24 30 31
13 15 20 21 24 25 30 32
13 15 21 22 23 24 30 32
12 15 19 20 25 26 30 33
15 16 19 22 23 26 29 30
15 17 19 21 24 26 28 30
13 15 20 22 23 25 30 32
13 15 18 22 23 27 30 32
15 17 20 22 23 25 28 30
15 16 20 21 24 25 29 30
14 17 21 22 23 24 28 31
14 17 18 20 25 27 28 31
8 12 19 21 24 26 33 37
12 13 14 21 24 31 32 33
12 13 21 22 23 24 32 33
14 17 19 20 25 26 28 31
10 12 19 20 25 26 33 35
10 14 16 20 25 29 31 35
10 11 19 20 25 26 34 35
10 14 18 20 25 27 31 35
10 12 16 20 25 29 33 35
10 11 12 20 25 33 34 35
14 16 17 20 25 28 29 31
14 16 17 22 23 28 29 31
10 13 20 21 24 25 32 35
14 17 18 22 23 27 28 31
14 16 17 19 26 28 29 31
6 14 17 21 24 28 31 39
12 16 21 22 23 24 29 33
12 13 18 19 26 27 32 33
12 17 21 22 23 24 28 33
11 17 18 19 26 27 28 34
11 17 19 20 25 26 28 34
13 16 20 21 24 25 29 32
13 16 17 22 23 28 29 32
12 17 18 21 24 27 28 33
12 19 20 21 24 25 26 33
9 14 17 21 24 28 31 36
10 17 20 21 24 25 28 35
12 16 19 21 24 26 29 33
13 14 17 20 25 28 31 32
12 19 21 22 23 24 26 33
10 11 17 19 26 28 34 35
13 19 20 21 24 25 26 32
11 12 13 19 26 32 33 34
10 18 19 20 25 26 27 35
11 12 16 21 24 29 33 34
8 10 12 21 24 33 35 37
13 17 19 22 23 26 28 32
13 17 19 21 24 26 28 32
13 17 19 20 25 26 28 32
10 11 13 19 26 32 34 35
11 13 19 20 25 26 32 34
10 16 20 22 23 25 29 35
14 17 20 22 23 25 28 31
10 16 17 20 25 28 29 35
14 17 19 21 24 26 28 31
12 16 18 21 24 27 29 33
10 17 19 20 25 26 28 35
12 13 16 22 23 29 32 33
13 14 17 22 23 28 31 32
10 14 20 22 23 25 31 35
10 12 18 20 25 27 33 35
14 17 20 21 24 25 28 31
12 17 19 21 24 26 28 33
12 20 21 22 23 24 25 33
10 20 21 22 23 24 25 35
13 16 18 20 25 27 29 32
10 13 17 19 26 28 32 35
13 18 19 22 23 26 27 32
13 14 19 22 23 26 31 32
13 16 17 20 25 28 29 32
12 14 17 18 27 28 31 33
12 13 17 21 24 28 32 33
13 14 16 22 23 29 31 32
11 16 17 20 25 28 29 34
11 14 16 22 23 29 31 34
13 16 17 21 24 28 29 32
13 18 19 20 25 26 27 32
13 14 16 21 24 29 31 32
13 16 21 22 23 24 29 32
11 14 21 22 23 24 31 34
13 19 20 22 23 25 26 32
11 16 20 22 23 25 29 34
12 13 19 22 23 26 32 33
11 18 21 22 23 24 27 34
11 13 14 19 26 31 32 34
13 19 21 22 23 24 26 32
11 17 20 21 24 25 28 34
10 12 17 21 24 28 33 35
10 13 17 20 25 28 32 35
14 17 19 22 23 26 28 31
10 16 18 20 25 27 29 35
14 16 17 21 24 28 29 31
11 12 20 21 24 25 33 34
13 17 18 19 26 27 28 32
12 16 20 21 24 25 29 33
13 16 18 22 23 27 29 32
11 17 18 20 25 27 28 34
12 18 21 22 23 24 27 33
12 14 21 22 23 24 31 33
12 17 20 21 24 25 28 33
12 18 20 21 24 25 27 33
13 16 20 22 23 25 29 32
12 14 20 21 24 25 31 33
13 16 17 18 27 28 29 32
7 8 19 22 23 26 37 38
14 17 18 21 24 27 28 31
10 18 20 22 23 25 27 35
11 13 17 18 27 28 32 34
10 19 20 21 24 25 26 35
11 12 19 21 24 26 33 34
11 12 17 20 25 28 33 34
11 20 21 22 23 24 25 34
10 11 16 20 25 29 34 35
12 13 17 19 26 28 32 33
12 13 14 17 28 31 32 33
10 17 20 22 23 25 28 35
13 14 16 20 25 29 31 32
14 16 17 18 27 28 29 31
11 13 14 22 23 31 32 34
10 19 20 22 23 25 26 35
12 18 19 21 24 26 27 33
10 14 17 22 23 28 31 35
13 18 19 21 24 26 27 32
11 16 19 22 23 26 29 34
13 14 19 21 24 26 31 32
6 10 20 21 24 25 35 39
11 16 17 19 26 28 29 34
11 13 18 19 26 27 32 34
8 13 17 19 26 28 32 37
14 17 18 19 26 27 28 31
13 14 17 21 24 28 31 32
11 12 17 19 26 28 33 34
11 19 21 22 23 24 26 34
7 10 16 20 25 29 35 38
10 14 17 19 26 28 31 35
10 18 20 21 24 25 27 35
8 12 21 22 23 24 33 37
12 14 16 21 24 29 31 33
10 16 20 21 24 25 29 35
11 19 20 22 23 25 26 34
11 13 17 20 25 28 32 34
9 18 20 22 23 25 27 36
9 14 16 18 27 29 31 36
9 18 19 20 25 26 27 36
9 18 20 21 24 25 27 36
9 17 18 21 24 27 28 36
9 18 19 21 24 26 27 36
9 18 21 22 23 24 27 36
9 18 19 22 23 26 27 36
9 16 18 21 24 27 29 36
9 17 18 22 23 27 28 36
11 14 16 17 28 29 31 34
13 16 19 22 23 26 29 32
13 16 18 19 26 27 29 32
13 16 19 20 25 26 29 32
6 12 19 21 24 26 33 39
6 12 20 21 24 25 33 39
13 16 17 19 26 28 29 32
11 17 20 22 23 25 28 34
6 12 21 22 23 24 33 39
6 12 17 21 24 28 33 39
11 14 17 19 26 28 31 34
11 13 16 19 26 29 32 34
13 16 19 21 24 26 29 32
12 13 16 19 26 29 32 33
11 17 18 22 23 27 28 34
13 14 16 19 26 29 31 32
6 12 16 21 24 29 33 39
11 17 19 22 23 26 28 34
5 10 20 21 24 25 35 40
5 10 18 20 25 27 35 40
11 14 20 21 24 25 31 34
13 14 18 21 24 27 31 32
10 13 14 21 24 31 32 35
12 13 18 20 25 27 32 33
12 14 18 19 26 27 31 33
11 12 16 18 27 29 33 34
6 19 20 21 24 25 26 39
6 14 20 21 24 25 31 39
11 13 14 18 27 31 32 34
10 12 18 22 23 27 33 35
10 12 17 18 27 28 33 35
12 13 14 20 25 31 32 33
9 12 17 19 26 28 33 36
12 16 17 19 26 28 29 33
10 14 21 22 23 24 31 35
11 13 14 21 24 31 32 34
10 17 18 22 23 27 28 35
9 14 16 22 23 29 31 36
9 16 17 20 25 28 29 36
10 14 16 21 24 29 31 35
6 14 16 22 23 29 31 39
11 16 18 19 26 27 29 34
10 11 18 21 24 27 34 35
10 13 21 22 23 24 32 35
7 10 11 21 24 34 35 38
10 16 19 22 23 26 29 35
8 17 20 22 23 25 28 37
10 14 16 19 26 29 31 35
12 14 16 19 26 29 31 33
11 16 18 21 24 27 29 34
8 12 14 22 23 31 33 37
11 14 18 20 25 27 31 34
12 14 19 20 25 26 31 33
9 14 21 22 23 24 31 36
12 16 17 22 23 28 29 33
10 17 18 21 24 27 28 35
10 13 17 18 27 28 32 35
9 16 17 19 26 28 29 36
9 14 16 20 25 29 31 36
9 16 20 21 24 25 29 36
10 16 17 18 27 28 29 35
6 18 20 21 24 25 27 39
8 14 21 22 23 24 31 37
10 14 19 21 24 26 31 35
8 14 18 22 23 27 31 37
11 13 18 21 24 27 32 34
12 13 14 18 27 31 32 33
8 10 11 19 26 34 35 37
8 14 20 22 23 25 31 37
11 13 14 20 25 31 32 34
12 16 17 18 27 28 29 33
11 12 14 19 26 31 33 34
12 13 17 20 25 28 32 33
10 11 16 19 26 29 34 35
9 11 12 20 25 33 34 36
10 13 14 18 27 31 32 35
6 18 21 22 23 24 27 39
11 14 16 18 27 29 31 34
10 12 19 22 23 26 33 35
10 14 18 21 24 27 31 35
11 14 19 20 25 26 31 34
10 16 17 19 26 28 29 35
10 11 19 21 24 26 34 35
10 13 17 22 23 28 32 35
6 16 21 22 23 24 29 39
8 11 14 19 26 31 34 37
8 10 12 22 23 33 35 37
11 14 16 20 25 29 31 34
10 13 14 22 23 31 32 35
11 13 20 21 24 25 32 34
11 12 13 20 25 32 33 34
6 15 19 21 24 26 30 39
14 15 16 21 24 29 30 31
12 15 18 22 23 27 30 33
9 12 17 21 24 28 33 36
9 12 20 21 24 25 33 36
11 12 13 22 23 32 33 34
8 11 19 21 24 26 34 37
10 11 17 18 27 28 34 35
8 14 17 22 23 28 31 37
12 16 17 21 24 28 29 33
11 16 18 20 25 27 29 34
14 15 16 17 28 29 30 31
13 15 17 19 26 28 30 32
12 15 18 21 24 27 30 33
6 18 19 21 24 26 27 39
12 13 20 22 23 25 32 33
12 16 17 20 25 28 29 33
10 17 18 19 26 27 28 35
13 14 18 22 23 27 31 32
13 14 18 20 25 27 31 32
9 12 14 19 26 31 33 36
8 13 17 21 24 28 32 37
8 13 14 22 23 31 32 37
8 11 19 20 25 26 34 37
14 15 16 19 26 29 30 31
6 15 21 22 23 24 30 39
12 15 18 20 25 27 30 33
14 15 16 22 23 29 30 31
12 15 18 19 26 27 30 33
14 15 16 20 25 29 30 31
13 15 17 21 24 28 30 32
12 15 16 18 27 29 30 33
11 12 15 19 26 30 33 34
12 13 15 17 28 30 32 33
7 14 16 21 24 29 31 38
9 12 16 21 24 29 33 36
11 12 20 22 23 25 33 34
6 17 21 22 23 24 28 39
8 12 14 19 26 31 33 37
8 13 21 22 23 24 32 37
10 12 14 19 26 31 33 35
8 14 19 22 23 26 31 37
12 14 19 22 23 26 31 33
10 12 16 22 23 29 33 35
11 12 14 20 25 31 33 34
13 15 17 22 23 28 30 32
11 15 19 20 25 26 30 34
11 15 16 19 26 29 30 34
13 15 17 20 25 28 30 32
14 15 16 18 27 29 30 31
12 15 17 18 27 28 30 33
13 15 17 18 27 28 30 32
11 12 19 22 23 26 33 34
8 14 16 21 24 29 31 37
11 12 16 22 23 29 33 34
7 14 21 22 23 24 31 38
8 16 20 21 24 25 29 37
11 12 14 22 23 31 33 34
6 13 19 21 24 26 32 39
9 11 12 22 23 33 34 36
8 16 19 21 24 26 29 37
11 12 18 22 23 27 33 34
9 12 19 21 24 26 33 36
9 12 21 22 23 24 33 36
12 13 19 20 25 26 32 33
11 14 20 22 23 25 31 34
10 14 20 21 24 25 31 35
10 12 21 22 23 24 33 35
12 14 19 21 24 26 31 33
10 14 17 21 24 28 31 35
12 14 17 19 26 28 31 33
12 13 20 21 24 25 32 33
10 11 20 21 24 25 34 35
13 14 18 19 26 27 31 32
10 17 18 20 25 27 28 35
7 14 16 22 23 29 31 38
8 14 16 22 23 29 31 37
10 13 19 22 23 26 32 35
10 16 19 20 25 26 29 35
11 16 18 22 23 27 29 34
13 14 17 18 27 28 31 32
11 13 21 22 23 24 32 34
12 13 16 17 28 29 32 33
10 13 18 22 23 27 32 35
11 12 21 22 23 24 33 34
11 13 16 22 23 29 32 34
10 11 17 20 25 28 34 35
13 14 17 19 26 28 31 32
11 13 19 22 23 26 32 34
10 13 16 20 25 29 32 35
10 12 20 21 24 25 33 35
10 14 17 20 25 28 31 35
7 12 13 20 25 32 33 38
10 12 13 22 23 32 33 35
8 11 13 21 24 32 34 37
7 10 17 21 24 28 35 38
12 14 17 21 24 28 31 33
13 14 16 17 28 29 31 32
12 13 19 21 24 26 32 33
10 11 14 21 24 31 34 35
9 13 14 22 23 31 32 36
9 10 17 19 26 28 35 36
8 11 18 19 26 27 34 37
10 11 13 21 24 32 34 35
6 8 14 22 23 31 37 39
9 11 14 20 25 31 34 36
9 10 13 22 23 32 35 36
9 11 16 20 25 29 34 36
12 15 16 21 24 29 30 33
14 15 17 22 23 28 30 31
14 15 17 18 27 28 30 31
14 15 17 19 26 28 30 31
13 15 19 21 24 26 30 32
12 15 21 22 23 24 30 33
14 15 17 20 25 28 30 31
12 15 19 21 24 26 30 33
12 15 17 21 24 28 30 33
13 15 16 22 23 29 30 32
12 15 20 21 24 25 30 33
11 15 17 20 25 28 30 34
13 15 19 22 23 26 30 32
14 15 17 21 24 28 30 31
13 15 18 19 26 27 30 32
13 15 16 20 25 29 30 32
12 13 15 19 26 30 32 33
9 15 18 22 23 27 30 36
9 15 18 20 25 27 30 36
6 15 20 21 24 25 30 39
10 11 16 18 27 29 34 35
10 13 20 22 23 25 32 35
10 15 20 22 23 25 30 35
5 10 20 22 23 25 35 40
10 15 20 21 24 25 30 35
10 15 16 20 25 29 30 35
10 15 19 20 25 26 30 35
10 15 18 20 25 27 30 35
11 14 17 22 23 28 31 34
7 8 16 22 23 29 37 38
8 14 15 22 23 30 31 37
9 15 18 21 24 27 30 36
11 14 17 20 25 28 31 34
10 11 12 22 23 33 34 35
6 15 18 21 24 27 30 39
9 17 18 19 26 27 28 36
9 16 18 20 25 27 29 36
8 13 16 21 24 29 32 37
6 12 18 21 24 27 33 39
9 14 17 18 27 28 31 36
9 10 18 20 25 27 35 36
13 15 16 19 26 29 30 32
12 15 16 17 28 29 30 33
13 14 15 18 27 30 31 32
12 13 15 20 25 30 32 33
10 14 15 21 24 30 31 35
8 10 17 20 25 28 35 37
6 9 12 21 24 33 36 39
9 14 17 19 26 28 31 36
12 13 16 20 25 29 32 33
12 13 14 19 26 31 32 33
10 11 14 20 25 31 34 35
8 10 12 20 25 33 35 37
11 15 16 18 27 29 30 34
10 13 15 22 23 30 32 35
11 14 15 20 25 30 31 34
10 15 17 18 27 28 30 35
12 14 15 19 26 30 31 33
11 12 15 22 23 30 33 34
11 16 17 18 27 28 29 34
8 11 14 22 23 31 34 37
10 12 14 21 24 31 33 35
8 10 16 19 26 29 35 37
11 12 17 22 23 28 33 34
11 13 16 21 24 29 32 34
10 14 17 18 27 28 31 35
12 14 16 17 28 29 31 33
13 14 16 18 27 29 31 32
11 12 13 21 24 32 33 34
10 11 12 21 24 33 34 35
8 11 17 19 26 28 34 37
8 12 13 21 24 32 33 37
10 13 16 22 23 29 32 35
10 12 13 20 25 32 33 35
9 10 16 20 25 29 35 36
9 12 18 21 24 27 33 36
13 15 16 17 28 29 30 32
13 14 15 17 28 30 31 32
8 12 16 21 24 29 33 37
9 13 18 22 23 27 32 36
6 9 18 21 24 27 36 39
6 12 15 21 24 30 33 39
9 12 15 21 24 30 33 36
3 6 12 21 24 33 39 42
7 8 15 22 23 30 37 38
6 9 15 21 24 30 36 39
5 10 15 20 25 30 35 40
