25 8 9 16 17
25 8 11 12 13 14 17
25 8 10 12 13 15 17
25 8 10 11 14 15 17
25 8 9 12 13 16 17
25 7 9 10 15 16 18
25 7 9 12 13 16 18
25 8 9 10 15 16 17
25 7 8 11 14 17 18
25 7 11 12 13 14 18
25 8 9 11 14 16 17
25 7 9 11 14 16 18
25 7 8 10 15 17 18
25 8 10 11 12 13 14 15 17
25 8 9 11 12 13 14 16 17
25 8 9 10 12 13 15 16 17
25 8 9 10 11 14 15 16 17
25 7 10 11 12 13 14 15 18
25 7 8 11 12 13 14 17 18
25 7 9 10 12 13 15 16 18
25 7 9 11 12 13 14 16 18
25 7 9 10 11 14 15 16 18
25 7 8 9 12 13 16 17 18
25 7 8 10 11 14 15 17 18
25 7 8 10 12 13 15 17 18
25 7 8 9 11 14 16 17 18
25 7 8 9 10 15 16 17 18
25 8 9 10 11 12 13 14 15 16 17
25 7 9 10 11 12 13 14 15 16 18
25 7 8 10 11 12 13 14 15 17 18
25 7 8 9 11 12 13 14 16 17 18
25 7 8 9 10 11 14 15 16 17 18
25 7 8 9 10 12 13 15 16 17 18
25 7 8 9 10 11 12 13 14 15 16 17 18
