24 6 12 18
24 6 9 15 18
24 7 11 12 13 17
24 6 11 12 13 18
24 6 10 12 14 18
24 4 6 12 18 20
24 7 10 12 14 17
24 4 10 12 14 20
24 6 8 12 16 18
24 5 7 12 17 19
24 2 10 12 14 22
24 3 9 12 15 21
24 6 9 12 15 18
24 6 10 11 13 14 18
24 4 6 9 15 18 20
24 6 7 10 14 17 18
24 6 7 9 15 17 18
24 6 9 10 14 15 18
24 6 9 11 13 15 18
24 7 9 10 14 15 17
24 6 7 11 13 17 18
24 5 6 11 13 18 19
24 4 9 11 13 15 20
24 7 8 9 15 16 17
24 3 10 11 13 14 21
24 6 8 10 14 16 18
24 5 9 10 14 15 19
24 4 6 10 14 18 20
24 6 8 9 15 16 18
24 3 6 9 15 18 21
24 7 9 11 12 13 15 17
24 5 9 11 12 13 15 19
24 7 8 11 12 13 16 17
24 4 6 11 12 13 18 20
24 6 10 11 12 13 14 18
24 7 10 11 12 13 14 17
24 7 9 10 12 14 15 17
24 4 10 11 12 13 14 20
24 4 9 10 12 14 15 20
24 5 10 11 12 13 14 19
24 2 9 10 12 14 15 22
24 4 7 10 12 14 17 20
24 5 7 11 12 13 17 19
24 3 9 11 12 13 15 21
24 6 8 11 12 13 16 18
24 3 9 10 12 14 15 21
24 5 7 9 12 15 17 19
24 3 4 9 12 15 20 21
24 4 5 7 12 17 19 20
24 4 6 9 12 15 18 20
24 6 9 11 12 13 15 18
24 6 9 10 12 14 15 18
24 6 7 9 12 15 17 18
24 6 7 10 12 14 17 18
24 2 10 11 12 13 14 22
24 6 8 10 12 14 16 18
24 3 10 11 12 13 14 21
24 4 9 11 12 13 15 20
24 7 8 9 12 15 16 17
24 4 7 11 12 13 17 20
24 2 4 10 12 14 20 22
24 4 6 10 12 14 18 20
24 7 8 10 12 14 16 17
24 5 8 11 12 13 16 19
24 3 8 9 12 15 16 21
24 2 6 10 12 14 18 22
24 6 8 9 12 15 16 18
24 5 6 11 12 13 18 19
24 6 7 11 12 13 17 18
24 7 9 10 11 13 14 15 17
24 5 6 7 9 15 17 18 19
24 6 9 10 11 13 14 15 18
24 2 6 10 11 13 14 18 22
24 2 6 9 10 14 15 18 22
24 4 6 7 9 15 17 18 20
24 4 7 9 10 14 15 17 20
24 4 5 6 11 13 18 19 20
24 7 8 9 11 13 15 16 17
24 5 9 10 11 13 14 15 19
24 4 5 7 9 15 17 19 20
24 3 4 9 11 13 15 20 21
24 3 4 10 11 13 14 20 21
24 7 8 9 10 14 15 16 17
24 6 7 8 9 15 16 17 18
24 5 7 8 9 15 16 17 19
24 3 8 9 11 13 15 16 21
24 3 7 9 10 14 15 17 21
24 3 9 10 11 13 14 15 21
24 6 8 10 11 13 14 16 18
24 2 9 10 11 13 14 15 22
24 4 6 10 11 13 14 18 20
24 5 6 10 11 13 14 18 19
24 2 7 9 10 14 15 17 22
24 6 7 10 11 13 14 17 18
24 4 6 9 11 13 15 18 20
24 3 6 10 11 13 14 18 21
24 3 6 9 10 14 15 18 21
24 4 6 8 9 15 16 18 20
24 3 4 6 9 15 18 20 21
24 5 6 9 10 14 15 18 19
24 4 7 9 11 13 15 17 20
24 2 5 7 9 15 17 19 22
24 6 7 9 10 14 15 17 18
24 4 5 9 11 13 15 19 20
24 5 6 7 11 13 17 18 19
24 6 8 9 11 13 15 16 18
24 5 6 7 10 14 17 18 19
24 3 6 9 11 13 15 18 21
24 6 7 9 11 13 15 17 18
24 3 7 10 11 13 14 17 21
24 3 5 6 11 13 18 19 21
24 5 6 9 11 13 15 18 19
24 6 7 8 11 13 16 17 18
24 4 7 8 9 15 16 17 20
24 4 6 7 10 14 17 18 20
24 3 5 10 11 13 14 19 21
24 4 8 9 11 13 15 16 20
24 3 6 8 9 15 16 18 21
24 6 8 9 10 14 15 16 18
24 6 7 8 10 14 16 17 18
24 5 7 9 10 14 15 17 19
24 4 6 9 10 14 15 18 20
24 2 4 6 10 14 18 20 22
24 7 9 10 11 12 13 14 15 17
24 3 5 7 11 12 13 17 19 21
24 3 5 9 11 12 13 15 19 21
24 3 7 9 11 12 13 15 17 21
24 4 6 7 9 12 15 17 18 20
24 6 9 10 11 12 13 14 15 18
24 4 5 10 11 12 13 14 19 20
24 4 7 9 10 12 14 15 17 20
24 5 7 9 11 12 13 15 17 19
24 3 4 10 11 12 13 14 20 21
24 7 8 9 10 12 14 15 16 17
24 6 8 10 11 12 13 14 16 18
24 7 8 9 11 12 13 15 16 17
24 2 4 9 10 12 14 15 20 22
24 6 7 10 11 12 13 14 17 18
24 5 6 10 11 12 13 14 18 19
24 4 6 10 11 12 13 14 18 20
24 4 7 9 11 12 13 15 17 20
24 4 5 9 11 12 13 15 19 20
24 7 8 10 11 12 13 14 16 17
24 2 7 9 10 12 14 15 17 22
24 6 8 9 11 12 13 15 16 18
24 4 5 6 11 12 13 18 19 20
24 2 6 10 11 12 13 14 18 22
24 6 7 9 10 12 14 15 17 18
24 6 7 9 11 12 13 15 17 18
24 3 5 6 11 12 13 18 19 21
24 6 7 8 9 12 15 16 17 18
24 3 5 10 11 12 13 14 19 21
24 6 7 8 10 12 14 16 17 18
24 3 4 9 11 12 13 15 20 21
24 4 5 7 11 12 13 17 19 20
24 4 5 7 9 12 15 17 19 20
24 3 9 10 11 12 13 14 15 21
24 3 6 10 11 12 13 14 18 21
24 6 8 9 10 12 14 15 16 18
24 4 6 9 10 12 14 15 18 20
24 2 4 10 11 12 13 14 20 22
24 4 6 7 10 12 14 17 18 20
24 3 5 7 9 12 15 17 19 21
24 1 5 7 11 12 13 17 19 23
24 6 7 8 11 12 13 16 17 18
24 2 6 9 10 12 14 15 18 22
24 2 5 10 11 12 13 14 19 22
24 2 4 6 10 12 14 18 20 22
24 4 5 6 7 9 15 17 18 19 20
24 7 8 9 10 11 13 14 15 16 17
24 5 6 7 8 9 15 16 17 18 19
24 2 3 6 9 10 14 15 18 21 22
24 3 5 6 7 9 15 17 18 19 21
24 2 6 9 10 11 13 14 15 18 22
24 3 4 5 7 11 13 17 19 20 21
24 3 4 5 9 11 13 15 19 20 21
24 2 5 6 7 10 14 17 18 19 22
24 2 5 6 10 11 13 14 18 19 22
24 2 6 7 9 10 14 15 17 18 22
24 2 6 7 10 11 13 14 17 18 22
24 3 4 5 6 11 13 18 19 20 21
24 3 4 5 10 11 13 14 19 20 21
24 2 5 6 7 9 15 17 18 19 22
24 3 7 9 10 11 13 14 15 17 21
24 3 4 6 10 11 13 14 18 20 21
24 2 4 7 9 10 14 15 17 20 22
24 5 6 7 10 11 13 14 17 18 19
24 3 4 8 9 11 13 15 16 20 21
24 4 5 6 10 11 13 14 18 19 20
24 4 5 7 8 9 15 16 17 19 20
24 3 4 5 7 9 15 17 19 20 21
24 3 4 7 9 11 13 15 17 20 21
24 3 5 7 9 10 14 15 17 19 21
24 5 6 9 10 11 13 14 15 18 19
24 3 5 7 8 9 15 16 17 19 21
24 4 5 7 9 11 13 15 17 19 20
24 2 5 7 9 10 14 15 17 19 22
24 2 5 6 7 11 13 17 18 19 22
24 3 5 6 10 11 13 14 18 19 21
24 2 3 5 10 11 13 14 19 21 22
24 2 5 9 10 11 13 14 15 19 22
24 5 7 9 10 11 13 14 15 17 19
24 4 6 8 9 11 13 15 16 18 20
24 4 6 7 8 9 15 16 17 18 20
24 6 8 9 10 11 13 14 15 16 18
24 6 7 9 10 11 13 14 15 17 18
24 5 6 7 9 10 14 15 17 18 19
24 2 7 9 10 11 13 14 15 17 22
24 6 7 8 10 11 13 14 16 17 18
24 2 5 7 9 11 13 15 17 19 22
24 3 6 7 9 10 14 15 17 18 21
24 6 7 8 9 11 13 15 16 17 18
24 3 5 9 10 11 13 14 15 19 21
24 2 3 9 10 11 13 14 15 21 22
24 3 4 6 9 11 13 15 18 20 21
24 3 6 9 10 11 13 14 15 18 21
24 3 6 7 10 11 13 14 17 18 21
24 6 7 8 9 10 14 15 16 17 18
24 3 6 8 9 11 13 15 16 18 21
24 3 4 6 8 9 15 16 18 20 21
24 2 3 5 7 11 13 17 19 21 22
24 5 6 7 9 11 13 15 17 18 19
24 3 5 6 7 11 13 17 18 19 21
24 3 5 7 10 11 13 14 17 19 21
24 2 4 6 9 10 14 15 18 20 22
24 4 6 7 9 10 14 15 17 18 20
24 3 5 6 9 11 13 15 18 19 21
24 3 6 7 9 11 13 15 17 18 21
24 2 4 6 10 11 13 14 18 20 22
24 1 5 6 7 11 13 17 18 19 23
24 7 8 9 10 11 12 13 14 15 16 17
24 3 5 7 9 11 12 13 15 17 19 21
24 3 4 5 10 11 12 13 14 19 20 21
24 3 4 5 9 11 12 13 15 19 20 21
24 3 4 5 7 11 12 13 17 19 20 21
24 2 4 7 9 10 12 14 15 17 20 22
24 3 4 5 6 11 12 13 18 19 20 21
24 4 5 6 10 11 12 13 14 18 19 20
24 3 4 6 10 11 12 13 14 18 20 21
24 6 7 8 10 11 12 13 14 16 17 18
24 6 7 8 9 11 12 13 15 16 17 18
24 6 7 8 9 10 12 14 15 16 17 18
24 6 8 9 10 11 12 13 14 15 16 18
24 6 7 9 10 11 12 13 14 15 17 18
24 1 5 7 9 11 12 13 15 17 19 23
24 2 6 7 9 10 12 14 15 17 18 22
24 3 5 6 10 11 12 13 14 18 19 21
24 2 3 5 10 11 12 13 14 19 21 22
24 2 5 6 10 11 12 13 14 18 19 22
24 2 4 5 10 11 12 13 14 19 20 22
24 4 6 7 9 10 12 14 15 17 18 20
24 2 4 6 10 11 12 13 14 18 20 22
24 2 4 6 9 10 12 14 15 18 20 22
24 3 4 5 7 9 12 15 17 19 20 21
24 1 4 5 7 11 12 13 17 19 20 23
24 4 5 7 9 11 12 13 15 17 19 20
24 3 4 7 9 11 12 13 15 17 20 21
