24 3 6 9 12 15 18 21
24 3 6 9 11 12 13 15 18 21
24 3 6 9 10 12 14 15 18 21
24 3 4 6 9 12 15 18 20 21
24 3 6 8 9 12 15 16 18 21
24 3 4 7 10 11 12 13 14 17 20 21
24 3 5 6 9 11 12 13 15 18 19 21
24 3 6 7 9 11 12 13 15 17 18 21
24 3 6 9 10 11 12 13 14 15 18 21
24 3 4 6 9 11 12 13 15 18 20 21
24 3 6 8 9 11 12 13 15 16 18 21
24 3 6 8 9 10 12 14 15 16 18 21
24 2 5 7 9 10 12 14 15 17 19 22
24 3 6 7 9 10 12 14 15 17 18 21
24 3 4 6 9 10 12 14 15 18 20 21
24 2 3 6 9 10 12 14 15 18 21 22
24 3 5 6 7 9 12 15 17 18 19 21
24 2 5 6 7 10 12 14 17 18 19 22
24 3 4 5 8 11 12 13 16 19 20 21
24 3 5 6 8 11 12 13 16 18 19 21
24 3 4 6 8 9 12 15 16 18 20 21
24 1 5 6 7 11 12 13 17 18 19 23
