21 10 11
21 9 12
21 7 14
21 9 10 11 12
21 4 10 11 17
21 8 10 11 13
21 8 9 12 13
21 6 8 13 15
21 7 10 11 14
21 7 9 12 14
21 5 10 11 16
21 3 4 10 11 17 18
21 8 9 10 11 12 13
21 7 9 10 11 12 14
21 7 8 10 11 13 14
21 7 8 9 12 13 14
21 4 5 10 11 16 17
21 4 8 10 11 13 17
21 5 8 10 11 13 16
21 4 7 10 11 14 17
21 2 8 10 11 13 19
21 5 7 10 11 14 16
21 7 8 9 10 11 12 13 14
21 4 7 8 10 11 13 14 17
21 2 4 5 10 11 16 17 19
21 4 5 8 10 11 13 16 17
21 2 5 8 10 11 13 16 19
21 5 7 8 10 11 13 14 16
21 2 7 8 10 11 13 14 19
21 4 5 7 10 11 14 16 17
21 2 5 7 8 10 11 13 14 16 19
21 2 4 5 7 10 11 14 16 17 19
21 2 4 5 8 10 11 13 16 17 19
21 4 5 7 8 10 11 13 14 16 17
