18 8 10
18 6 12
18 8 9 10
18 6 9 12
18 4 5 13 14
18 7 8 10 11
18 3 8 10 15
18 6 7 11 12
18 6 8 10 12
18 5 8 10 13
18 4 8 10 14
18 3 6 12 15
18 7 8 9 10 11
18 3 8 9 10 15
18 6 8 9 10 12
18 6 7 9 11 12
18 4 8 9 10 14
18 3 4 5 13 14 15
18 4 5 6 12 13 14
18 6 7 8 10 11 12
18 5 7 8 10 11 13
18 3 4 8 10 14 15
18 4 5 7 11 13 14
18 2 7 8 10 11 16
18 3 6 7 11 12 15
18 3 6 8 10 12 15
18 4 7 8 10 11 14
18 2 5 7 11 13 16
18 4 5 8 10 13 14
18 2 4 8 10 14 16
18 6 7 8 9 10 11 12
18 3 4 8 9 10 14 15
18 2 4 8 9 10 14 16
18 3 4 5 6 12 13 14 15
18 2 4 5 7 11 13 14 16
18 2 3 4 8 10 14 15 16
18 2 5 7 8 10 11 13 16
18 1 5 7 8 10 11 13 17
18 2 4 7 8 10 11 14 16
18 4 5 7 8 10 11 13 14
