10 11
9 12
7 14
9 10 11 12
4 10 11 17
8 10 11 13
8 9 12 13
6 8 13 15
7 10 11 14
7 9 12 14
5 10 11 16
3 4 10 11 17 18
8 9 10 11 12 13
7 9 10 11 12 14
7 8 10 11 13 14
7 8 9 12 13 14
4 5 10 11 16 17
4 8 10 11 13 17
5 8 10 11 13 16
4 7 10 11 14 17
2 8 10 11 13 19
5 7 10 11 14 16
7 8 9 10 11 12 13 14
4 7 8 10 11 13 14 17
2 4 5 10 11 16 17 19
4 5 8 10 11 13 16 17
2 5 8 10 11 13 16 19
5 7 8 10 11 13 14 16
2 7 8 10 11 13 14 19
4 5 7 10 11 14 16 17
2 5 7 8 10 11 13 14 16 19
2 4 5 7 10 11 14 16 17 19
2 4 5 8 10 11 13 16 17 19
4 5 7 8 10 11 13 14 16 17
