13 14
12 15
9 18
8 10 17 19
12 13 14 15
11 13 14 16
10 12 15 17
10 13 14 17
11 12 15 16
9 13 14 18
9 12 15 18
8 11 16 19
6 12 15 21
4 5 13 14 22 23
11 12 13 14 15 16
10 12 13 14 15 17
10 11 13 14 16 17
10 11 12 15 16 17
6 7 11 16 20 21
8 10 12 15 17 19
7 11 12 15 16 20
8 10 13 14 17 19
9 11 13 14 16 18
9 11 12 15 16 18
9 12 13 14 15 18
9 10 12 15 17 18
9 10 13 14 17 18
8 11 13 14 16 19
6 12 13 14 15 21
6 10 12 15 17 21
7 8 11 16 19 20
7 10 11 16 17 20
6 11 12 15 16 21
8 10 11 16 17 19
7 11 13 14 16 20
7 10 13 14 17 20
5 8 13 14 19 22
3 6 12 15 21 24
10 11 12 13 14 15 16 17
4 5 12 13 14 15 22 23
9 11 12 13 14 15 16 18
9 10 12 13 14 15 17 18
9 10 11 12 15 16 17 18
9 10 11 13 14 16 17 18
5 6 12 13 14 15 21 22
6 8 10 12 15 17 19 21
6 7 11 12 15 16 20 21
8 10 11 13 14 16 17 19
4 5 11 13 14 16 22 23
7 10 11 13 14 16 17 20
7 8 10 13 14 17 19 20
5 10 11 13 14 16 17 22
4 10 11 13 14 16 17 23
7 8 11 13 14 16 19 20
4 8 10 13 14 17 19 23
5 8 10 13 14 17 19 22
7 8 10 11 16 17 19 20
3 6 12 13 14 15 21 24
5 8 10 11 16 17 19 22
5 8 11 13 14 16 19 22
5 7 8 13 14 19 20 22
4 5 10 13 14 17 22 23
9 10 11 12 13 14 15 16 17 18
4 5 6 12 13 14 15 21 22 23
4 5 7 11 13 14 16 20 22 23
3 6 8 10 12 15 17 19 21 24
5 8 10 11 13 14 16 17 19 22
7 8 10 11 13 14 16 17 19 20
4 8 10 11 13 14 16 17 19 23
2 8 10 11 13 14 16 17 19 25
4 7 10 11 13 14 16 17 20 23
4 5 8 10 13 14 17 19 22 23
5 7 10 11 13 14 16 17 20 22
4 7 8 11 13 14 16 19 20 23
5 7 8 10 13 14 17 19 20 22
4 5 10 11 13 14 16 17 22 23
4 5 8 11 13 14 16 19 22 23
4 5 7 8 13 14 19 20 22 23
5 7 8 11 13 14 16 19 20 22
3 4 5 6 12 13 14 15 21 22 23 24
2 4 5 7 11 13 14 16 20 22 23 25
2 5 8 10 11 13 14 16 17 19 22 25
4 5 7 10 11 13 14 16 17 20 22 23
4 5 7 8 11 13 14 16 19 20 22 23
4 5 8 10 11 13 14 16 17 19 22 23
4 5 7 8 10 13 14 17 19 20 22 23
2 5 7 8 11 13 14 16 19 20 22 25
4 7 8 10 11 13 14 16 17 19 20 23
2 7 8 10 11 13 14 16 17 19 20 25
5 7 8 10 11 13 14 16 17 19 20 22
