4 8 12 16 20 24
4 8 12 14 16 20 24
4 7 8 12 16 20 21 24
4 8 12 13 15 16 20 24
4 6 10 12 16 18 22 24
4 8 10 12 16 18 20 24
4 8 12 13 14 15 16 20 24
4 5 9 10 14 18 19 23 24
4 6 8 10 14 18 20 22 24
4 6 10 12 14 16 18 22 24
4 7 8 12 14 16 20 21 24
4 8 10 12 14 16 18 20 24
4 6 10 12 13 15 16 18 22 24
4 6 7 10 12 16 18 21 22 24
4 6 9 10 13 15 18 19 22 24
4 8 10 11 12 16 17 18 20 24
4 7 8 10 12 16 18 20 21 24
4 8 10 12 13 15 16 18 20 24
4 7 8 12 13 15 16 20 21 24
4 8 11 12 13 15 16 17 20 24
4 8 9 12 13 15 16 19 20 24
3 6 9 12 13 15 16 19 22 25
4 6 10 11 12 16 17 18 22 24
4 6 9 10 12 16 18 19 22 24
4 5 8 9 12 16 19 20 23 24
4 8 9 10 12 16 18 19 20 24
2 6 8 10 12 16 18 20 22 26
4 6 8 10 12 16 18 20 22 24
4 5 9 10 11 14 17 18 19 23 24
4 6 8 10 13 14 15 18 20 22 24
4 6 10 12 13 14 15 16 18 22 24
4 8 10 12 13 14 15 16 18 20 24
4 8 10 11 12 14 16 17 18 20 24
4 5 7 9 12 14 16 19 21 23 24
4 6 7 10 11 14 17 18 21 22 24
3 7 8 10 11 14 17 18 20 21 25
4 8 11 12 13 14 15 16 17 20 24
4 8 9 12 13 14 15 16 19 20 24
3 6 9 12 13 14 15 16 19 22 25
4 7 8 12 13 14 15 16 20 21 24
4 6 9 10 13 14 15 18 19 22 24
4 5 6 9 10 14 18 19 22 23 24
4 5 9 10 13 14 15 18 19 23 24
4 5 8 9 10 14 18 19 20 23 24
4 6 7 10 12 14 16 18 21 22 24
4 6 8 9 10 14 18 19 20 22 24
4 6 8 10 11 14 17 18 20 22 24
3 6 8 10 11 14 17 18 20 22 25
4 5 9 10 12 14 16 18 19 23 24
4 7 8 10 12 14 16 18 20 21 24
4 6 7 8 10 14 18 20 21 22 24
4 5 7 9 10 14 18 19 21 23 24
4 6 9 10 12 14 16 18 19 22 24
4 6 10 11 12 14 16 17 18 22 24
4 8 9 10 12 14 16 18 19 20 24
4 6 8 10 12 14 16 18 20 22 24
4 5 8 9 12 14 16 19 20 23 24
