12 16
13 14 15
12 14 16
7 10 18 21
12 13 15 16
7 12 16 21
10 11 17 18
9 12 16 19
10 13 15 18
11 12 16 17
10 12 16 18
6 8 20 22
12 13 14 15 16
11 13 14 15 17
11 12 14 16 17
10 13 14 15 18
10 11 14 17 18
10 12 14 16 18
6 7 8 20 21 22
11 12 13 15 16 17
3 10 11 17 18 25
7 11 12 16 17 21
10 12 13 15 16 18
10 11 13 15 17 18
7 10 13 15 18 21
6 8 9 19 20 22
5 6 9 19 22 23
5 8 9 19 20 23
5 9 12 16 19 23
6 8 13 15 20 22
10 11 12 16 17 18
11 12 13 14 15 16 17
10 12 13 14 15 16 18
10 11 12 14 16 17 18
10 11 13 14 15 17 18
3 4 10 11 17 18 24 25
6 7 8 9 19 20 21 22
10 11 12 13 15 16 17 18
5 6 8 9 19 20 22 23
5 6 7 9 19 21 22 23
5 7 8 9 19 20 21 23
10 11 12 13 14 15 16 17 18
5 6 7 8 9 19 20 21 22 23
