8 10
6 12
8 9 10
6 9 12
4 5 13 14
7 8 10 11
3 8 10 15
6 7 11 12
6 8 10 12
5 8 10 13
4 8 10 14
3 6 12 15
7 8 9 10 11
3 8 9 10 15
6 8 9 10 12
6 7 9 11 12
4 8 9 10 14
3 4 5 13 14 15
4 5 6 12 13 14
6 7 8 10 11 12
5 7 8 10 11 13
3 4 8 10 14 15
4 5 7 11 13 14
2 7 8 10 11 16
3 6 7 11 12 15
3 6 8 10 12 15
4 7 8 10 11 14
2 5 7 11 13 16
4 5 8 10 13 14
2 4 8 10 14 16
6 7 8 9 10 11 12
3 4 8 9 10 14 15
2 4 8 9 10 14 16
3 4 5 6 12 13 14 15
2 4 5 7 11 13 14 16
2 3 4 8 10 14 15 16
2 5 7 8 10 11 13 16
1 5 7 8 10 11 13 17
2 4 7 8 10 11 14 16
4 5 7 8 10 11 13 14
