16 17 18 19 20 21 22 23 24
15 17 18 19 20 21 22 23 25
15 16 17 19 20 21 23 24 25
15 16 17 18 20 22 23 24 25
7 9 15 17 20 23 25 31 33
3 11 13 19 20 21 27 29 37
4 12 13 19 20 21 27 28 36
4 12 15 17 20 23 25 28 36
4 11 12 19 20 21 28 29 36
7 9 12 15 20 25 28 31 33
5 11 12 19 20 21 28 29 35
7 12 15 17 20 23 25 28 33
11 12 13 19 20 21 27 28 29
9 12 15 17 20 23 25 28 31
7 9 12 17 20 23 28 31 33
15 16 18 19 20 21 22 24 25
14 16 18 19 20 21 22 24 26
14 16 17 18 20 22 23 24 26
14 17 18 19 20 21 22 23 26
14 16 17 19 20 21 23 24 26
14 15 18 19 20 21 22 25 26
14 15 16 19 20 21 24 25 26
14 15 16 17 20 23 24 25 26
14 15 16 18 20 22 24 25 26
14 15 17 18 20 22 23 25 26
14 15 17 19 20 21 23 25 26
13 16 17 19 20 21 23 24 27
13 15 18 19 20 21 22 25 27
13 15 17 18 20 22 23 25 27
13 16 17 18 20 22 23 24 27
13 17 18 19 20 21 22 23 27
13 15 17 19 20 21 23 25 27
13 16 18 19 20 21 22 24 27
13 15 16 19 20 21 24 25 27
13 15 16 18 20 22 24 25 27
13 15 16 17 20 23 24 25 27
12 15 18 19 20 21 22 25 28
12 15 17 18 20 22 23 25 28
12 15 17 19 20 21 23 25 28
9 13 17 19 20 21 23 27 31
11 15 16 19 20 21 24 25 29
11 15 17 19 20 21 23 25 29
11 16 17 19 20 21 23 24 29
11 13 15 17 20 23 25 27 29
9 15 17 19 20 21 23 25 31
7 15 17 19 20 21 23 25 33
9 13 15 17 20 23 25 27 31
11 13 17 19 20 21 23 27 29
7 11 17 19 20 21 23 29 33
11 14 17 19 20 21 23 26 29
12 13 18 19 20 21 22 27 28
11 13 15 19 20 21 25 27 29
11 14 16 17 20 23 24 26 29
11 15 16 17 20 23 24 25 29
11 14 16 19 20 21 24 26 29
12 13 17 19 20 21 23 27 28
12 13 17 18 20 22 23 27 28
9 16 17 19 20 21 23 24 31
12 17 18 19 20 21 22 23 28
7 12 17 18 20 22 23 28 33
5 12 18 19 20 21 22 28 35
8 15 18 19 20 21 22 25 32
8 14 17 19 20 21 23 26 32
9 14 16 19 20 21 24 26 31
11 12 15 19 20 21 25 28 29
10 11 12 13 20 27 28 29 30
10 13 16 19 20 21 24 27 30
10 14 17 18 20 22 23 26 30
10 13 18 19 20 21 22 27 30
10 12 13 19 20 21 27 28 30
10 11 16 17 20 23 24 29 30
10 16 18 19 20 21 22 24 30
10 17 18 19 20 21 22 23 30
4 10 12 19 20 21 28 30 36
10 16 17 19 20 21 23 24 30
10 16 17 18 20 22 23 24 30
10 14 18 19 20 21 22 26 30
10 14 17 19 20 21 23 26 30
10 13 16 18 20 22 24 27 30
10 12 17 19 20 21 23 28 30
13 14 17 18 20 22 23 26 27
13 14 17 19 20 21 23 26 27
13 14 16 17 20 23 24 26 27
13 14 16 19 20 21 24 26 27
13 14 15 18 20 22 25 26 27
13 14 15 16 20 24 25 26 27
13 14 15 17 20 23 25 26 27
12 15 16 18 20 22 24 25 28
12 15 16 19 20 21 24 25 28
12 15 16 17 20 23 24 25 28
11 15 17 18 20 22 23 25 29
11 14 17 18 20 22 23 26 29
11 15 16 18 20 22 24 25 29
11 14 18 19 20 21 22 26 29
12 16 17 19 20 21 23 24 28
11 16 17 18 20 22 23 24 29
12 13 16 19 20 21 24 27 28
11 15 18 19 20 21 22 25 29
12 16 17 18 20 22 23 24 28
4 12 15 18 20 22 25 28 36
4 12 18 19 20 21 22 28 36
11 12 18 19 20 21 22 28 29
11 12 14 19 20 21 26 28 29
11 12 16 19 20 21 24 28 29
11 17 18 19 20 21 22 23 29
11 12 13 18 20 22 27 28 29
9 15 17 18 20 22 23 25 31
9 14 18 19 20 21 22 26 31
12 14 15 17 20 23 25 26 28
11 13 14 17 20 23 26 27 29
13 14 15 19 20 21 25 26 27
11 13 14 19 20 21 26 27 29
9 13 14 16 20 24 26 27 31
12 16 18 19 20 21 22 24 28
4 12 17 18 20 22 23 28 36
13 14 18 19 20 21 22 26 27
13 14 16 18 20 22 24 26 27
12 14 17 18 20 22 23 26 28
11 13 18 19 20 21 22 27 29
12 14 15 18 20 22 25 26 28
11 13 17 18 20 22 23 27 29
12 14 17 19 20 21 23 26 28
11 14 16 18 20 22 24 26 29
12 14 15 19 20 21 25 26 28
12 13 16 18 20 22 24 27 28
12 14 18 19 20 21 22 26 28
6 11 12 13 20 27 28 29 34
9 12 14 15 20 25 26 28 31
9 12 15 18 20 22 25 28 31
9 15 18 19 20 21 22 25 31
9 16 18 19 20 21 22 24 31
9 12 17 18 20 22 23 28 31
9 16 17 18 20 22 23 24 31
11 16 18 19 20 21 22 24 29
7 14 15 17 20 23 25 26 33
8 9 15 18 20 22 25 31 32
11 12 15 18 20 22 25 28 29
9 14 15 18 20 22 25 26 31
4 12 14 19 20 21 26 28 36
12 13 16 17 20 23 24 27 28
7 14 17 18 20 22 23 26 33
8 16 17 19 20 21 23 24 32
8 15 16 18 20 22 24 25 32
8 16 17 18 20 22 23 24 32
8 14 16 19 20 21 24 26 32
8 15 16 19 20 21 24 25 32
8 16 18 19 20 21 22 24 32
8 13 16 17 20 23 24 27 32
5 11 15 19 20 21 25 29 35
5 13 15 17 20 23 25 27 35
9 11 13 15 20 25 27 29 31
9 11 17 19 20 21 23 29 31
7 9 11 15 20 25 29 31 33
5 12 15 19 20 21 25 28 35
5 15 16 17 20 23 24 25 35
7 13 18 19 20 21 22 27 33
5 14 15 16 20 24 25 26 35
9 11 13 19 20 21 27 29 31
5 12 15 18 20 22 25 28 35
9 11 14 19 20 21 26 29 31
8 12 18 19 20 21 22 28 32
7 13 17 19 20 21 23 27 33
9 11 15 17 20 23 25 29 31
5 15 18 19 20 21 22 25 35
8 12 15 19 20 21 25 28 32
7 11 12 13 20 27 28 29 33
8 9 11 13 20 27 29 31 32
9 11 12 13 20 27 28 29 31
8 12 15 18 20 22 25 28 32
10 15 16 18 20 22 24 25 30
9 10 12 15 20 25 28 30 31
10 15 16 17 20 23 24 25 30
10 14 15 18 20 22 25 26 30
10 15 18 19 20 21 22 25 30
10 14 15 17 20 23 25 26 30
10 13 15 19 20 21 25 27 30
10 13 15 16 20 24 25 27 30
9 10 15 17 20 23 25 30 31
10 12 15 19 20 21 25 28 30
4 10 12 15 20 25 28 30 36
12 14 16 19 20 21 24 26 28
12 14 15 16 20 24 25 26 28
11 12 13 14 20 26 27 28 29
12 14 16 18 20 22 24 26 28
9 12 13 14 20 26 27 28 31
10 15 17 18 20 22 23 25 30
10 15 16 19 20 21 24 25 30
10 12 15 17 20 23 25 28 30
10 14 15 19 20 21 25 26 30
10 15 17 19 20 21 23 25 30
10 11 15 17 20 23 25 29 30
12 14 16 17 20 23 24 26 28
4 12 13 14 20 26 27 28 36
12 13 14 19 20 21 26 27 28
7 12 14 17 20 23 26 28 33
7 12 14 15 20 25 26 28 33
11 12 14 16 20 24 26 28 29
12 13 14 17 20 23 26 27 28
12 13 14 18 20 22 26 27 28
5 13 15 19 20 21 25 27 35
7 11 13 19 20 21 27 29 33
9 11 13 17 20 23 27 29 31
7 13 15 17 20 23 25 27 33
7 9 13 17 20 23 27 31 33
9 11 15 19 20 21 25 29 31
7 13 17 18 20 22 23 27 33
6 11 14 19 20 21 26 29 34
8 12 13 17 20 23 27 28 32
5 15 17 19 20 21 23 25 35
7 11 13 15 20 25 27 29 33
8 12 17 18 20 22 23 28 32
6 14 16 19 20 21 24 26 34
4 6 14 19 20 21 26 34 36
9 11 16 19 20 21 24 29 31
7 12 13 17 20 23 27 28 33
8 12 13 18 20 22 27 28 32
7 8 12 17 20 23 28 32 33
8 9 12 15 20 25 28 31 32
9 11 16 17 20 23 24 29 31
8 9 11 15 20 25 29 31 32
9 11 12 15 20 25 28 29 31
8 9 11 14 20 26 29 31 32
6 14 18 19 20 21 22 26 34
8 12 17 19 20 21 23 28 32
8 11 12 13 20 27 28 29 32
6 14 15 18 20 22 25 26 34
5 15 16 18 20 22 24 25 35
4 6 14 15 20 25 26 34 36
6 9 14 19 20 21 26 31 34
6 14 15 16 20 24 25 26 34
5 14 15 18 20 22 25 26 35
7 12 13 18 20 22 27 28 33
9 11 14 16 20 24 26 29 31
4 5 12 15 20 25 28 35 36
4 9 11 12 20 28 29 31 36
10 11 16 18 20 22 24 29 30
10 13 14 18 20 22 26 27 30
10 11 14 18 20 22 26 29 30
10 12 16 19 20 21 24 28 30
10 12 14 17 20 23 26 28 30
10 11 17 18 20 22 23 29 30
10 13 14 19 20 21 26 27 30
10 11 13 14 20 26 27 29 30
10 12 14 19 20 21 26 28 30
10 12 16 17 20 23 24 28 30
10 11 12 14 20 26 28 29 30
9 15 16 19 20 21 24 25 31
11 14 15 17 20 23 25 26 29
12 13 15 18 20 22 25 27 28
9 15 16 17 20 23 24 25 31
11 13 16 19 20 21 24 27 29
8 11 17 19 20 21 23 29 32
9 13 15 16 20 24 25 27 31
9 14 15 16 20 24 25 26 31
4 9 14 17 20 23 26 31 36
6 11 13 19 20 21 27 29 34
11 12 15 17 20 23 25 28 29
9 12 17 19 20 21 23 28 31
6 15 18 19 20 21 22 25 34
7 15 16 18 20 22 24 25 33
9 14 15 17 20 23 25 26 31
9 13 17 18 20 22 23 27 31
9 13 16 18 20 22 24 27 31
7 14 17 19 20 21 23 26 33
11 14 15 19 20 21 25 26 29
8 14 15 18 20 22 25 26 32
8 14 18 19 20 21 22 26 32
8 11 14 19 20 21 26 29 32
8 11 14 15 20 25 26 29 32
8 14 17 18 20 22 23 26 32
8 11 15 19 20 21 25 29 32
9 13 15 18 20 22 25 27 31
8 9 13 18 20 22 27 31 32
9 12 13 18 20 22 27 28 31
11 14 15 18 20 22 25 26 29
9 12 14 17 20 23 26 28 31
6 14 17 18 20 22 23 26 34
6 14 17 19 20 21 23 26 34
8 12 14 17 20 23 26 28 32
8 12 14 19 20 21 26 28 32
6 13 14 18 20 22 26 27 34
6 11 13 14 20 26 27 29 34
6 10 14 18 20 22 26 30 34
6 14 15 17 20 23 25 26 34
6 13 14 15 20 25 26 27 34
4 6 14 17 20 23 26 34 36
8 11 12 14 20 26 28 29 32
8 12 14 15 20 25 26 28 32
6 14 16 17 20 23 24 26 34
12 13 15 19 20 21 25 27 28
11 14 15 16 20 24 25 26 29
7 15 18 19 20 21 22 25 33
6 7 9 15 20 25 31 33 34
9 14 16 17 20 23 24 26 31
9 14 17 19 20 21 23 26 31
7 12 17 19 20 21 23 28 33
11 12 13 15 20 25 27 28 29
7 12 18 19 20 21 22 28 33
9 12 13 15 20 25 27 28 31
7 12 15 18 20 22 25 28 33
6 13 18 19 20 21 22 27 34
4 12 17 19 20 21 23 28 36
6 7 15 18 20 22 25 33 34
7 14 18 19 20 21 22 26 33
12 13 15 17 20 23 25 27 28
11 13 15 16 20 24 25 27 29
11 13 16 17 20 23 24 27 29
7 15 17 18 20 22 23 25 33
11 12 17 19 20 21 23 28 29
8 13 18 19 20 21 22 27 32
8 15 17 19 20 21 23 25 32
9 12 15 19 20 21 25 28 31
4 12 13 17 20 23 27 28 36
11 12 13 17 20 23 27 28 29
8 13 17 19 20 21 23 27 32
4 12 15 19 20 21 25 28 36
8 14 15 17 20 23 25 26 32
9 13 18 19 20 21 22 27 31
6 12 15 18 20 22 25 28 34
7 11 17 18 20 22 23 29 33
6 12 18 19 20 21 22 28 34
6 12 13 18 20 22 27 28 34
11 13 16 18 20 22 24 27 29
11 12 17 18 20 22 23 28 29
11 12 16 17 20 23 24 28 29
6 9 12 15 20 25 28 31 34
11 13 14 16 20 24 26 27 29
7 14 15 18 20 22 25 26 33
9 15 16 18 20 22 24 25 31
8 11 18 19 20 21 22 29 32
12 13 15 16 20 24 25 27 28
9 12 18 19 20 21 22 28 31
9 14 17 18 20 22 23 26 31
11 12 14 15 20 25 26 28 29
7 15 16 17 20 23 24 25 33
9 13 14 18 20 22 26 27 31
4 12 14 18 20 22 26 28 36
9 11 14 18 20 22 26 29 31
4 6 12 14 20 26 28 34 36
6 8 14 19 20 21 26 32 34
6 12 14 19 20 21 26 28 34
7 13 14 18 20 22 26 27 33
6 12 14 15 20 25 26 28 34
6 7 11 13 20 27 29 33 34
6 7 13 15 20 25 27 33 34
6 8 14 15 20 25 26 32 34
9 11 12 18 20 22 28 29 31
8 9 11 18 20 22 29 31 32
9 11 18 19 20 21 22 29 31
9 11 15 18 20 22 25 29 31
9 11 17 18 20 22 23 29 31
9 11 16 18 20 22 24 29 31
4 10 12 18 20 22 28 30 36
10 12 16 18 20 22 24 28 30
10 11 18 19 20 21 22 29 30
10 13 14 17 20 23 26 27 30
8 9 14 17 20 23 26 31 32
6 13 15 19 20 21 25 27 34
8 11 13 19 20 21 27 29 32
8 9 15 17 20 23 25 31 32
11 13 14 18 20 22 26 27 29
11 12 16 18 20 22 24 28 29
11 12 14 18 20 22 26 28 29
5 7 12 17 20 23 28 33 35
7 8 15 17 20 23 25 32 33
7 8 15 18 20 22 25 32 33
6 9 15 19 20 21 25 31 34
7 9 12 19 20 21 28 31 33
5 11 12 17 20 23 28 29 35
5 12 17 18 20 22 23 28 35
9 12 16 19 20 21 24 28 31
12 13 14 16 20 24 26 27 28
7 10 12 17 20 23 28 30 33
10 14 16 19 20 21 24 26 30
10 13 17 18 20 22 23 27 30
10 12 18 19 20 21 22 28 30
10 12 17 18 20 22 23 28 30
10 12 13 18 20 22 27 28 30
10 11 14 19 20 21 26 29 30
10 11 14 16 20 24 26 29 30
5 13 14 15 20 25 26 27 35
7 11 15 18 20 22 25 29 33
12 13 14 15 20 25 26 27 28
8 10 16 18 20 22 24 30 32
9 10 11 13 20 27 29 30 31
10 11 16 19 20 21 24 29 30
10 11 13 19 20 21 27 29 30
10 14 16 18 20 22 24 26 30
10 13 17 19 20 21 23 27 30
10 14 16 17 20 23 24 26 30
10 11 17 19 20 21 23 29 30
10 11 13 17 20 23 27 29 30
9 11 13 14 20 26 27 29 31
8 11 12 18 20 22 28 29 32
9 11 12 14 20 26 28 29 31
6 11 14 18 20 22 26 29 34
4 12 15 16 20 24 25 28 36
7 11 13 18 20 22 27 29 33
4 6 14 18 20 22 26 34 36
6 13 14 19 20 21 26 27 34
8 12 14 18 20 22 26 28 32
6 11 14 17 20 23 26 29 34
6 8 12 18 20 22 28 32 34
6 10 14 19 20 21 26 30 34
9 10 11 17 20 23 29 30 31
8 10 12 19 20 21 28 30 32
8 10 12 17 20 23 28 30 32
9 10 11 14 20 26 29 30 31
8 9 10 11 20 29 30 31 32
9 10 11 12 20 28 29 30 31
7 10 12 13 20 27 28 30 33
9 10 11 16 20 24 29 30 31
10 11 12 19 20 21 28 29 30
10 13 16 17 20 23 24 27 30
9 10 16 19 20 21 24 30 31
10 12 13 17 20 23 27 28 30
5 12 14 15 20 25 26 28 35
9 11 12 16 20 24 28 29 31
5 12 15 16 20 24 25 28 35
7 12 13 16 20 24 27 28 33
6 10 14 17 20 23 26 30 34
4 12 16 19 20 21 24 28 36
10 12 15 16 20 24 25 28 30
10 13 14 15 20 25 26 27 30
10 12 14 15 20 25 26 28 30
9 10 15 18 20 22 25 30 31
4 12 16 17 20 23 24 28 36
8 12 16 17 20 23 24 28 32
8 12 16 19 20 21 24 28 32
8 12 15 16 20 24 25 28 32
8 12 16 18 20 22 24 28 32
6 8 14 18 20 22 26 32 34
6 7 13 19 20 21 27 33 34
8 10 16 19 20 21 24 30 32
10 12 13 14 20 26 27 28 30
6 12 14 16 20 24 26 28 34
7 12 13 14 20 26 27 28 33
5 10 12 15 20 25 28 30 35
5 10 15 18 20 22 25 30 35
5 10 15 19 20 21 25 30 35
5 10 15 16 20 24 25 30 35
9 11 13 18 20 22 27 29 31
6 12 14 18 20 22 26 28 34
8 12 13 14 20 26 27 28 32
8 15 16 17 20 23 24 25 32
8 13 16 19 20 21 24 27 32
8 14 16 18 20 22 24 26 32
7 12 14 19 20 21 26 28 33
6 12 16 18 20 22 24 28 34
8 10 14 18 20 22 26 30 32
8 13 14 16 20 24 26 27 32
8 10 11 19 20 21 29 30 32
9 10 12 19 20 21 28 30 31
7 9 15 18 20 22 25 31 33
7 9 14 17 20 23 26 31 33
11 13 14 15 20 25 26 27 29
11 12 13 16 20 24 27 28 29
9 12 15 16 20 24 25 28 31
7 12 16 17 20 23 24 28 33
9 13 14 17 20 23 26 27 31
8 13 14 18 20 22 26 27 32
6 12 13 15 20 25 27 28 34
8 11 14 18 20 22 26 29 32
7 11 14 15 20 25 26 29 33
11 12 14 17 20 23 26 28 29
6 12 17 18 20 22 23 28 34
9 12 14 19 20 21 26 28 31
10 13 14 16 20 24 26 27 30
6 11 12 18 20 22 28 29 34
10 12 14 18 20 22 26 28 30
10 11 12 18 20 22 28 29 30
8 11 16 19 20 21 24 29 32
8 10 15 16 20 24 25 30 32
10 12 14 16 20 24 26 28 30
5 12 15 17 20 23 25 28 35
7 12 13 19 20 21 27 28 33
5 14 15 19 20 21 25 26 35
5 15 17 18 20 22 23 25 35
9 11 13 16 20 24 27 29 31
9 11 14 17 20 23 26 29 31
5 15 16 19 20 21 24 25 35
6 14 16 18 20 22 24 26 34
8 12 13 15 20 25 27 28 32
8 11 12 17 20 23 28 29 32
8 12 15 17 20 23 25 28 32
8 12 13 19 20 21 27 28 32
7 12 13 15 20 25 27 28 33
9 11 15 16 20 24 25 29 31
6 14 15 19 20 21 25 26 34
7 13 15 18 20 22 25 27 33
9 11 14 15 20 25 26 29 31
10 11 14 15 20 25 26 29 30
7 10 15 18 20 22 25 30 33
10 12 13 15 20 25 27 28 30
9 10 15 16 20 24 25 30 31
6 9 14 15 20 25 26 31 34
8 9 11 19 20 21 29 31 32
8 9 11 17 20 23 29 31 32
9 11 12 17 20 23 28 29 31
9 11 12 19 20 21 28 29 31
9 10 11 19 20 21 29 30 31
8 10 12 18 20 22 28 30 32
6 10 14 16 20 24 26 30 34
8 10 12 14 20 26 28 30 32
6 12 14 17 20 23 26 28 34
7 10 15 17 20 23 25 30 33
10 11 15 19 20 21 25 29 30
10 14 15 16 20 24 25 26 30
10 12 15 18 20 22 25 28 30
4 10 12 16 20 24 28 30 36
4 12 16 18 20 22 24 28 36
8 12 14 16 20 24 26 28 32
10 13 15 17 20 23 25 27 30
6 8 14 17 20 23 26 32 34
6 10 12 14 20 26 28 30 34
6 8 10 14 20 26 30 32 34
9 10 11 18 20 22 29 30 31
4 12 14 16 20 24 26 28 36
8 11 12 19 20 21 28 29 32
8 9 12 19 20 21 28 31 32
7 9 11 13 20 27 29 31 33
5 9 11 15 20 25 29 31 35
3 7 13 17 20 23 27 33 37
5 8 12 15 20 25 28 32 35
8 9 11 12 20 28 29 31 32
5 6 14 15 20 25 26 34 35
6 9 11 14 20 26 29 31 34
2 6 14 18 20 22 26 34 38
7 8 12 13 20 27 28 32 33
4 6 14 16 20 24 26 34 36
9 10 11 15 20 25 29 30 31
6 10 14 15 20 25 26 30 34
8 10 12 15 20 25 28 30 32
8 9 11 16 20 24 29 31 32
5 8 15 16 20 24 25 32 35
6 7 14 17 20 23 26 33 34
6 13 14 17 20 23 26 27 34
8 10 12 16 20 24 28 30 32
6 8 14 16 20 24 26 32 34
6 8 12 14 20 26 28 32 34
6 7 13 14 20 26 27 33 34
4 6 8 14 20 26 32 34 36
6 7 13 17 20 23 27 33 34
10 11 12 17 20 23 28 29 30
10 11 13 16 20 24 27 29 30
9 10 14 17 20 23 26 30 31
9 10 13 18 20 22 27 30 31
4 6 10 14 20 26 30 34 36
6 10 12 18 20 22 28 30 34
4 8 12 16 20 24 28 32 36
