7 9 11 13 25 27 29 31
11 13 15 17 21 23 25 27
5 11 15 17 21 23 27 33
7 9 11 15 23 27 29 31
9 11 15 17 21 23 27 29
5 7 9 13 25 29 31 33
9 13 15 17 21 23 25 29
9 11 13 15 23 25 27 29
7 13 15 17 21 23 25 31
9 11 13 17 21 25 27 29
7 11 13 17 21 25 27 31
7 11 13 15 23 25 27 31
7 11 15 17 21 23 27 31
7 9 13 17 21 25 29 31
8 9 10 11 27 28 29 30
15 16 17 18 20 21 22 23
14 15 17 18 20 21 23 24
14 15 16 18 20 22 23 24
14 15 16 17 21 22 23 24
7 9 10 11 27 28 29 31
8 11 14 17 21 24 27 30
7 8 9 11 27 29 30 31
9 10 15 16 22 23 28 29
7 9 10 12 26 28 29 31
8 10 11 12 26 27 28 30
8 9 11 12 26 27 29 30
7 10 11 12 26 27 28 31
8 11 13 18 20 25 27 30
7 8 10 12 26 28 30 31
9 10 13 17 21 25 28 29
13 15 16 17 21 22 23 25
13 15 17 18 20 21 23 25
13 15 16 18 20 22 23 25
13 16 17 18 20 21 22 25
13 14 17 18 20 21 24 25
13 14 15 17 21 23 24 25
13 14 15 16 22 23 24 25
13 14 16 18 20 22 24 25
13 14 16 17 21 22 24 25
13 14 15 18 20 23 24 25
14 16 17 18 20 21 22 24
9 10 11 13 25 27 28 29
8 11 14 18 20 24 27 30
8 9 11 13 25 27 29 30
7 10 12 15 23 26 28 31
6 8 10 11 27 28 30 32
9 10 16 17 21 22 28 29
12 15 16 18 20 22 23 26
9 15 16 17 21 22 23 29
8 14 17 18 20 21 24 30
7 9 10 13 25 28 29 31
8 11 17 18 20 21 27 30
12 15 17 18 20 21 23 26
12 15 16 17 21 22 23 26
7 8 12 17 21 26 30 31
8 9 10 13 25 28 29 30
11 14 17 18 20 21 24 27
11 13 15 18 20 23 25 27
7 9 10 15 23 28 29 31
10 15 16 17 21 22 23 28
7 12 16 18 20 22 26 31
9 13 14 17 21 24 25 29
9 10 15 17 21 23 28 29
6 9 13 14 24 25 29 32
9 10 12 15 23 26 28 29
8 11 12 17 21 26 27 30
8 9 10 12 26 28 29 30
9 10 11 12 26 27 28 29
11 15 17 18 20 21 23 27
11 14 15 17 21 23 24 27
11 14 15 18 20 23 24 27
11 13 17 18 20 21 25 27
7 12 15 17 21 23 26 31
7 12 17 18 20 21 26 31
9 10 11 15 23 27 28 29
7 15 17 18 20 21 23 31
11 12 17 18 20 21 26 27
7 8 11 12 26 27 30 31
12 16 17 18 20 21 22 26
8 9 11 14 24 27 29 30
10 13 16 17 21 22 25 28
12 14 16 17 21 22 24 26
8 12 16 17 21 22 26 30
10 13 14 17 21 24 25 28
8 10 12 13 25 26 28 30
7 10 12 18 20 26 28 31
8 11 12 13 25 26 27 30
12 14 17 18 20 21 24 26
12 14 15 18 20 23 24 26
12 14 15 17 21 23 24 26
9 12 15 18 20 23 26 29
9 11 12 13 25 26 27 29
10 12 15 18 20 23 26 28
8 11 15 18 20 23 27 30
11 12 16 17 21 22 26 27
8 11 13 15 23 25 27 30
7 10 12 13 25 26 28 31
6 13 14 16 22 24 25 32
9 10 14 17 21 24 28 29
7 11 12 13 25 26 27 31
9 10 13 14 24 25 28 29
9 10 12 13 25 26 28 29
7 8 12 16 22 26 30 31
11 14 16 17 21 22 24 27
11 15 16 18 20 22 23 27
11 13 16 17 21 22 25 27
11 15 16 17 21 22 23 27
12 13 15 18 20 23 25 26
12 13 15 16 22 23 25 26
11 13 15 16 22 23 25 27
11 14 15 16 22 23 24 27
11 16 17 18 20 21 22 27
8 15 17 18 20 21 23 30
8 11 14 15 23 24 27 30
6 9 10 14 24 28 29 32
10 15 17 18 20 21 23 28
9 14 16 18 20 22 24 29
9 12 16 18 20 22 26 29
11 12 13 17 21 25 26 27
11 13 16 18 20 22 25 27
9 15 17 18 20 21 23 29
9 14 17 18 20 21 24 29
10 14 15 17 21 23 24 28
9 10 11 14 24 27 28 29
12 13 16 17 21 22 25 26
8 10 16 17 21 22 28 30
9 15 16 18 20 22 23 29
11 12 14 17 21 24 26 27
10 13 16 18 20 22 25 28
7 12 13 17 21 25 26 31
9 10 11 16 22 27 28 29
9 10 14 16 22 24 28 29
12 14 15 16 22 23 24 26
10 16 17 18 20 21 22 28
10 13 17 18 20 21 25 28
8 9 10 14 24 28 29 30
12 14 16 18 20 22 24 26
10 12 13 17 21 25 26 28
12 13 16 18 20 22 25 26
12 13 17 18 20 21 25 26
12 13 15 17 21 23 25 26
11 14 16 18 20 22 24 27
9 11 15 16 22 23 27 29
10 11 15 16 22 23 27 28
8 11 15 17 21 23 27 30
7 12 13 16 22 25 26 31
11 12 16 18 20 22 26 27
10 15 16 18 20 22 23 28
9 13 17 18 20 21 25 29
10 12 17 18 20 21 26 28
10 14 15 16 22 23 24 28
9 13 15 18 20 23 25 29
11 12 14 18 20 24 26 27
10 14 16 17 21 22 24 28
8 10 11 15 23 27 28 30
10 11 13 16 22 25 27 28
6 13 16 17 21 22 25 32
8 9 11 15 23 27 29 30
8 13 16 18 20 22 25 30
8 10 11 14 24 27 28 30
8 11 12 14 24 26 27 30
8 9 10 15 23 28 29 30
10 13 14 16 22 24 25 28
12 13 14 16 22 24 25 26
12 13 14 18 20 24 25 26
10 11 12 14 24 26 27 28
10 13 14 18 20 24 25 28
12 13 14 15 23 24 25 26
7 9 10 14 24 28 29 31
9 10 12 14 24 26 28 29
12 13 14 17 21 24 25 26
10 14 15 18 20 23 24 28
10 14 17 18 20 21 24 28
8 10 15 16 22 23 28 30
8 15 16 17 21 22 23 30
10 12 14 15 23 24 26 28
8 15 16 18 20 22 23 30
10 14 16 18 20 22 24 28
9 12 13 14 24 25 26 29
6 7 8 13 25 30 31 32
11 13 14 17 21 24 25 27
9 14 15 17 21 23 24 29
10 13 15 16 22 23 25 28
9 14 15 16 22 23 24 29
8 9 11 17 21 27 29 30
6 7 13 15 23 25 31 32
9 13 16 17 21 22 25 29
6 7 11 13 25 27 31 32
10 11 13 15 23 25 27 28
10 12 15 16 22 23 26 28
9 11 12 15 23 26 27 29
5 7 9 12 26 29 31 33
7 10 12 17 21 26 28 31
10 12 16 17 21 22 26 28
11 12 15 17 21 23 26 27
8 10 11 17 21 27 28 30
8 9 11 18 20 27 29 30
8 10 11 18 20 27 28 30
8 10 13 18 20 25 28 30
8 14 16 17 21 22 24 30
9 11 14 18 20 24 27 29
8 13 14 16 22 24 25 30
9 11 13 18 20 25 27 29
8 14 16 18 20 22 24 30
10 11 12 15 23 26 27 28
9 13 15 16 22 23 25 29
11 13 14 15 23 24 25 27
7 10 15 17 21 23 28 31
5 8 9 14 24 29 30 33
8 10 13 17 21 25 28 30
10 11 12 17 21 26 27 28
7 10 13 15 23 25 28 31
6 11 13 14 24 25 27 32
7 11 12 18 20 26 27 31
8 11 13 14 24 25 27 30
9 10 12 16 22 26 28 29
9 10 12 17 21 26 28 29
7 14 17 18 20 21 24 31
6 7 13 14 24 25 31 32
11 12 14 15 23 24 26 27
9 12 17 18 20 21 26 29
8 10 13 15 23 25 28 30
10 11 13 14 24 25 27 28
8 12 16 18 20 22 26 30
9 10 12 18 20 26 28 29
8 11 16 17 21 22 27 30
6 7 10 13 25 28 31 32
11 13 14 18 20 24 25 27
11 12 15 18 20 23 26 27
7 15 16 17 21 22 23 31
9 10 13 15 23 25 28 29
5 9 14 16 22 24 29 33
6 7 13 17 21 25 31 32
9 11 14 15 23 24 27 29
10 11 13 17 21 25 27 28
10 13 15 17 21 23 25 28
9 13 14 16 22 24 25 29
8 9 14 17 21 24 29 30
7 13 15 16 22 23 25 31
7 11 17 18 20 21 27 31
8 11 12 18 20 26 27 30
8 11 13 17 21 25 27 30
7 10 12 16 22 26 28 31
9 11 15 18 20 23 27 29
9 11 17 18 20 21 27 29
8 9 14 16 22 24 29 30
7 13 14 17 21 24 25 31
9 11 12 18 20 26 27 29
7 13 17 18 20 21 25 31
6 7 9 13 25 29 31 32
7 12 15 16 22 23 26 31
7 11 12 15 23 26 27 31
9 10 13 16 22 25 28 29
7 8 11 18 20 27 30 31
9 12 15 17 21 23 26 29
8 13 14 17 21 24 25 30
7 13 16 18 20 22 25 31
8 12 17 18 20 21 26 30
8 13 17 18 20 21 25 30
6 13 14 18 20 24 25 32
9 11 13 14 24 25 27 29
6 14 17 18 20 21 24 32
10 11 15 17 21 23 27 28
9 10 11 17 21 27 28 29
7 8 11 15 23 27 30 31
6 10 13 16 22 25 28 32
7 8 14 17 21 24 30 31
7 14 15 17 21 23 24 31
10 11 16 17 21 22 27 28
10 12 16 18 20 22 26 28
11 12 15 16 22 23 26 27
10 11 17 18 20 21 27 28
10 13 15 18 20 23 25 28
8 12 13 17 21 25 26 30
9 10 14 15 23 24 28 29
8 11 12 15 23 26 27 30
8 13 16 17 21 22 25 30
9 14 15 18 20 23 24 29
11 13 14 16 22 24 25 27
10 12 13 15 23 25 26 28
9 13 16 18 20 22 25 29
9 12 13 18 20 25 26 29
10 11 16 18 20 22 27 28
9 11 16 18 20 22 27 29
8 10 16 18 20 22 28 30
11 12 14 16 22 24 26 27
5 9 14 15 23 24 29 33
6 7 13 18 20 25 31 32
7 10 11 17 21 27 28 31
7 11 13 18 20 25 27 31
8 9 13 17 21 25 29 30
6 9 14 15 23 24 29 32
11 12 13 16 22 25 26 27
9 12 14 18 20 24 26 29
10 11 14 16 22 24 27 28
6 8 14 18 20 24 30 32
8 9 12 17 21 26 29 30
7 9 13 16 22 25 29 31
6 11 15 17 21 23 27 32
6 7 12 13 25 26 31 32
8 11 12 16 22 26 27 30
9 10 17 18 20 21 28 29
9 10 13 18 20 25 28 29
8 9 11 16 22 27 29 30
9 10 15 18 20 23 28 29
8 11 16 18 20 22 27 30
9 10 16 18 20 22 28 29
7 10 12 14 24 26 28 31
10 12 13 14 24 25 26 28
10 12 14 18 20 24 26 28
10 11 14 17 21 24 27 28
6 7 13 16 22 25 31 32
5 7 12 13 25 26 31 33
9 12 13 17 21 25 26 29
8 10 12 16 22 26 28 30
8 10 12 18 20 26 28 30
10 12 14 16 22 24 26 28
11 12 13 14 24 25 26 27
7 9 11 18 20 27 29 31
7 10 14 17 21 24 28 31
6 12 14 18 20 24 26 32
10 11 12 16 22 26 27 28
9 12 14 15 23 24 26 29
8 13 15 17 21 23 25 30
10 12 13 16 22 25 26 28
10 13 14 15 23 24 25 28
8 9 15 17 21 23 29 30
8 14 15 16 22 23 24 30
8 10 14 18 20 24 28 30
9 11 13 16 22 25 27 29
6 9 14 18 20 24 29 32
11 12 13 15 23 25 26 27
8 12 15 18 20 23 26 30
7 10 13 18 20 25 28 31
9 10 11 18 20 27 28 29
8 11 14 16 22 24 27 30
8 12 14 16 22 24 26 30
8 10 15 18 20 23 28 30
8 11 15 16 22 23 27 30
9 10 14 18 20 24 28 29
