18 19 20 21 22 23 24 25
17 19 20 21 22 23 24 26
17 18 20 21 22 23 25 26
17 18 19 20 23 24 25 26
16 19 20 21 22 23 24 27
16 17 19 21 22 24 26 27
16 17 19 20 23 24 26 27
16 17 18 20 23 25 26 27
16 17 18 19 24 25 26 27
16 17 18 21 22 25 26 27
16 18 20 21 22 23 25 27
16 18 19 21 22 24 25 27
16 18 19 20 23 24 25 27
17 18 19 21 22 24 25 26
16 17 20 21 22 23 26 27
15 18 20 21 22 23 25 28
15 17 19 20 23 24 26 28
15 17 19 21 22 24 26 28
15 17 18 19 24 25 26 28
15 18 19 20 23 24 25 28
15 17 18 21 22 25 26 28
15 19 20 21 22 23 24 28
15 16 20 21 22 23 27 28
15 16 19 21 22 24 27 28
15 16 18 20 23 25 27 28
15 16 18 21 22 25 27 28
15 16 17 20 23 26 27 28
15 16 18 19 24 25 27 28
14 18 19 21 22 24 25 29
14 16 18 20 23 25 27 29
14 17 18 20 23 25 26 29
14 16 18 19 24 25 27 29
14 17 18 19 24 25 26 29
15 17 18 20 23 25 26 28
14 19 20 21 22 23 24 29
14 16 18 21 22 25 27 29
14 16 20 21 22 23 27 29
14 16 19 20 23 24 27 29
14 17 19 20 23 24 26 29
14 17 20 21 22 23 26 29
14 18 20 21 22 23 25 29
14 18 19 20 23 24 25 29
14 17 19 21 22 24 26 29
14 16 19 21 22 24 27 29
14 16 17 19 24 26 27 29
14 16 17 20 23 26 27 29
14 16 17 18 25 26 27 29
14 16 17 21 22 26 27 29
15 17 20 21 22 23 26 28
13 16 20 21 22 23 27 30
13 16 18 21 22 25 27 30
13 18 19 20 23 24 25 30
12 17 20 21 22 23 26 31
12 18 20 21 22 23 25 31
12 14 16 21 22 27 29 31
12 17 18 21 22 25 26 31
13 18 19 21 22 24 25 30
12 16 18 21 22 25 27 31
13 16 18 19 24 25 27 30
13 14 19 20 23 24 29 30
13 14 18 20 23 25 29 30
12 16 20 21 22 23 27 31
12 14 18 21 22 25 29 31
12 15 17 21 22 26 28 31
12 16 17 18 25 26 27 31
15 16 19 20 23 24 27 28
15 16 17 21 22 26 27 28
13 18 20 21 22 23 25 30
15 16 17 18 25 26 27 28
12 15 20 21 22 23 28 31
12 16 17 20 23 26 27 31
13 14 19 21 22 24 29 30
11 17 18 20 23 25 26 32
15 18 19 21 22 24 25 28
11 17 19 20 23 24 26 32
13 16 19 20 23 24 27 30
10 11 13 18 25 30 32 33
11 15 18 19 24 25 28 32
15 16 17 19 24 26 27 28
11 18 19 20 23 24 25 32
13 19 20 21 22 23 24 30
14 15 18 20 23 25 28 29
14 15 17 19 24 26 28 29
14 15 17 20 23 26 28 29
14 15 16 20 23 27 28 29
14 15 16 18 25 27 28 29
14 15 16 19 24 27 28 29
14 15 17 21 22 26 28 29
13 16 17 19 24 26 27 30
13 17 18 19 24 25 26 30
12 16 18 19 24 25 27 31
12 18 19 20 23 24 25 31
13 15 19 21 22 24 28 30
12 16 17 19 24 26 27 31
13 15 18 19 24 25 28 30
13 17 20 21 22 23 26 30
13 17 18 20 23 25 26 30
12 17 19 20 23 24 26 31
13 15 18 21 22 25 28 30
13 16 17 20 23 26 27 30
12 15 19 21 22 24 28 31
13 15 16 20 23 27 28 30
13 14 17 19 24 26 29 30
12 18 19 21 22 24 25 31
14 15 18 19 24 25 28 29
11 15 19 21 22 24 28 32
12 13 19 21 22 24 30 31
14 15 16 17 26 27 28 29
12 14 16 19 24 27 29 31
14 15 18 21 22 25 28 29
13 15 16 21 22 27 28 30
11 16 17 18 25 26 27 32
11 13 17 20 23 26 30 32
12 14 19 21 22 24 29 31
14 15 19 20 23 24 28 29
12 17 19 21 22 24 26 31
14 15 16 21 22 27 28 29
12 14 18 19 24 25 29 31
13 17 19 20 23 24 26 30
11 15 20 21 22 23 28 32
11 18 19 21 22 24 25 32
13 15 20 21 22 23 28 30
11 13 18 21 22 25 30 32
11 14 16 20 23 27 29 32
12 14 15 21 22 28 29 31
10 14 15 17 26 28 29 33
12 19 20 21 22 23 24 31
11 16 18 19 24 25 27 32
13 15 16 18 25 27 28 30
13 16 17 18 25 26 27 30
12 13 15 21 22 28 30 31
11 18 20 21 22 23 25 32
14 15 19 21 22 24 28 29
14 15 17 18 25 26 28 29
14 15 20 21 22 23 28 29
13 15 18 20 23 25 28 30
12 14 19 20 23 24 29 31
12 16 19 21 22 24 27 31
12 15 19 20 23 24 28 31
13 15 19 20 23 24 28 30
12 15 18 19 24 25 28 31
10 17 19 20 23 24 26 33
12 13 17 20 23 26 30 31
11 12 16 18 25 27 31 32
12 13 14 19 24 29 30 31
13 15 16 19 24 27 28 30
12 14 15 18 25 28 29 31
10 17 20 21 22 23 26 33
10 11 18 20 23 25 32 33
12 13 15 20 23 28 30 31
11 16 17 20 23 26 27 32
11 13 17 18 25 26 30 32
13 16 17 21 22 26 27 30
11 13 14 17 26 29 30 32
13 14 17 20 23 26 29 30
12 14 15 20 23 28 29 31
11 19 20 21 22 23 24 32
13 17 19 21 22 24 26 30
11 17 18 21 22 25 26 32
11 17 20 21 22 23 26 32
13 15 17 18 25 26 28 30
13 15 17 19 24 26 28 30
13 15 17 20 23 26 28 30
13 15 16 17 26 27 28 30
13 14 15 18 25 28 29 30
13 15 17 21 22 26 28 30
11 16 20 21 22 23 27 32
11 16 18 21 22 25 27 32
13 14 15 19 24 28 29 30
13 14 15 21 22 28 29 30
12 13 15 17 26 28 30 31
11 15 16 21 22 27 28 32
13 14 15 20 23 28 29 30
10 14 19 21 22 24 29 33
12 14 17 21 22 26 29 31
13 14 16 18 25 27 29 30
12 15 16 17 26 27 28 31
12 13 14 16 27 29 30 31
10 14 17 19 24 26 29 33
12 14 16 17 26 27 29 31
13 14 16 19 24 27 29 30
10 15 16 18 25 27 28 33
12 14 17 20 23 26 29 31
12 13 14 18 25 29 30 31
10 11 15 17 26 28 32 33
10 15 18 19 24 25 28 33
10 11 15 18 25 28 32 33
11 12 15 17 26 28 31 32
12 13 16 18 25 27 30 31
10 16 17 19 24 26 27 33
11 12 15 20 23 28 31 32
10 16 17 21 22 26 27 33
11 13 18 19 24 25 30 32
11 12 14 18 25 29 31 32
9 13 16 21 22 27 30 34
8 17 18 20 23 25 26 35
11 12 13 18 25 30 31 32
11 13 14 18 25 29 30 32
12 13 18 20 23 25 30 31
10 15 18 21 22 25 28 33
10 11 13 19 24 30 32 33
12 13 18 21 22 25 30 31
10 13 19 20 23 24 30 33
10 12 13 20 23 30 31 33
10 13 16 20 23 27 30 33
10 11 15 21 22 28 32 33
12 15 16 21 22 27 28 31
9 15 16 19 24 27 28 34
11 12 18 20 23 25 31 32
10 12 14 17 26 29 31 33
12 15 16 18 25 27 28 31
10 12 13 18 25 30 31 33
11 12 17 20 23 26 31 32
11 13 19 20 23 24 30 32
9 14 16 18 25 27 29 34
12 15 16 19 24 27 28 31
12 14 15 17 26 28 29 31
11 14 17 18 25 26 29 32
12 15 16 20 23 27 28 31
10 11 14 18 25 29 32 33
11 15 17 18 25 26 28 32
11 15 17 20 23 26 28 32
10 14 16 17 26 27 29 33
11 13 14 19 24 29 30 32
11 14 18 20 23 25 29 32
13 14 16 21 22 27 29 30
13 14 16 20 23 27 29 30
12 14 17 18 25 26 29 31
10 14 18 19 24 25 29 33
9 12 20 21 22 23 31 34
10 13 14 19 24 29 30 33
11 14 18 19 24 25 29 32
10 11 18 21 22 25 32 33
10 13 20 21 22 23 30 33
9 16 18 21 22 25 27 34
10 13 18 20 23 25 30 33
10 11 17 21 22 26 32 33
10 13 14 20 23 29 30 33
10 11 14 21 22 29 32 33
10 11 13 21 22 30 32 33
12 14 17 19 24 26 29 31
12 13 17 18 25 26 30 31
13 14 16 17 26 27 29 30
10 13 15 18 25 28 30 33
11 14 18 21 22 25 29 32
12 13 18 19 24 25 30 31
11 14 15 18 25 28 29 32
12 13 15 16 27 28 30 31
11 15 17 21 22 26 28 32
10 16 17 20 23 26 27 33
11 13 19 21 22 24 30 32
11 12 19 20 23 24 31 32
10 13 17 20 23 26 30 33
12 13 15 19 24 28 30 31
10 12 19 20 23 24 31 33
11 14 15 16 27 28 29 32
12 13 17 19 24 26 30 31
9 10 15 19 24 28 33 34
9 10 12 21 22 31 33 34
8 11 13 19 24 30 32 35
9 10 14 19 24 29 33 34
9 12 13 21 22 30 31 34
12 14 15 19 24 28 29 31
11 14 15 21 22 28 29 32
8 13 14 21 22 29 30 35
9 11 14 20 23 29 32 34
13 14 15 17 26 28 29 30
13 14 15 16 27 28 29 30
10 11 12 21 22 31 32 33
8 11 16 19 24 27 32 35
10 14 15 18 25 28 29 33
10 12 14 19 24 29 31 33
12 13 15 18 25 28 30 31
12 13 14 17 26 29 30 31
11 12 16 20 23 27 31 32
11 15 16 17 26 27 28 32
10 11 16 21 22 27 32 33
11 13 16 19 24 27 30 32
10 13 16 17 26 27 30 33
10 11 12 20 23 31 32 33
11 14 15 17 26 28 29 32
11 14 16 18 25 27 29 32
11 12 13 19 24 30 31 32
12 14 15 16 27 28 29 31
10 13 15 20 23 28 30 33
