16 17 18 19 20 21
15 17 18 19 20 22
15 16 18 19 21 22
14 17 18 19 20 23
14 15 17 20 22 23
14 16 17 20 21 23
14 16 18 19 21 23
14 15 16 21 22 23
15 16 17 20 21 22
13 17 18 19 20 24
12 16 17 20 21 25
13 16 18 19 21 24
13 15 16 21 22 24
12 16 18 19 21 25
12 14 18 19 23 25
13 15 18 19 22 24
13 14 17 20 23 24
12 14 15 22 23 25
12 14 17 20 23 25
14 15 18 19 22 23
13 14 16 21 23 24
12 15 16 21 22 25
13 15 17 20 22 24
11 17 18 19 20 26
12 17 18 19 20 25
13 16 17 20 21 24
11 13 16 21 24 26
11 13 14 23 24 26
12 13 17 20 24 25
12 13 14 23 24 25
12 13 16 21 24 25
12 13 15 22 24 25
11 15 16 21 22 26
11 13 17 20 24 26
12 13 18 19 24 25
11 13 18 19 24 26
11 12 15 22 25 26
10 14 17 20 23 27
11 15 17 20 22 26
11 13 15 22 24 26
9 12 16 21 25 28
11 12 14 23 25 26
10 13 14 23 24 27
10 12 15 22 25 27
10 11 16 21 26 27
9 10 18 19 27 28
