11 13 15 17 19 21 23
9 13 15 17 19 21 25
7 13 15 17 19 21 27
9 11 13 17 21 23 25
7 11 15 17 19 23 27
9 11 15 17 19 23 25
7 9 13 17 21 25 27
14 15 16 17 18 19 20
13 15 16 17 18 19 21
13 14 15 17 19 20 21
13 14 16 17 18 20 21
12 14 16 17 18 20 22
12 15 16 17 18 19 22
12 14 15 17 19 20 22
12 13 16 17 18 21 22
12 13 14 17 20 21 22
12 13 15 17 19 21 22
11 14 15 17 19 20 23
11 13 16 17 18 21 23
11 15 16 17 18 19 23
11 13 14 17 20 21 23
11 14 16 17 18 20 23
10 13 16 17 18 21 24
9 14 15 17 19 20 25
10 11 15 17 19 23 24
10 15 16 17 18 19 24
10 13 15 17 19 21 24
8 14 15 17 19 20 26
11 12 14 17 20 22 23
9 13 16 17 18 21 25
11 12 13 17 21 22 23
9 10 12 17 22 24 25
9 11 12 17 22 23 25
10 14 16 17 18 20 24
8 13 14 17 20 21 26
11 12 16 17 18 22 23
11 12 15 17 19 22 23
10 13 14 17 20 21 24
10 14 15 17 19 20 24
9 12 16 17 18 22 25
10 12 13 17 21 22 24
9 15 16 17 18 19 25
9 14 16 17 18 20 25
8 14 16 17 18 20 26
10 11 14 17 20 23 24
10 12 16 17 18 22 24
7 10 13 17 21 24 27
8 9 10 17 24 25 26
7 9 10 17 24 25 27
8 9 14 17 20 25 26
8 9 15 17 19 25 26
6 10 11 17 23 24 28
10 12 14 17 20 22 24
10 11 12 17 22 23 24
7 10 15 17 19 24 27
8 9 12 17 22 25 26
8 9 11 17 23 25 26
7 10 16 17 18 24 27
9 11 14 17 20 23 25
9 12 13 17 21 22 25
8 9 13 17 21 25 26
7 10 12 17 22 24 27
8 12 14 17 20 22 26
10 11 13 17 21 23 24
9 10 15 17 19 24 25
8 11 15 17 19 23 26
7 13 14 17 20 21 27
8 10 16 17 18 24 26
5 7 12 17 22 27 29
8 9 16 17 18 25 26
