9 10 11 12 13 14 15
4 5 11 12 13 19 20
4 7 9 12 15 17 20
3 5 11 12 13 19 21
7 9 11 12 13 15 17
5 9 11 12 13 15 19
8 10 11 12 13 14 16
8 9 11 12 13 15 16
8 9 10 12 14 15 16
7 8 11 12 13 16 17
4 6 11 12 13 18 20
6 10 11 12 13 14 18
7 10 11 12 13 14 17
7 9 10 12 14 15 17
4 10 11 12 13 14 20
4 9 10 12 14 15 20
5 10 11 12 13 14 19
2 9 10 12 14 15 22
4 7 10 12 14 17 20
5 7 11 12 13 17 19
3 9 11 12 13 15 21
6 8 11 12 13 16 18
3 9 10 12 14 15 21
5 7 9 12 15 17 19
3 4 9 12 15 20 21
4 5 7 12 17 19 20
4 6 9 12 15 18 20
6 9 11 12 13 15 18
6 9 10 12 14 15 18
6 7 9 12 15 17 18
4 8 11 12 13 16 20
4 8 9 12 15 16 20
6 7 10 12 14 17 18
2 10 11 12 13 14 22
6 8 10 12 14 16 18
3 10 11 12 13 14 21
4 9 11 12 13 15 20
7 8 9 12 15 16 17
5 9 10 12 14 15 19
4 7 11 12 13 17 20
5 7 10 12 14 17 19
2 4 10 12 14 20 22
4 6 10 12 14 18 20
7 8 10 12 14 16 17
5 8 11 12 13 16 19
3 8 9 12 15 16 21
5 7 8 12 16 17 19
5 6 7 12 17 18 19
2 6 10 12 14 18 22
6 8 9 12 15 16 18
5 6 11 12 13 18 19
6 7 11 12 13 17 18
4 6 8 12 16 18 20
4 8 10 12 14 16 20
2 8 10 12 14 16 22
3 6 9 12 15 18 21
