13 15 17 19 21 23 25
7 15 17 19 21 23 31
11 15 17 19 21 23 27
11 13 15 19 23 25 27
11 13 17 19 21 25 27
9 15 17 19 21 23 29
9 13 17 19 21 25 29
9 11 15 19 23 27 29
9 11 13 19 25 27 29
9 13 15 19 23 25 29
16 17 18 19 20 21 22
15 17 18 19 20 21 23
15 16 18 19 20 22 23
15 16 17 19 21 22 23
14 17 18 19 20 21 24
14 15 18 19 20 23 24
14 15 17 19 21 23 24
14 15 16 19 22 23 24
13 15 16 19 22 23 25
13 15 18 19 20 23 25
13 17 18 19 20 21 25
13 16 17 19 21 22 25
13 16 18 19 20 22 25
13 14 17 19 21 24 25
13 14 15 19 23 24 25
13 14 16 19 22 24 25
14 16 17 19 21 22 24
12 15 18 19 20 23 26
12 16 17 19 21 22 26
11 17 18 19 20 21 27
11 15 18 19 20 23 27
11 14 18 19 20 24 27
12 15 17 19 21 23 26
13 14 18 19 20 24 25
14 16 18 19 20 22 24
12 16 18 19 20 22 26
11 12 17 19 21 26 27
10 16 17 19 21 22 28
10 13 17 19 21 25 28
11 14 17 19 21 24 27
12 17 18 19 20 21 26
10 15 16 19 22 23 28
11 15 16 19 22 23 27
12 13 15 19 23 25 26
12 13 16 19 22 25 26
11 12 16 19 22 26 27
10 11 16 19 22 27 28
12 14 16 19 22 24 26
11 16 17 19 21 22 27
9 12 18 19 20 26 29
9 15 18 19 20 23 29
12 14 18 19 20 24 26
10 13 14 19 24 25 28
11 16 18 19 20 22 27
10 15 18 19 20 23 28
10 16 18 19 20 22 28
12 14 17 19 21 24 26
12 13 17 19 21 25 26
12 14 15 19 23 24 26
12 13 18 19 20 25 26
11 12 14 19 24 26 27
10 14 16 19 22 24 28
11 13 16 19 22 25 27
10 17 18 19 20 21 28
8 9 11 19 27 29 30
9 10 16 19 22 28 29
9 10 11 19 27 28 29
8 11 14 19 24 27 30
8 11 17 19 21 27 30
9 10 12 19 26 28 29
9 10 17 19 21 28 29
7 10 12 19 26 28 31
10 14 18 19 20 24 28
12 13 14 19 24 25 26
9 10 15 19 23 28 29
8 11 12 19 26 27 30
9 10 13 19 25 28 29
8 11 18 19 20 27 30
8 13 17 19 21 25 30
8 11 15 19 23 27 30
9 10 14 19 24 28 29
11 13 14 19 24 25 27
10 11 17 19 21 27 28
9 14 15 19 23 24 29
11 12 15 19 23 26 27
10 13 15 19 23 25 28
10 12 16 19 22 26 28
9 11 18 19 20 27 29
8 14 16 19 22 24 30
6 7 13 19 25 31 32
9 10 18 19 20 28 29
8 12 18 19 20 26 30
