21 22 23 26 27 28
21 22 24 25 27 28
20 22 23 26 27 29
20 23 24 25 26 29
20 22 24 25 27 29
20 21 24 25 28 29
21 23 24 25 26 28
19 21 22 27 28 30
18 22 24 25 27 31
18 20 21 28 29 31
20 21 23 26 28 29
18 20 24 25 29 31
18 23 24 25 26 31
19 23 24 25 26 30
19 21 24 25 28 30
22 23 24 25 26 27
16 20 22 27 29 33
18 21 22 27 28 31
16 20 21 28 29 33
19 20 22 27 29 30
19 22 24 25 27 30
16 22 24 25 27 33
16 19 21 28 30 33
17 18 24 25 31 32
13 15 20 29 34 36
13 15 22 27 34 36
17 21 23 26 28 32
17 18 21 28 31 32
18 20 23 26 29 31
17 20 22 27 29 32
16 19 23 26 30 33
16 22 23 26 27 33
17 22 24 25 27 32
18 20 22 27 29 31
19 20 23 26 29 30
18 19 21 28 30 31
16 20 23 26 29 33
15 20 21 28 29 34
17 22 23 26 27 32
15 20 22 27 29 34
20 21 22 27 28 29
19 21 23 26 28 30
18 21 24 25 28 31
18 19 24 25 30 31
17 20 21 28 29 32
17 18 23 26 31 32
15 21 23 26 28 34
18 22 23 26 27 31
17 19 24 25 30 32
17 19 23 26 30 32
16 21 24 25 28 33
17 18 22 27 31 32
18 21 23 26 28 31
18 19 22 27 30 31
19 20 21 28 29 30
16 18 19 30 31 33
16 18 24 25 31 33
17 23 24 25 26 32
19 22 23 26 27 30
18 19 23 26 30 31
15 22 24 25 27 34
17 20 24 25 29 32
17 21 22 27 28 32
19 20 24 25 29 30
16 19 20 29 30 33
16 17 22 27 32 33
15 17 18 31 32 34
15 19 24 25 30 34
14 21 24 25 28 35
14 21 23 26 28 35
14 21 22 27 28 35
16 17 18 31 32 33
16 17 23 26 32 33
15 17 20 29 32 34
16 17 19 30 32 33
15 16 19 30 33 34
15 19 20 29 30 34
16 17 20 29 32 33
15 17 23 26 32 34
16 17 21 28 32 33
15 17 22 27 32 34
15 17 21 28 32 34
16 17 24 25 32 33
15 17 24 25 32 34
13 19 23 26 30 36
13 20 23 26 29 36
15 19 21 28 30 34
15 17 19 30 32 34
14 15 20 29 34 35
14 17 18 31 32 35
15 16 18 31 33 34
12 18 19 30 31 37
11 18 20 29 31 38
14 16 19 30 33 35
13 16 20 29 33 36
12 13 24 25 36 37
12 17 20 29 32 37
7 14 21 28 35 42
