3 5 9 11 13 15 17 19 23 25
3 7 9 11 13 15 17 19 21 25
5 7 9 11 13 15 17 19 21 23
3 5 7 9 11 17 19 21 23 25
5 6 7 8 9 19 20 21 22 23
9 10 11 12 13 15 16 17 18 19
3 4 9 10 11 17 18 19 24 25
2 5 6 9 12 16 19 22 23 26
3 4 10 11 12 16 17 18 24 25
4 7 10 12 13 15 16 18 21 24
6 7 8 9 10 18 19 20 21 22
8 10 11 12 13 15 16 17 18 20
5 6 7 9 10 18 19 21 22 23
7 10 11 12 13 15 16 17 18 21
2 5 6 9 10 18 19 22 23 26
5 9 11 12 13 15 16 17 19 23
5 6 7 8 11 17 20 21 22 23
5 6 7 9 11 17 19 21 22 23
5 7 8 9 11 17 19 20 21 23
4 5 7 8 9 19 20 21 23 24
5 7 8 9 10 18 19 20 21 23
8 9 11 12 13 15 16 17 19 20
6 7 8 9 11 17 19 20 21 22
4 5 6 8 9 19 20 22 23 24
5 6 8 9 10 18 19 20 22 23
4 5 6 7 9 19 21 22 23 24
2 5 6 8 9 19 20 22 23 26
7 9 11 12 13 15 16 17 19 21
3 9 10 11 12 16 17 18 19 25
2 5 6 9 13 15 19 22 23 26
5 8 9 12 13 15 16 19 20 23
7 8 11 12 13 15 16 17 20 21
5 6 9 12 13 15 16 19 22 23
2 6 7 10 13 15 18 21 22 26
7 9 10 12 13 15 16 18 19 21
6 8 10 11 13 15 17 18 20 22
4 9 10 11 12 16 17 18 19 24
2 6 10 11 13 15 17 18 22 26
2 5 6 7 9 19 21 22 23 26
5 6 7 9 13 15 19 21 22 23
4 5 9 10 11 17 18 19 23 24
3 7 10 11 12 16 17 18 21 25
3 8 9 11 13 15 17 19 20 25
3 5 9 12 13 15 16 19 23 25
5 7 8 9 13 15 19 20 21 23
4 5 7 9 13 15 19 21 23 24
3 10 11 12 13 15 16 17 18 25
3 9 11 12 13 15 16 17 19 25
5 7 11 12 13 15 16 17 21 23
5 7 9 12 13 15 16 19 21 23
4 6 8 10 13 15 18 20 22 24
4 6 7 8 10 18 20 21 22 24
4 5 7 9 10 18 19 21 23 24
3 6 8 10 13 15 18 20 22 25
4 6 8 11 13 15 17 20 22 24
6 7 8 10 11 17 18 20 21 22
4 7 9 10 12 16 18 19 21 24
2 6 9 10 13 15 18 19 22 26
3 4 5 9 11 17 19 23 24 25
3 5 9 10 11 17 18 19 23 25
5 6 8 9 12 16 19 20 22 23
8 9 10 12 13 15 16 18 19 20
8 9 10 11 13 15 17 18 19 20
2 6 7 10 12 16 18 21 22 26
8 9 10 11 12 16 17 18 19 20
7 9 10 11 13 15 17 18 19 21
4 6 7 9 10 18 19 21 22 24
7 8 10 12 13 15 16 18 20 21
6 9 11 12 13 15 16 17 19 22
3 5 10 11 13 15 17 18 23 25
3 6 8 9 13 15 19 20 22 25
3 5 6 9 13 15 19 22 23 25
5 7 8 9 12 16 19 20 21 23
5 6 7 9 12 16 19 21 22 23
3 7 9 10 11 17 18 19 21 25
4 6 8 9 10 18 19 20 22 24
3 8 10 11 12 16 17 18 20 25
5 6 8 10 13 15 18 20 22 23
5 6 9 11 12 16 17 19 22 23
4 6 8 9 13 15 19 20 22 24
5 8 9 11 13 15 17 19 20 23
3 4 10 11 13 15 17 18 24 25
3 4 6 10 11 17 18 22 24 25
4 7 9 12 13 15 16 19 21 24
6 7 10 11 13 15 17 18 21 22
7 8 9 11 13 15 17 19 20 21
6 8 9 10 13 15 18 19 20 22
6 9 10 12 13 15 16 18 19 22
7 9 10 11 12 16 17 18 19 21
6 8 9 11 13 15 17 19 20 22
5 8 10 12 13 15 16 18 20 23
7 8 9 10 11 17 18 19 20 21
3 9 10 11 13 15 17 18 19 25
5 8 10 11 13 15 17 18 20 23
4 6 10 12 13 15 16 18 22 24
4 6 7 10 12 16 18 21 22 24
4 9 10 11 13 15 17 18 19 24
6 7 9 10 13 15 18 19 21 22
7 8 10 11 12 16 17 18 20 21
7 8 9 12 13 15 16 19 20 21
4 6 10 11 13 15 17 18 22 24
4 5 9 11 12 16 17 19 23 24
4 5 7 9 11 17 19 21 23 24
5 8 11 12 13 15 16 17 20 23
7 8 10 11 13 15 17 18 20 21
7 8 9 11 12 16 17 19 20 21
4 5 8 9 11 17 19 20 23 24
5 8 9 11 12 16 17 19 20 23
6 8 9 11 12 16 17 19 20 22
6 7 9 10 12 16 18 19 21 22
6 7 8 12 13 15 16 20 21 22
3 6 7 10 11 17 18 21 22 25
5 7 9 10 12 16 18 19 21 23
4 5 6 9 10 18 19 22 23 24
4 5 8 9 10 18 19 20 23 24
5 6 10 12 13 15 16 18 22 23
4 6 7 10 13 15 18 21 22 24
5 7 9 11 12 16 17 19 21 23
3 7 10 11 13 15 17 18 21 25
5 6 7 8 13 15 20 21 22 23
4 7 9 11 13 15 17 19 21 24
4 5 6 9 13 15 19 22 23 24
6 7 8 9 13 15 19 20 21 22
3 6 7 10 13 15 18 21 22 25
4 5 8 9 13 15 19 20 23 24
2 3 5 9 11 17 19 23 25 26
3 5 9 11 12 16 17 19 23 25
3 5 6 9 11 17 19 22 23 25
3 5 8 9 11 17 19 20 23 25
5 6 8 9 13 15 19 20 22 23
4 5 9 11 13 15 17 19 23 24
5 6 7 10 11 17 18 21 22 23
4 6 7 9 13 15 19 21 22 24
5 6 10 11 13 15 17 18 22 23
3 8 10 11 13 15 17 18 20 25
3 4 6 10 13 15 18 22 24 25
4 5 10 12 13 15 16 18 23 24
5 6 8 10 11 17 18 20 22 23
6 7 10 11 12 16 17 18 21 22
4 6 7 10 11 17 18 21 22 24
6 7 9 12 13 15 16 19 21 22
4 8 9 11 13 15 17 19 20 24
5 7 8 12 13 15 16 20 21 23
3 7 8 10 11 17 18 20 21 25
4 6 9 10 13 15 18 19 22 24
5 7 10 11 12 16 17 18 21 23
4 5 9 10 13 15 18 19 23 24
4 6 9 11 13 15 17 19 22 24
4 5 7 9 12 16 19 21 23 24
4 10 11 12 13 15 16 17 18 24
5 7 9 10 13 15 18 19 21 23
6 10 11 12 13 15 16 17 18 22
6 7 11 12 13 15 16 17 21 22
4 9 10 12 13 15 16 18 19 24
5 9 10 11 13 15 17 18 19 23
6 9 10 11 13 15 17 18 19 22
5 9 10 12 13 15 16 18 19 23
6 7 9 10 11 17 18 19 21 22
4 8 10 11 12 16 17 18 20 24
4 7 8 10 12 16 18 20 21 24
4 8 10 12 13 15 16 18 20 24
6 7 8 11 12 16 17 20 21 22
6 8 11 12 13 15 16 17 20 22
6 8 10 12 13 15 16 18 20 22
6 7 8 10 12 16 18 20 21 22
3 6 9 10 11 17 18 19 22 25
5 8 9 10 12 16 18 19 20 23
6 8 9 10 11 17 18 19 20 22
6 7 8 10 13 15 18 20 21 22
4 7 9 10 11 17 18 19 21 24
3 6 7 9 13 15 19 21 22 25
3 5 6 10 13 15 18 22 23 25
6 7 8 11 13 15 17 20 21 22
4 6 8 10 11 17 18 20 22 24
5 8 10 11 12 16 17 18 20 23
4 7 10 11 12 16 17 18 21 24
3 6 8 10 11 17 18 20 22 25
4 5 9 10 12 16 18 19 23 24
3 8 9 10 11 17 18 19 20 25
7 8 9 10 12 16 18 19 20 21
5 6 9 10 13 15 18 19 22 23
3 5 10 12 13 15 16 18 23 25
5 7 8 10 13 15 18 20 21 23
5 6 9 11 13 15 17 19 22 23
4 5 6 9 12 16 19 22 23 24
4 6 9 12 13 15 16 19 22 24
5 6 8 9 11 17 19 20 22 23
5 10 11 12 13 15 16 17 18 23
5 7 10 12 13 15 16 18 21 23
5 7 10 11 13 15 17 18 21 23
2 5 6 9 11 17 19 22 23 26
6 7 10 12 13 15 16 18 21 22
4 5 6 10 13 15 18 22 23 24
2 4 5 6 9 19 22 23 24 26
4 5 6 9 11 17 19 22 23 24
5 6 8 11 13 15 17 20 22 23
5 6 7 10 13 15 18 21 22 23
5 6 9 10 12 16 18 19 22 23
4 7 8 12 13 15 16 20 21 24
4 8 11 12 13 15 16 17 20 24
4 8 9 12 13 15 16 19 20 24
4 5 6 10 11 17 18 22 23 24
7 8 9 10 13 15 18 19 20 21
3 6 9 10 13 15 18 19 22 25
5 6 10 11 12 16 17 18 22 23
3 6 10 12 13 15 16 18 22 25
3 6 9 12 13 15 16 19 22 25
4 9 11 12 13 15 16 17 19 24
6 7 9 11 13 15 17 19 21 22
4 5 9 12 13 15 16 19 23 24
5 7 8 11 12 16 17 20 21 23
4 8 9 10 11 17 18 19 20 24
2 6 9 10 12 16 18 19 22 26
3 4 8 10 11 17 18 20 24 25
2 6 10 11 12 16 17 18 22 26
5 8 9 10 11 17 18 19 20 23
3 6 10 11 13 15 17 18 22 25
6 8 9 12 13 15 16 19 20 22
6 7 8 9 12 16 19 20 21 22
5 7 9 10 11 17 18 19 21 23
3 6 9 11 13 15 17 19 22 25
4 6 10 11 12 16 17 18 22 24
5 8 9 10 13 15 18 19 20 23
4 6 9 10 12 16 18 19 22 24
5 6 8 11 12 16 17 20 22 23
5 9 10 11 12 16 17 18 19 23
3 6 10 11 12 16 17 18 22 25
6 9 10 11 12 16 17 18 19 22
4 6 9 10 11 17 18 19 22 24
4 5 8 9 12 16 19 20 23 24
6 8 9 10 12 16 18 19 20 22
6 8 10 11 12 16 17 18 20 22
5 6 9 10 11 17 18 19 22 23
5 6 8 12 13 15 16 20 22 23
2 6 10 12 13 15 16 18 22 26
3 4 7 10 11 17 18 21 24 25
4 8 9 10 12 16 18 19 20 24
2 6 8 10 12 16 18 20 22 26
4 6 8 10 12 16 18 20 22 24
