4 5 13 14 22 23
11 12 13 14 15 16
10 12 13 14 15 17
10 11 13 14 16 17
10 11 12 15 16 17
6 7 11 16 20 21
8 10 12 15 17 19
7 11 12 15 16 20
8 12 13 14 15 19
8 10 13 14 17 19
9 11 13 14 16 18
9 11 12 15 16 18
9 12 13 14 15 18
9 10 12 15 17 18
9 10 13 14 17 18
8 11 13 14 16 19
6 12 13 14 15 21
6 10 12 15 17 21
7 8 11 16 19 20
7 10 11 16 17 20
8 11 12 15 16 19
6 11 12 15 16 21
8 10 11 16 17 19
7 12 13 14 15 20
7 11 13 14 16 20
7 10 13 14 17 20
8 9 10 17 18 19
6 10 11 16 17 21
5 8 13 14 19 22
7 8 12 15 19 20
6 7 13 14 20 21
8 9 11 16 18 19
6 9 12 15 18 21
3 6 12 15 21 24
