8 15 17 24 31 33 40
8 13 19 24 29 35 40
7 9 23 24 25 39 41
21 22 23 24 25 26 27
20 21 23 24 25 27 28
20 21 22 24 26 27 28
20 22 23 24 25 26 28
19 21 23 24 25 27 29
19 22 23 24 25 26 29
19 21 22 24 26 27 29
19 20 22 24 26 28 29
19 20 23 24 25 28 29
8 22 23 24 25 26 40
8 15 22 24 26 33 40
8 18 19 24 29 30 40
18 22 23 24 25 26 30
10 15 17 24 31 33 38
13 14 19 24 29 34 35
18 20 23 24 25 28 30
18 19 22 24 26 29 30
10 15 22 24 26 33 38
17 21 22 24 26 27 31
17 22 23 24 25 26 31
17 20 23 24 25 28 31
18 19 20 24 28 29 30
13 14 18 24 30 34 35
17 19 21 24 27 29 31
17 18 19 24 29 30 31
17 20 22 24 26 28 31
17 18 22 24 26 30 31
17 18 20 24 28 30 31
8 17 22 24 26 31 40
18 20 21 24 27 28 30
19 20 21 24 27 28 29
18 19 21 24 27 29 30
8 18 21 24 27 30 40
17 19 22 24 26 29 31
15 21 22 24 26 27 33
15 21 23 24 25 27 33
17 21 23 24 25 27 31
17 19 20 24 28 29 31
17 19 23 24 25 29 31
15 19 23 24 25 29 33
15 20 21 24 27 28 33
14 15 21 24 27 33 34
15 20 23 24 25 28 33
14 18 19 24 29 30 34
15 17 19 24 29 31 33
13 18 23 24 25 30 35
8 21 23 24 25 27 40
8 15 21 24 27 33 40
15 17 23 24 25 31 33
13 19 21 24 27 29 35
18 21 23 24 25 27 30
18 21 22 24 26 27 30
15 22 23 24 25 26 33
13 15 17 24 31 33 35
11 15 21 24 27 33 37
13 15 19 24 29 33 35
15 19 21 24 27 29 33
13 21 23 24 25 27 35
15 17 21 24 27 31 33
13 19 23 24 25 29 35
17 20 21 24 27 28 31
11 14 15 24 33 34 37
14 19 23 24 25 29 34
9 13 19 24 29 35 39
14 18 23 24 25 30 34
15 19 22 24 26 29 33
15 20 22 24 26 28 33
11 21 23 24 25 27 37
10 21 22 24 26 27 38
11 18 21 24 27 30 37
15 17 22 24 26 31 33
15 17 20 24 28 31 33
11 20 21 24 27 28 37
13 19 20 24 28 29 35
13 18 20 24 28 30 35
18 19 23 24 25 29 30
8 17 19 24 29 31 40
8 19 23 24 25 29 40
8 17 21 24 27 31 40
13 17 23 24 25 31 35
13 20 23 24 25 28 35
11 15 17 24 31 33 37
10 22 23 24 25 26 38
14 21 23 24 25 27 34
14 21 22 24 26 27 34
14 22 23 24 25 26 34
17 18 21 24 27 30 31
13 18 19 24 29 30 35
14 18 21 24 27 30 34
17 18 23 24 25 30 31
8 18 23 24 25 30 40
8 21 22 24 26 27 40
8 19 22 24 26 29 40
8 10 22 24 26 38 40
8 14 18 24 30 34 40
6 10 22 24 26 38 42
13 17 19 24 29 31 35
18 20 22 24 26 28 30
14 18 22 24 26 30 34
10 18 22 24 26 30 38
16 20 23 24 25 28 32
16 21 23 24 25 27 32
16 19 23 24 25 29 32
16 18 19 24 29 30 32
16 21 22 24 26 27 32
16 20 21 24 27 28 32
16 17 22 24 26 31 32
16 17 21 24 27 31 32
15 16 22 24 26 32 33
16 18 23 24 25 30 32
16 19 20 24 28 29 32
16 17 19 24 29 31 32
16 19 22 24 26 29 32
16 19 21 24 27 29 32
16 17 23 24 25 31 32
16 18 22 24 26 30 32
16 18 20 24 28 30 32
15 16 21 24 27 32 33
16 22 23 24 25 26 32
16 20 22 24 26 28 32
16 18 21 24 27 30 32
14 16 22 24 26 32 34
12 20 23 24 25 28 36
8 12 23 24 25 36 40
12 21 22 24 26 27 36
12 15 22 24 26 33 36
8 12 21 24 27 36 40
12 20 21 24 27 28 36
12 19 22 24 26 29 36
12 22 23 24 25 26 36
12 17 22 24 26 31 36
12 19 20 24 28 29 36
12 15 17 24 31 33 36
12 19 21 24 27 29 36
12 17 21 24 27 31 36
12 19 23 24 25 29 36
12 21 23 24 25 27 36
12 13 19 24 29 35 36
12 17 23 24 25 31 36
8 12 22 24 26 36 40
12 20 22 24 26 28 36
15 18 22 24 26 30 33
15 18 20 24 28 30 33
11 15 18 24 30 33 37
15 18 19 24 29 30 33
14 19 20 24 28 29 34
15 17 18 24 30 31 33
13 14 20 24 28 34 35
14 15 20 24 28 33 34
13 14 17 24 31 34 35
14 15 17 24 31 33 34
8 14 17 24 31 34 40
13 17 22 24 26 31 35
14 17 19 24 29 31 34
11 22 23 24 25 26 37
14 20 22 24 26 28 34
15 18 21 24 27 30 33
14 15 18 24 30 33 34
15 18 23 24 25 30 33
14 17 18 24 30 31 34
10 19 22 24 26 29 38
14 17 22 24 26 31 34
13 21 22 24 26 27 35
14 17 21 24 27 31 34
8 20 23 24 25 28 40
8 19 20 24 28 29 40
14 20 23 24 25 28 34
14 17 23 24 25 31 34
8 15 18 24 30 33 40
13 18 22 24 26 30 35
14 18 20 24 28 30 34
13 19 22 24 26 29 35
13 20 22 24 26 28 35
14 20 21 24 27 28 34
8 20 21 24 27 28 40
8 20 22 24 26 28 40
8 18 20 24 28 30 40
10 20 22 24 26 28 38
9 15 23 24 25 33 39
9 15 19 24 29 33 39
4 18 20 24 28 30 44
14 17 20 24 28 31 34
8 14 20 24 28 34 40
10 14 23 24 25 34 38
11 13 17 24 31 35 37
11 13 19 24 29 35 37
10 14 22 24 26 34 38
11 13 23 24 25 35 37
6 18 23 24 25 30 42
6 18 22 24 26 30 42
4 20 23 24 25 28 44
9 15 21 24 27 33 39
12 16 23 24 25 32 36
12 16 21 24 27 32 36
12 16 22 24 26 32 36
9 15 22 24 26 33 39
10 14 21 24 27 34 38
6 18 20 24 28 30 42
11 13 21 24 27 35 37
11 13 14 24 34 35 37
4 20 21 24 27 28 44
11 13 18 24 30 35 37
11 13 20 24 28 35 37
11 13 15 24 33 35 37
10 14 18 24 30 34 38
8 10 14 24 34 38 40
8 11 13 24 35 37 40
9 15 20 24 28 33 39
8 9 15 24 33 39 40
6 8 18 24 30 40 42
12 14 18 24 30 34 36
8 12 18 24 30 36 40
12 18 23 24 25 30 36
12 18 19 24 29 30 36
12 18 22 24 26 30 36
12 18 20 24 28 30 36
12 18 21 24 27 30 36
8 16 23 24 25 32 40
8 16 22 24 26 32 40
8 16 18 24 30 32 40
8 16 21 24 27 32 40
12 14 17 24 31 34 36
12 14 20 24 28 34 36
4 20 22 24 26 28 44
6 18 21 24 27 30 42
12 16 20 24 28 32 36
10 14 19 24 29 34 38
13 17 18 24 30 31 35
13 15 20 24 28 33 35
14 15 19 24 29 33 34
6 20 22 24 26 28 42
8 18 22 24 26 30 40
15 16 17 24 31 32 33
13 14 21 24 27 34 35
11 14 23 24 25 34 37
11 17 20 24 28 31 37
8 19 21 24 27 29 40
10 11 21 24 27 37 38
9 19 20 24 28 29 39
14 16 18 24 30 32 34
11 15 22 24 26 33 37
10 18 20 24 28 30 38
9 18 21 24 27 30 39
8 14 22 24 26 34 40
8 17 23 24 25 31 40
10 14 20 24 28 34 38
11 13 22 24 26 35 37
4 8 20 24 28 40 44
9 15 18 24 30 33 39
8 12 20 24 28 36 40
14 16 17 24 31 32 34
15 16 18 24 30 32 33
14 16 20 24 28 32 34
13 16 19 24 29 32 35
11 18 19 24 29 30 37
7 18 23 24 25 30 41
10 16 22 24 26 32 38
12 15 18 24 30 33 36
12 17 19 24 29 31 36
12 15 21 24 27 33 36
10 14 16 24 32 34 38
11 13 16 24 32 35 37
9 15 16 24 32 33 39
6 16 18 24 30 32 42
11 12 13 24 35 36 37
10 12 14 24 34 36 38
4 12 20 24 28 36 44
9 12 15 24 33 36 39
12 16 18 24 30 32 36
10 12 22 24 26 36 38
12 14 22 24 26 34 36
8 12 16 24 32 36 40
8 16 20 24 28 32 40
4 16 20 24 28 32 44
6 12 18 24 30 36 42
