8 9 16 17
8 11 12 13 14 17
8 10 12 13 15 17
8 10 11 14 15 17
8 9 12 13 16 17
7 9 10 15 16 18
7 9 12 13 16 18
8 9 10 15 16 17
7 8 11 14 17 18
7 11 12 13 14 18
8 9 11 14 16 17
7 9 11 14 16 18
7 8 10 15 17 18
8 10 11 12 13 14 15 17
8 9 11 12 13 14 16 17
8 9 10 12 13 15 16 17
8 9 10 11 14 15 16 17
7 10 11 12 13 14 15 18
7 8 11 12 13 14 17 18
7 9 10 12 13 15 16 18
7 9 11 12 13 14 16 18
7 9 10 11 14 15 16 18
7 8 9 12 13 16 17 18
7 8 10 11 14 15 17 18
7 8 10 12 13 15 17 18
7 8 9 11 14 16 17 18
7 8 9 10 15 16 17 18
8 9 10 11 12 13 14 15 16 17
7 9 10 11 12 13 14 15 16 18
7 8 10 11 12 13 14 15 17 18
7 8 9 11 12 13 14 16 17 18
7 8 9 10 11 14 15 16 17 18
7 8 9 10 12 13 15 16 17 18
7 8 9 10 11 12 13 14 15 16 17 18
