7 8 14 15
6 10 12 16
7 10 11 12 15
7 8 11 14 15
6 10 11 12 16
7 9 10 12 13 15
7 8 9 13 14 15
4 7 9 13 15 18
5 6 8 14 16 17
6 9 10 12 13 16
7 8 10 12 14 15
5 8 10 12 14 17
5 9 10 12 13 17
6 8 9 13 14 16
6 7 8 14 15 16
6 8 10 12 14 16
5 8 9 13 14 17
3 5 8 14 17 19
6 7 9 13 15 16
5 6 10 12 16 17
7 9 10 11 12 13 15
7 8 9 11 13 14 15
6 9 10 11 12 13 16
7 8 10 11 12 14 15
6 8 9 11 13 14 16
6 7 8 11 14 15 16
6 8 10 11 12 14 16
5 8 9 11 13 14 17
6 7 9 11 13 15 16
7 8 9 10 12 13 14 15
4 7 9 10 12 13 15 18
3 7 8 9 13 14 15 19
5 6 7 8 14 15 16 17
4 5 6 8 14 16 17 18
6 8 9 10 12 13 14 16
3 4 5 7 15 17 18 19
3 5 8 10 12 14 17 19
6 7 9 10 12 13 15 16
3 5 6 8 14 16 17 19
5 6 9 10 12 13 16 17
4 6 7 8 14 15 16 18
6 7 8 10 12 14 15 16
3 4 5 8 14 17 18 19
3 5 7 8 14 15 17 19
6 7 8 9 13 14 15 16
4 7 8 9 13 14 15 18
5 6 8 10 12 14 16 17
7 8 9 10 11 12 13 14 15
6 8 9 10 11 12 13 14 16
6 7 9 10 11 12 13 15 16
6 7 8 10 11 12 14 15 16
6 7 8 9 11 13 14 15 16
3 4 5 6 7 15 16 17 18 19
4 5 6 7 8 14 15 16 17 18
6 7 8 9 10 12 13 14 15 16
3 5 6 7 8 14 15 16 17 19
3 4 5 6 8 14 16 17 18 19
3 4 5 7 8 14 15 17 18 19
3 5 6 8 10 12 14 16 17 19
