6 12 18
6 9 15 18
7 11 12 13 17
6 11 12 13 18
6 10 12 14 18
4 6 12 18 20
7 10 12 14 17
4 10 12 14 20
6 8 12 16 18
5 7 12 17 19
2 10 12 14 22
3 9 12 15 21
6 9 12 15 18
6 10 11 13 14 18
4 6 9 15 18 20
6 7 10 14 17 18
6 7 9 15 17 18
6 9 10 14 15 18
6 9 11 13 15 18
7 9 10 14 15 17
6 7 11 13 17 18
5 6 11 13 18 19
4 9 11 13 15 20
7 8 9 15 16 17
3 10 11 13 14 21
6 8 10 14 16 18
5 9 10 14 15 19
4 6 10 14 18 20
6 8 9 15 16 18
3 6 9 15 18 21
7 9 11 12 13 15 17
5 9 11 12 13 15 19
7 8 11 12 13 16 17
4 6 11 12 13 18 20
6 10 11 12 13 14 18
7 10 11 12 13 14 17
7 9 10 12 14 15 17
4 10 11 12 13 14 20
4 9 10 12 14 15 20
5 10 11 12 13 14 19
2 9 10 12 14 15 22
4 7 10 12 14 17 20
5 7 11 12 13 17 19
3 9 11 12 13 15 21
6 8 11 12 13 16 18
3 9 10 12 14 15 21
5 7 9 12 15 17 19
3 4 9 12 15 20 21
4 5 7 12 17 19 20
4 6 9 12 15 18 20
6 9 11 12 13 15 18
6 9 10 12 14 15 18
6 7 9 12 15 17 18
6 7 10 12 14 17 18
2 10 11 12 13 14 22
6 8 10 12 14 16 18
3 10 11 12 13 14 21
4 9 11 12 13 15 20
7 8 9 12 15 16 17
4 7 11 12 13 17 20
2 4 10 12 14 20 22
4 6 10 12 14 18 20
7 8 10 12 14 16 17
5 8 11 12 13 16 19
3 8 9 12 15 16 21
2 6 10 12 14 18 22
6 8 9 12 15 16 18
5 6 11 12 13 18 19
6 7 11 12 13 17 18
7 9 10 11 13 14 15 17
5 6 7 9 15 17 18 19
6 9 10 11 13 14 15 18
2 6 10 11 13 14 18 22
2 6 9 10 14 15 18 22
4 6 7 9 15 17 18 20
4 7 9 10 14 15 17 20
4 5 6 11 13 18 19 20
7 8 9 11 13 15 16 17
5 9 10 11 13 14 15 19
4 5 7 9 15 17 19 20
3 4 9 11 13 15 20 21
3 4 10 11 13 14 20 21
7 8 9 10 14 15 16 17
6 7 8 9 15 16 17 18
5 7 8 9 15 16 17 19
3 8 9 11 13 15 16 21
3 7 9 10 14 15 17 21
3 9 10 11 13 14 15 21
6 8 10 11 13 14 16 18
2 9 10 11 13 14 15 22
4 6 10 11 13 14 18 20
5 6 10 11 13 14 18 19
2 7 9 10 14 15 17 22
6 7 10 11 13 14 17 18
4 6 9 11 13 15 18 20
3 6 10 11 13 14 18 21
3 6 9 10 14 15 18 21
4 6 8 9 15 16 18 20
3 4 6 9 15 18 20 21
5 6 9 10 14 15 18 19
4 7 9 11 13 15 17 20
2 5 7 9 15 17 19 22
6 7 9 10 14 15 17 18
4 5 9 11 13 15 19 20
5 6 7 11 13 17 18 19
6 8 9 11 13 15 16 18
5 6 7 10 14 17 18 19
3 6 9 11 13 15 18 21
6 7 9 11 13 15 17 18
3 7 10 11 13 14 17 21
3 5 6 11 13 18 19 21
5 6 9 11 13 15 18 19
6 7 8 11 13 16 17 18
4 7 8 9 15 16 17 20
4 6 7 10 14 17 18 20
3 5 10 11 13 14 19 21
4 8 9 11 13 15 16 20
3 6 8 9 15 16 18 21
6 8 9 10 14 15 16 18
6 7 8 10 14 16 17 18
5 7 9 10 14 15 17 19
4 6 9 10 14 15 18 20
2 4 6 10 14 18 20 22
7 9 10 11 12 13 14 15 17
3 5 7 11 12 13 17 19 21
3 5 9 11 12 13 15 19 21
3 7 9 11 12 13 15 17 21
4 6 7 9 12 15 17 18 20
6 9 10 11 12 13 14 15 18
4 5 10 11 12 13 14 19 20
4 7 9 10 12 14 15 17 20
5 7 9 11 12 13 15 17 19
3 4 10 11 12 13 14 20 21
7 8 9 10 12 14 15 16 17
6 8 10 11 12 13 14 16 18
7 8 9 11 12 13 15 16 17
2 4 9 10 12 14 15 20 22
6 7 10 11 12 13 14 17 18
5 6 10 11 12 13 14 18 19
4 6 10 11 12 13 14 18 20
4 7 9 11 12 13 15 17 20
4 5 9 11 12 13 15 19 20
7 8 10 11 12 13 14 16 17
2 7 9 10 12 14 15 17 22
6 8 9 11 12 13 15 16 18
4 5 6 11 12 13 18 19 20
2 6 10 11 12 13 14 18 22
6 7 9 10 12 14 15 17 18
6 7 9 11 12 13 15 17 18
3 5 6 11 12 13 18 19 21
6 7 8 9 12 15 16 17 18
3 5 10 11 12 13 14 19 21
6 7 8 10 12 14 16 17 18
3 4 9 11 12 13 15 20 21
4 5 7 11 12 13 17 19 20
4 5 7 9 12 15 17 19 20
3 9 10 11 12 13 14 15 21
3 6 10 11 12 13 14 18 21
6 8 9 10 12 14 15 16 18
4 6 9 10 12 14 15 18 20
2 4 10 11 12 13 14 20 22
4 6 7 10 12 14 17 18 20
3 5 7 9 12 15 17 19 21
1 5 7 11 12 13 17 19 23
6 7 8 11 12 13 16 17 18
2 6 9 10 12 14 15 18 22
2 5 10 11 12 13 14 19 22
2 4 6 10 12 14 18 20 22
4 5 6 7 9 15 17 18 19 20
7 8 9 10 11 13 14 15 16 17
5 6 7 8 9 15 16 17 18 19
2 3 6 9 10 14 15 18 21 22
3 5 6 7 9 15 17 18 19 21
2 6 9 10 11 13 14 15 18 22
3 4 5 7 11 13 17 19 20 21
3 4 5 9 11 13 15 19 20 21
2 5 6 7 10 14 17 18 19 22
2 5 6 10 11 13 14 18 19 22
2 6 7 9 10 14 15 17 18 22
2 6 7 10 11 13 14 17 18 22
3 4 5 6 11 13 18 19 20 21
3 4 5 10 11 13 14 19 20 21
2 5 6 7 9 15 17 18 19 22
3 7 9 10 11 13 14 15 17 21
3 4 6 10 11 13 14 18 20 21
2 4 7 9 10 14 15 17 20 22
5 6 7 10 11 13 14 17 18 19
3 4 8 9 11 13 15 16 20 21
4 5 6 10 11 13 14 18 19 20
4 5 7 8 9 15 16 17 19 20
3 4 5 7 9 15 17 19 20 21
3 4 7 9 11 13 15 17 20 21
3 5 7 9 10 14 15 17 19 21
5 6 9 10 11 13 14 15 18 19
3 5 7 8 9 15 16 17 19 21
4 5 7 9 11 13 15 17 19 20
2 5 7 9 10 14 15 17 19 22
2 5 6 7 11 13 17 18 19 22
3 5 6 10 11 13 14 18 19 21
2 3 5 10 11 13 14 19 21 22
2 5 9 10 11 13 14 15 19 22
5 7 9 10 11 13 14 15 17 19
4 6 8 9 11 13 15 16 18 20
4 6 7 8 9 15 16 17 18 20
6 8 9 10 11 13 14 15 16 18
6 7 9 10 11 13 14 15 17 18
5 6 7 9 10 14 15 17 18 19
2 7 9 10 11 13 14 15 17 22
6 7 8 10 11 13 14 16 17 18
2 5 7 9 11 13 15 17 19 22
3 6 7 9 10 14 15 17 18 21
6 7 8 9 11 13 15 16 17 18
3 5 9 10 11 13 14 15 19 21
2 3 9 10 11 13 14 15 21 22
3 4 6 9 11 13 15 18 20 21
3 6 9 10 11 13 14 15 18 21
3 6 7 10 11 13 14 17 18 21
6 7 8 9 10 14 15 16 17 18
3 6 8 9 11 13 15 16 18 21
3 4 6 8 9 15 16 18 20 21
2 3 5 7 11 13 17 19 21 22
5 6 7 9 11 13 15 17 18 19
3 5 6 7 11 13 17 18 19 21
3 5 7 10 11 13 14 17 19 21
2 4 6 9 10 14 15 18 20 22
4 6 7 9 10 14 15 17 18 20
3 5 6 9 11 13 15 18 19 21
3 6 7 9 11 13 15 17 18 21
2 4 6 10 11 13 14 18 20 22
1 5 6 7 11 13 17 18 19 23
7 8 9 10 11 12 13 14 15 16 17
3 5 7 9 11 12 13 15 17 19 21
3 4 5 10 11 12 13 14 19 20 21
3 4 5 9 11 12 13 15 19 20 21
3 4 5 7 11 12 13 17 19 20 21
2 4 7 9 10 12 14 15 17 20 22
3 4 5 6 11 12 13 18 19 20 21
4 5 6 10 11 12 13 14 18 19 20
3 4 6 10 11 12 13 14 18 20 21
6 7 8 10 11 12 13 14 16 17 18
6 7 8 9 11 12 13 15 16 17 18
6 7 8 9 10 12 14 15 16 17 18
6 8 9 10 11 12 13 14 15 16 18
6 7 9 10 11 12 13 14 15 17 18
1 5 7 9 11 12 13 15 17 19 23
2 6 7 9 10 12 14 15 17 18 22
3 5 6 10 11 12 13 14 18 19 21
2 3 5 10 11 12 13 14 19 21 22
2 5 6 10 11 12 13 14 18 19 22
2 4 5 10 11 12 13 14 19 20 22
4 6 7 9 10 12 14 15 17 18 20
2 4 6 10 11 12 13 14 18 20 22
2 4 6 9 10 12 14 15 18 20 22
3 4 5 7 9 12 15 17 19 20 21
1 4 5 7 11 12 13 17 19 20 23
4 5 7 9 11 12 13 15 17 19 20
3 4 7 9 11 12 13 15 17 20 21
