934567804567890567890678907890890900
 934568904567890567890678079080900
 83456804567805678067807808080
 9345680456789056789067890789080900
 93456890456789056789067807890890900
 9345689045678905678906780789080900
 93456890456789056789067890789080900
 75267036704670567067070
 95267890369046789057806789090800
 9526789036904678905780678908908900
 952678903690467890578067890890800
 9526789036804678905789067908908900
 9526789036890467805789067908908900
 952678903680467890578906790890900
 95267890368046789057890679080900
 952678903689046780578906790890900
 8526780368046780578067808080
 9526789036790467890578906780890900
 952678903678046789057906789080900
 9526789036780467890579067890890900
 95267890367804678905789067890890900
 9526789036780467890578906789080900
 95267890367890467890578067890890900
 95267890367890467890578906780890900
 9526780367890467890578906790809090
 952678903678046789057890679080900
 9526789036780467890578906790890900
 952678903678046790578906890908900
 952678036789046790578906890809090
 95267803678904679057890689080900
 952678036789046789057906890808900
 9526789036780467890579068908908900
 952678903678904678057906890890800
 9526789036789046789057906808908900
 8526780367804678057806808080
 9526780367890467890578906890890900
 952678036789046789057890689080900
 9526789036780467890578906890890900
 9526789036789046780578906890890900
 9526789036789046789057806890890900
 9526789036789046789057890680890900
 9526789036789046789057890689080900
 b5269036789ab04ab05ab06789ab07080900b0
 952670367890489058906789070090
 9526703678904890589067070090
 b5267036789ab04ab0589ab06707009a0b00
 9526780367890489058906789070090
 95267803678904890589067890790090
 b5267036704789ab058b06789ab070090a0b0
 95267036704789058906789070090
 9526703679047890589067890709090
 952670367804789058906789070090
 9526703678904789058906789070090
 95267036789047890589067890709090
 9526703678904789058906790709090
 95267036789047890589067070090
 952678036704789058906789070090
 9526780367904789058906789070090
 95267803679047890589067890709090
 952678036789047905890678907809090
 95267803678904789058906789070090
 952678036789047890589067890709090
 952678036789047890589067890790090
 95267890367804789058906789070090
 952678903678047890589067890709090
 952678036789047890589067070090
 9526780367890478905890670790090
 9526780367890478905890679070090
 95267890367890478058906790790090
 95267890367890478905890679070090
 85267036780478057806707080
 852670367804780578067807080
 95267036789047890578906789070090
 952679036789047890578067890790090
 9526703678904789057890679070090
 952670367890478905789067070090
 9526790367890478057806790790090
 95267903678904780578906790790090
 852678036780478057806707080
 9526780367890478905789067890790090
 952678036789047890578906789070090
 95267803678904789057890678070090
 952678903678904780578067890790090
 9526789036789047890578067890790090
 95267803678904789057890670790090
 952678036789047890578906790790090
 95267803678904789057890679070090
 9526780367890478905789067070090
 952678903678904780578906790790090
 952678903678904789057890679070090
 9526703678904789057890680709090
 95267036789047890578906890709090
 95267903678904789057890680709090
 952678036790478905789068907809090
 95267803679047890578906890780900
 9526780367904789057890689070090
 95267890367047890578906890790090
 952678036789047905790680780900
 95267803678904790579068907809090
 9526780367890479057906890780900
 9526789036780479057906890780090
 95267890367804790579068907809090
 95267890367890479057906807809090
 9526789036789047905790680780900
 95267890367890479057906890780900
 95267803678047905789068907809090
 9526780367804790578906890780900
 9526780367890479057890680780900
 952678036789047905789068907809090
 95267803678904790578906890780900
 95267890367804790578906890780090
 952678903678047905789068907809090
 952678903678904790578906807809090
 95267890367890479057890680780900
 952678903678904790578906890780900
 9526780367804789057906890780900
 95267803678904789057906807809090
 9526780367890478905790680780900
 95267803678904789057906890780090
 952678036789047890579068907809090
 95267803678904789057906890780900
 952678903678904789057906807809090
 95267890367890478905790680780900
 952678903678904789057906890780900
 952678036789047890578906890780900
 95267803678904789057890680780900
 9526789036789047890578906890780900
 952678903678904789057890680780900
 95267803678047890578906890709090
 95267803678047890578906890790090
 952678036780478905789068907909090
 95267803678047890578906890790900
 95267803678904789057890680709090
 952678036789047890578906807909090
 95267803678904789057890680790900
 95267803678904789057890689070090
 952678036789047890578906890709090
 952678036789047890578906890790090
 952678036789047890578906890790900
 95267890367804789057890689070090
 952678903678047890578906890709090
 952678903678047890578906890790090
 952678903678047890578906890790900
 95267890367890478057806890790090
 952678903678904780578906890790090
 952678903678904789057806890790090
 952678903678904789057890680709090
 9526703670478905890689070090
 b5267036704789ab05ab0689ab07009a0b00
 95267803679047905890680780900
 952678036704789058906890780090
 9526780367904789058906807809090
 95267803679047890589068907809090
 9526780367904789058906890780900
 95267803670478905890689070090
 952678036704789058906890790090
 952678036790478905890680709090
 952678036790478905890689070090
 9526780367904789058906890709090
 952678903670478905890689070090
 9526789036704789058906890790090
 952678036780479058906890780900
 952678036789047905890680780900
 95267803678904790589068907809090
 9526780367890479058906890780900
 9526789036789047905890680780900
 9526780367804789058906890780900
 95267803678904789058906890780900
 952678903678904789058906890780900
 952678036780478905890689070090
 9526780367804789058906890790090
 95267803678047890589068907909090
 9526780367804789058906890790900
 9526789036780478058906890790090
 95267890367804780589068907909090
 9526789036780478058906890790900
 9526789036780478905890689070090
 95267890367804789058906890709090
 95267890367804789058906890790090
 95267890367804789058906890790900
 95267890367890478905890680709090
 523450345045050
 