6 12 18
7 11 12 13 17
6 11 12 13 18
6 10 12 14 18
4 6 12 18 20
6 8 12 16 18
5 7 12 17 19
2 10 12 14 22
3 9 12 15 21
6 10 11 13 14 18
3 6 9 15 18 21
7 9 11 12 13 15 17
5 9 11 12 13 15 19
7 8 11 12 13 16 17
4 6 11 12 13 18 20
6 10 11 12 13 14 18
2 9 10 12 14 15 22
5 7 11 12 13 17 19
3 9 11 12 13 15 21
6 8 11 12 13 16 18
3 9 10 12 14 15 21
5 7 9 12 15 17 19
3 4 9 12 15 20 21
4 5 7 12 17 19 20
3 8 9 12 15 16 21
2 6 10 12 14 18 22
3 6 9 10 14 15 18 21
3 4 6 9 15 18 20 21
3 6 9 11 13 15 18 21
3 6 8 9 15 16 18 21
3 5 7 11 12 13 17 19 21
3 5 9 11 12 13 15 19 21
3 7 9 11 12 13 15 17 21
5 7 9 11 12 13 15 17 19
3 5 7 9 12 15 17 19 21
1 5 7 11 12 13 17 19 23
2 4 6 10 12 14 18 20 22
2 3 6 9 10 14 15 18 21 22
3 5 6 7 9 15 17 18 19 21
3 4 6 8 9 15 16 18 20 21
1 5 6 7 11 13 17 18 19 23
3 5 7 9 11 12 13 15 17 19 21
1 5 7 9 11 12 13 15 17 19 23
