12 13 14 15 16 17 18 19
11 13 14 15 16 17 18 20
11 12 13 14 17 18 19 20
11 12 13 15 16 18 19 20
11 12 14 15 16 17 19 20
10 12 14 15 16 17 19 21
10 13 14 15 16 17 18 21
10 12 13 14 17 18 19 21
10 12 13 15 16 18 19 21
9 12 14 15 16 17 19 22
8 11 13 14 17 18 20 23
9 10 14 15 16 17 21 22
10 11 14 15 16 17 20 21
10 11 12 13 18 19 20 21
10 11 13 15 16 18 20 21
10 11 13 14 17 18 20 21
10 11 12 15 16 19 20 21
10 11 12 14 17 19 20 21
9 12 13 15 16 18 19 22
9 12 13 14 17 18 19 22
9 11 14 15 16 17 20 22
8 11 14 15 16 17 20 23
9 11 12 14 17 19 20 22
9 11 12 15 16 19 20 22
9 10 13 15 16 18 21 22
8 10 14 15 16 17 21 23
9 13 14 15 16 17 18 22
8 10 11 14 17 20 21 23
7 11 14 15 16 17 20 24
8 13 14 15 16 17 18 23
8 12 14 15 16 17 19 23
8 12 13 15 16 18 19 23
8 10 12 15 16 19 21 23
7 9 10 13 18 21 22 24
9 11 13 15 16 18 20 22
9 11 13 14 17 18 20 22
9 11 12 13 18 19 20 22
9 10 11 15 16 20 21 22
7 12 14 15 16 17 19 24
9 10 11 14 17 20 21 22
8 9 11 13 18 20 22 23
8 11 12 14 17 19 20 23
9 10 12 15 16 19 21 22
9 10 12 14 17 19 21 22
8 10 13 14 17 18 21 23
6 10 13 15 16 18 21 25
8 11 12 13 18 19 20 23
8 10 12 13 18 19 21 23
7 10 13 14 17 18 21 24
7 8 11 15 16 20 23 24
7 9 10 15 16 21 22 24
8 9 12 14 17 19 22 23
8 10 11 13 18 20 21 23
8 11 12 15 16 19 20 23
8 10 13 15 16 18 21 23
9 10 12 13 18 19 21 22
8 9 10 12 19 21 22 23
7 8 10 13 18 21 23 24
7 8 11 13 18 20 23 24
7 8 10 15 16 21 23 24
6 11 13 14 17 18 20 25
6 11 14 15 16 17 20 25
7 10 14 15 16 17 21 24
6 12 13 14 17 18 19 25
7 9 10 14 17 21 22 24
7 8 13 15 16 18 23 24
8 9 14 15 16 17 22 23
8 9 11 12 19 20 22 23
7 11 13 14 17 18 20 24
7 9 14 15 16 17 22 24
7 10 11 14 17 20 21 24
8 9 11 15 16 20 22 23
6 8 11 14 17 20 23 25
6 9 10 15 16 21 22 25
6 8 9 14 17 22 23 25
8 9 13 15 16 18 22 23
8 10 11 15 16 20 21 23
6 7 11 13 18 20 24 25
9 10 11 13 18 20 21 22
9 10 11 12 19 20 21 22
7 8 9 15 16 22 23 24
6 7 12 13 18 19 24 25
8 9 10 13 18 21 22 23
8 10 11 12 19 20 21 23
7 11 12 13 18 19 20 24
7 10 11 13 18 20 21 24
6 10 11 14 17 20 21 25
7 9 12 15 16 19 22 24
7 10 12 14 17 19 21 24
8 9 11 14 17 20 22 23
7 8 12 15 16 19 23 24
