15 17 19 21 23 25
11 15 19 21 25 29
9 11 13 27 29 31
7 15 17 23 25 33
11 13 19 21 27 29
13 17 19 21 23 27
9 11 17 23 29 31
13 15 17 23 25 27
13 15 19 21 25 27
9 15 17 23 25 31
11 17 19 21 23 29
11 15 17 23 25 29
11 13 17 23 27 29
9 11 15 25 29 31
9 11 19 21 29 31
5 15 19 21 25 35
17 18 19 21 22 23
10 16 17 23 24 30
9 11 12 28 29 31
8 9 11 29 31 32
9 10 11 29 30 31
8 12 15 25 28 32
6 14 15 25 26 34
9 11 14 26 29 31
6 14 19 21 26 34
11 14 19 21 26 29
12 13 17 23 27 28
12 13 18 22 27 28
11 14 16 24 26 29
9 16 19 21 24 31
10 12 19 21 28 30
8 12 19 21 28 32
16 17 19 21 23 24
16 18 19 21 22 24
15 18 19 21 22 25
4 12 19 21 28 36
12 13 19 21 27 28
15 17 18 22 23 25
11 12 19 21 28 29
4 12 15 25 28 36
15 16 18 22 24 25
10 17 19 21 23 30
11 16 17 23 24 29
16 17 18 22 23 24
14 18 19 21 22 26
14 16 17 23 24 26
10 13 19 21 27 30
10 16 19 21 24 30
13 16 19 21 24 27
11 16 19 21 24 29
12 17 18 22 23 28
15 16 17 23 24 25
5 15 18 22 25 35
5 12 15 25 28 35
5 15 16 24 25 35
14 17 19 21 23 26
15 16 19 21 24 25
13 16 18 22 24 27
13 18 19 21 22 27
9 12 15 25 28 31
13 16 17 23 24 27
14 16 19 21 24 26
12 15 19 21 25 28
8 12 17 23 28 32
7 12 13 27 28 33
9 11 16 24 29 31
7 12 17 23 28 33
11 12 13 27 28 29
14 15 18 22 25 26
10 14 18 22 26 30
6 14 18 22 26 34
6 10 14 26 30 34
12 15 17 23 25 28
12 18 19 21 22 28
14 15 17 23 25 26
14 17 18 22 23 26
13 17 18 22 23 27
10 14 19 21 26 30
14 15 19 21 25 26
10 18 19 21 22 30
14 15 16 24 25 26
12 17 19 21 23 28
10 17 18 22 23 30
10 12 17 23 28 30
6 14 16 24 26 34
8 12 18 22 28 32
4 6 14 26 34 36
14 16 18 22 24 26
13 15 16 24 25 27
12 15 18 22 25 28
8 10 12 28 30 32
10 16 18 22 24 30
4 10 12 28 30 36
10 15 18 22 25 30
13 14 17 23 26 27
10 15 19 21 25 30
10 15 17 23 25 30
13 14 18 22 26 27
12 14 15 25 26 28
8 12 14 26 28 32
12 16 18 22 24 28
12 14 18 22 26 28
10 12 14 26 28 30
9 15 18 22 25 31
13 14 15 25 26 27
11 16 18 22 24 29
4 12 18 22 28 36
11 12 18 22 28 29
12 15 16 24 25 28
13 14 19 21 26 27
12 16 17 23 24 28
13 14 16 24 26 27
11 17 18 22 23 29
12 14 17 23 26 28
12 16 19 21 24 28
11 13 14 26 27 29
10 12 15 25 28 30
10 15 16 24 25 30
12 14 19 21 26 28
6 14 17 23 26 34
11 18 19 21 22 29
10 13 14 26 27 30
11 14 18 22 26 29
11 12 14 26 28 29
10 12 16 24 28 30
8 16 19 21 24 32
8 16 18 22 24 32
8 10 16 24 30 32
8 15 16 24 25 32
12 14 16 24 26 28
12 13 14 26 27 28
10 13 17 23 27 30
10 11 19 21 29 30
6 12 18 22 28 34
11 14 15 25 26 29
8 11 19 21 29 32
12 13 15 25 27 28
10 14 16 24 26 30
10 12 18 22 28 30
9 14 17 23 26 31
11 13 16 24 27 29
9 15 16 24 25 31
7 15 18 22 25 33
11 12 17 23 28 29
9 11 18 22 29 31
8 14 18 22 26 32
9 13 18 22 27 31
4 12 16 24 28 36
9 12 19 21 28 31
6 12 14 26 28 34
6 8 14 26 32 34
8 12 16 24 28 32
5 10 15 25 30 35
