7 9 11 13 15 17 19 21 23 25 27
3 5 7 11 15 17 19 23 27 29 31
5 7 11 13 15 17 19 21 23 27 29
3 9 11 13 15 17 19 21 23 25 31
5 9 11 13 15 17 19 21 23 25 29
5 7 9 11 13 17 21 23 25 27 29
5 7 9 11 15 17 19 23 25 27 29
12 13 14 15 16 17 18 19 20 21 22
11 13 14 15 16 17 18 19 20 21 23
11 12 13 15 16 17 18 19 21 22 23
11 12 13 14 15 17 19 20 21 22 23
11 12 13 14 16 17 18 20 21 22 23
10 13 14 15 16 17 18 19 20 21 24
10 11 14 15 16 17 18 19 20 23 24
9 12 14 15 16 17 18 19 20 22 25
9 13 14 15 16 17 18 19 20 21 25
11 12 14 15 16 17 18 19 20 22 23
10 12 13 15 16 17 18 19 21 22 24
9 11 13 15 16 17 18 19 21 23 25
7 10 13 15 16 17 18 19 21 24 27
5 7 8 9 11 17 23 25 26 27 29
10 12 14 15 16 17 18 19 20 22 24
10 12 13 14 16 17 18 20 21 22 24
10 12 13 14 15 17 19 20 21 22 24
8 12 13 15 16 17 18 19 21 22 26
10 11 12 15 16 17 18 19 22 23 24
8 11 13 14 16 17 18 20 21 23 26
8 13 14 15 16 17 18 19 20 21 26
5 11 13 14 15 17 19 20 21 23 29
7 9 13 14 15 17 19 20 21 25 27
7 11 13 14 15 17 19 20 21 23 27
9 12 13 14 15 17 19 20 21 22 25
9 11 13 14 15 17 19 20 21 23 25
7 12 13 15 16 17 18 19 21 22 27
7 12 13 14 16 17 18 20 21 22 27
7 13 14 15 16 17 18 19 20 21 27
9 10 11 15 16 17 18 19 23 24 25
10 11 13 14 15 17 19 20 21 23 24
7 12 14 15 16 17 18 19 20 22 27
9 12 13 15 16 17 18 19 21 22 25
9 11 13 14 16 17 18 20 21 23 25
8 11 14 15 16 17 18 19 20 23 26
8 12 14 15 16 17 18 19 20 22 26
7 11 14 15 16 17 18 19 20 23 27
7 10 12 13 16 17 18 21 22 24 27
5 6 7 8 10 17 24 26 27 28 29
6 11 14 15 16 17 18 19 20 23 28
5 7 9 10 11 17 23 24 25 27 29
7 8 9 11 13 17 21 23 25 26 27
6 11 13 14 16 17 18 20 21 23 28
5 11 12 13 15 17 19 21 22 23 29
6 8 9 10 13 17 21 24 25 26 28
8 9 13 14 15 17 19 20 21 25 26
5 11 12 13 14 17 20 21 22 23 29
10 11 13 15 16 17 18 19 21 23 24
7 11 13 15 16 17 18 19 21 23 27
7 9 13 15 16 17 18 19 21 25 27
10 11 13 14 16 17 18 20 21 23 24
9 11 14 15 16 17 18 19 20 23 25
9 12 13 14 16 17 18 20 21 22 25
9 11 12 14 15 17 19 20 22 23 25
9 10 13 14 15 17 19 20 21 24 25
9 10 13 15 16 17 18 19 21 24 25
9 11 12 15 16 17 18 19 22 23 25
8 10 13 14 15 17 19 20 21 24 26
7 9 12 14 16 17 18 20 22 25 27
8 10 14 15 16 17 18 19 20 24 26
7 9 14 15 16 17 18 19 20 25 27
8 10 11 14 16 17 18 20 23 24 26
5 6 7 11 15 17 19 23 27 28 29
5 6 7 8 11 17 23 26 27 28 29
8 9 12 15 16 17 18 19 22 25 26
8 9 14 15 16 17 18 19 20 25 26
7 10 14 15 16 17 18 19 20 24 27
5 6 7 9 11 17 23 25 27 28 29
5 6 9 11 13 17 21 23 25 28 29
7 10 11 14 15 17 19 20 23 24 27
3 11 13 15 16 17 18 19 21 23 31
9 10 14 15 16 17 18 19 20 24 25
5 11 13 15 16 17 18 19 21 23 29
5 7 11 15 16 17 18 19 23 27 29
6 7 13 15 16 17 18 19 21 27 28
9 10 13 14 16 17 18 20 21 24 25
3 5 7 11 16 17 18 23 27 29 31
5 9 11 13 14 17 20 21 23 25 29
5 9 13 14 15 17 19 20 21 25 29
9 11 12 14 16 17 18 20 22 23 25
9 10 12 13 16 17 18 21 22 24 25
8 11 12 15 16 17 18 19 22 23 26
8 10 11 13 14 17 20 21 23 24 26
7 11 12 14 16 17 18 20 22 23 27
10 11 12 14 16 17 18 20 22 23 24
10 11 12 14 15 17 19 20 22 23 24
7 11 12 13 15 17 19 21 22 23 27
8 11 13 14 15 17 19 20 21 23 26
5 9 13 15 16 17 18 19 21 25 29
8 12 13 14 16 17 18 20 21 22 26
7 8 9 11 12 17 22 23 25 26 27
6 7 8 9 12 17 22 25 26 27 28
6 9 11 13 16 17 18 21 23 25 28
5 6 8 9 10 17 24 25 26 28 29
10 11 12 13 14 17 20 21 22 23 24
10 11 12 13 15 17 19 21 22 23 24
7 9 11 13 16 17 18 21 23 25 27
9 10 11 12 16 17 18 22 23 24 25
9 10 12 14 16 17 18 20 22 24 25
6 8 10 15 16 17 18 19 24 26 28
10 11 12 13 16 17 18 21 22 23 24
6 10 14 15 16 17 18 19 20 24 28
8 10 12 14 15 17 19 20 22 24 26
7 9 11 15 16 17 18 19 23 25 27
5 9 10 13 15 17 19 21 24 25 29
4 7 12 13 14 17 20 21 22 27 30
7 9 10 13 16 17 18 21 24 25 27
5 11 12 14 16 17 18 20 22 23 29
7 10 12 15 16 17 18 19 22 24 27
7 10 12 13 15 17 19 21 22 24 27
7 8 9 12 13 17 21 22 25 26 27
8 9 12 13 15 17 19 21 22 25 26
6 9 11 13 14 17 20 21 23 25 28
5 7 10 13 15 17 19 21 24 27 29
5 6 12 15 16 17 18 19 22 28 29
5 8 9 13 15 17 19 21 25 26 29
5 6 7 10 15 17 19 24 27 28 29
5 8 9 11 13 17 21 23 25 26 29
5 7 10 15 16 17 18 19 24 27 29
8 9 10 14 15 17 19 20 24 25 26
4 10 12 13 16 17 18 21 22 24 30
6 8 9 12 15 17 19 22 25 26 28
5 8 12 14 16 17 18 20 22 26 29
6 9 11 15 16 17 18 19 23 25 28
6 8 11 15 16 17 18 19 23 26 28
8 9 11 12 15 17 19 22 23 25 26
6 8 10 11 13 17 21 23 24 26 28
7 8 10 11 13 17 21 23 24 26 27
6 7 8 10 13 17 21 24 26 27 28
4 12 13 14 16 17 18 20 21 22 30
6 7 11 13 15 17 19 21 23 27 28
6 9 11 13 15 17 19 21 23 25 28
5 8 9 11 14 17 20 23 25 26 29
5 9 12 14 15 17 19 20 22 25 29
6 8 9 10 15 17 19 24 25 26 28
4 5 9 12 14 17 20 22 25 29 30
7 8 9 11 15 17 19 23 25 26 27
5 7 12 14 16 17 18 20 22 27 29
5 6 9 10 11 17 23 24 25 28 29
4 9 10 13 16 17 18 21 24 25 30
4 9 12 13 14 17 20 21 22 25 30
5 7 9 12 15 17 19 22 25 27 29
5 6 11 15 16 17 18 19 23 28 29
4 5 9 11 13 17 21 23 25 29 30
5 7 12 15 16 17 18 19 22 27 29
5 7 12 13 15 17 19 21 22 27 29
6 8 10 11 12 17 22 23 24 26 28
6 9 10 11 12 17 22 23 24 25 28
6 10 11 12 15 17 19 22 23 24 28
7 10 13 14 16 17 18 20 21 24 27
7 10 13 14 15 17 19 20 21 24 27
8 9 10 11 16 17 18 23 24 25 26
6 11 12 15 16 17 18 19 22 23 28
7 8 9 12 16 17 18 22 25 26 27
7 9 10 13 14 17 20 21 24 25 27
9 10 11 13 16 17 18 21 23 24 25
8 10 11 14 15 17 19 20 23 24 26
6 7 13 14 16 17 18 20 21 27 28
5 10 14 15 16 17 18 19 20 24 29
6 9 13 15 16 17 18 19 21 25 28
5 10 11 14 15 17 19 20 23 24 29
7 8 11 14 15 17 19 20 23 26 27
7 9 10 11 12 17 22 23 24 25 27
5 9 11 12 13 17 21 22 23 25 29
9 11 12 13 14 17 20 21 22 23 25
7 11 12 15 16 17 18 19 22 23 27
4 5 7 9 11 17 23 25 27 29 30
6 8 13 15 16 17 18 19 21 26 28
8 10 11 12 15 17 19 22 23 24 26
8 10 11 13 15 17 19 21 23 24 26
9 10 11 12 13 17 21 22 23 24 25
8 10 12 14 16 17 18 20 22 24 26
7 8 10 11 12 17 22 23 24 26 27
6 7 8 10 12 17 22 24 26 27 28
6 10 11 14 15 17 19 20 23 24 28
4 12 13 15 16 17 18 19 21 22 30
6 11 13 14 15 17 19 20 21 23 28
5 7 9 10 15 17 19 24 25 27 29
4 8 9 12 14 17 20 22 25 26 30
5 8 9 10 13 17 21 24 25 26 29
6 8 11 14 16 17 18 20 23 26 28
8 9 10 13 14 17 20 21 24 25 26
7 8 10 12 13 17 21 22 24 26 27
7 10 11 12 13 17 21 22 23 24 27
6 10 11 14 16 17 18 20 23 24 28
7 9 11 14 15 17 19 20 23 25 27
7 8 12 15 16 17 18 19 22 26 27
6 10 12 13 16 17 18 21 22 24 28
6 10 12 15 16 17 18 19 22 24 28
6 7 9 13 14 17 20 21 25 27 28
9 10 11 14 15 17 19 20 23 24 25
9 10 11 13 14 17 20 21 23 24 25
4 9 11 14 16 17 18 20 23 25 30
9 10 12 13 14 17 20 21 22 24 25
8 11 12 14 15 17 19 20 22 23 26
9 10 12 13 15 17 19 21 22 24 25
6 7 9 12 13 17 21 22 25 27 28
6 9 12 15 16 17 18 19 22 25 28
6 9 12 13 16 17 18 21 22 25 28
6 7 12 13 14 17 20 21 22 27 28
7 10 12 14 15 17 19 20 22 24 27
8 9 12 13 16 17 18 21 22 25 26
6 7 9 12 16 17 18 22 25 27 28
6 10 11 13 16 17 18 21 23 24 28
5 11 14 15 16 17 18 19 20 23 29
5 13 14 15 16 17 18 19 20 21 29
3 9 12 13 15 17 19 21 22 25 31
6 9 10 13 15 17 19 21 24 25 28
7 9 13 14 16 17 18 20 21 25 27
8 9 11 14 15 17 19 20 23 25 26
7 9 10 15 16 17 18 19 24 25 27
7 8 10 15 16 17 18 19 24 26 27
4 9 10 13 14 17 20 21 24 25 30
5 7 8 12 13 17 21 22 26 27 29
7 9 10 14 16 17 18 20 24 25 27
7 8 10 14 16 17 18 20 24 26 27
6 9 12 13 15 17 19 21 22 25 28
7 8 11 15 16 17 18 19 23 26 27
7 8 12 14 15 17 19 20 22 26 27
5 9 11 14 16 17 18 20 23 25 29
6 9 10 15 16 17 18 19 24 25 28
7 8 11 12 15 17 19 22 23 26 27
6 7 9 13 15 17 19 21 25 27 28
5 9 11 14 15 17 19 20 23 25 29
3 12 13 15 16 17 18 19 21 22 31
4 5 9 11 14 17 20 23 25 29 30
7 8 13 14 15 17 19 20 21 26 27
7 11 12 13 14 17 20 21 22 23 27
7 8 13 14 16 17 18 20 21 26 27
8 10 11 13 16 17 18 21 23 24 26
6 7 8 13 15 17 19 21 26 27 28
5 6 8 11 14 17 20 23 26 28 29
7 10 11 13 16 17 18 21 23 24 27
6 10 11 13 15 17 19 21 23 24 28
8 9 10 11 15 17 19 23 24 25 26
8 9 10 15 16 17 18 19 24 25 26
6 7 12 13 15 17 19 21 22 27 28
4 9 11 13 15 17 19 21 23 25 30
6 7 10 13 16 17 18 21 24 27 28
7 10 11 13 14 17 20 21 23 24 27
8 10 13 15 16 17 18 19 21 24 26
6 13 14 15 16 17 18 19 20 21 28
8 11 13 15 16 17 18 19 21 23 26
7 8 13 15 16 17 18 19 21 26 27
6 12 13 14 15 17 19 20 21 22 28
9 11 12 13 15 17 19 21 22 23 25
8 12 13 14 15 17 19 20 21 22 26
6 12 14 15 16 17 18 19 20 22 28
7 9 11 12 13 17 21 22 23 25 27
6 12 13 14 16 17 18 20 21 22 28
5 9 10 11 13 17 21 23 24 25 29
9 10 12 14 15 17 19 20 22 24 25
6 8 13 14 16 17 18 20 21 26 28
6 8 12 15 16 17 18 19 22 26 28
9 11 12 13 16 17 18 21 22 23 25
8 11 12 14 16 17 18 20 22 23 26
7 11 12 14 15 17 19 20 22 23 27
7 8 12 14 16 17 18 20 22 26 27
9 10 11 14 16 17 18 20 23 24 25
7 8 11 14 16 17 18 20 23 26 27
8 10 12 15 16 17 18 19 22 24 26
9 10 12 15 16 17 18 19 22 24 25
8 11 12 13 15 17 19 21 22 23 26
8 10 13 14 16 17 18 20 21 24 26
8 10 11 12 13 17 21 22 23 24 26
7 9 11 12 16 17 18 22 23 25 27
9 10 11 12 14 17 20 22 23 24 25
5 7 9 11 16 17 18 23 25 27 29
7 8 12 13 15 17 19 21 22 26 27
4 11 12 14 16 17 18 20 22 23 30
6 7 8 12 15 17 19 22 26 27 28
6 10 12 14 15 17 19 20 22 24 28
5 9 10 11 14 17 20 23 24 25 29
7 8 9 10 11 17 23 24 25 26 27
6 7 8 9 10 17 24 25 26 27 28
6 7 8 9 11 17 23 25 26 27 28
6 8 9 10 11 17 23 24 25 26 28
6 11 13 15 16 17 18 19 21 23 28
7 10 11 13 15 17 19 21 23 24 27
6 9 10 11 13 17 21 23 24 25 28
6 7 10 15 16 17 18 19 24 27 28
7 10 11 15 16 17 18 19 23 24 27
6 8 10 11 15 17 19 23 24 26 28
6 7 8 10 15 17 19 24 26 27 28
5 12 13 15 16 17 18 19 21 22 29
5 7 8 9 10 17 24 25 26 27 29
7 8 9 10 12 17 22 24 25 26 27
6 8 9 10 12 17 22 24 25 26 28
8 9 10 11 12 17 22 23 24 25 26
6 9 11 14 16 17 18 20 23 25 28
6 7 12 14 16 17 18 20 22 27 28
5 8 9 10 14 17 20 24 25 26 29
6 7 9 11 16 17 18 23 25 27 28
5 6 9 10 15 17 19 24 25 28 29
6 7 13 14 15 17 19 20 21 27 28
5 8 9 13 14 17 20 21 25 26 29
6 8 11 14 15 17 19 20 23 26 28
6 7 8 10 11 17 23 24 26 27 28
6 7 10 11 15 17 19 23 24 27 28
6 7 11 15 16 17 18 19 23 27 28
6 10 11 15 16 17 18 19 23 24 28
5 12 14 15 16 17 18 19 20 22 29
5 9 12 13 15 17 19 21 22 25 29
6 7 9 10 13 17 21 24 25 27 28
7 9 10 11 15 17 19 23 24 25 27
7 9 10 13 15 17 19 21 24 25 27
7 9 10 11 13 17 21 23 24 25 27
6 7 9 11 13 17 21 23 25 27 28
8 9 12 14 15 17 19 20 22 25 26
7 8 9 13 15 17 19 21 25 26 27
5 7 9 10 12 17 22 24 25 27 29
5 7 8 10 12 17 22 24 26 27 29
5 7 10 12 13 17 21 22 24 27 29
8 9 10 12 13 17 21 22 24 25 26
5 7 10 12 16 17 18 22 24 27 29
5 6 9 11 12 17 22 23 25 28 29
4 8 9 10 13 17 21 24 25 26 30
8 9 10 12 14 17 20 22 24 25 26
5 11 12 13 16 17 18 21 22 23 29
7 8 10 12 15 17 19 22 24 26 27
6 7 11 14 16 17 18 20 23 27 28
6 7 10 12 13 17 21 22 24 27 28
7 10 11 12 16 17 18 22 23 24 27
6 10 11 13 14 17 20 21 23 24 28
6 8 10 11 16 17 18 23 24 26 28
6 7 8 10 16 17 18 24 26 27 28
7 9 10 11 16 17 18 23 24 25 27
5 9 11 12 14 17 20 22 23 25 29
6 8 9 13 15 17 19 21 25 26 28
4 9 10 13 15 17 19 21 24 25 30
5 6 11 14 15 17 19 20 23 28 29
6 8 11 13 15 17 19 21 23 26 28
8 9 11 12 14 17 20 22 23 25 26
7 8 9 13 14 17 20 21 25 26 27
6 7 10 13 15 17 19 21 24 27 28
7 8 9 12 15 17 19 22 25 26 27
4 8 9 10 14 17 20 24 25 26 30
5 8 9 12 13 17 21 22 25 26 29
6 8 9 11 14 17 20 23 25 26 28
6 9 10 11 15 17 19 23 24 25 28
7 8 10 11 15 17 19 23 24 26 27
6 7 8 11 15 17 19 23 26 27 28
4 6 10 13 16 17 18 21 24 28 30
5 7 8 12 16 17 18 22 26 27 29
8 9 11 12 16 17 18 22 23 25 26
6 7 11 13 14 17 20 21 23 27 28
6 7 10 12 16 17 18 22 24 27 28
5 8 12 13 16 17 18 21 22 26 29
6 8 9 12 14 17 20 22 25 26 28
6 11 12 13 14 17 20 21 22 23 28
7 10 12 14 16 17 18 20 22 24 27
8 9 11 13 16 17 18 21 23 25 26
6 8 9 13 16 17 18 21 25 26 28
8 9 13 14 16 17 18 20 21 25 26
8 9 13 15 16 17 18 19 21 25 26
7 9 10 12 14 17 20 22 24 25 27
5 7 9 11 12 17 22 23 25 27 29
5 6 7 8 12 17 22 26 27 28 29
5 7 11 12 13 17 21 22 23 27 29
5 6 11 13 14 17 20 21 23 28 29
8 9 11 13 15 17 19 21 23 25 26
5 8 11 12 14 17 20 22 23 26 29
5 7 8 11 12 17 22 23 26 27 29
3 5 7 11 14 17 20 23 27 29 31
4 5 6 7 12 17 22 27 28 29 30
7 8 9 11 14 17 20 23 25 26 27
6 9 10 11 16 17 18 23 24 25 28
8 9 10 12 15 17 19 22 24 25 26
7 8 10 13 15 17 19 21 24 26 27
7 8 9 12 14 17 20 22 25 26 27
8 9 10 11 14 17 20 23 24 25 26
7 10 11 12 15 17 19 22 23 24 27
6 9 10 11 14 17 20 23 24 25 28
7 8 10 12 16 17 18 22 24 26 27
6 8 9 13 14 17 20 21 25 26 28
7 8 10 13 16 17 18 21 24 26 27
6 8 10 11 14 17 20 23 24 26 28
6 7 8 11 14 17 20 23 26 27 28
6 8 9 10 14 17 20 24 25 26 28
5 6 7 12 15 17 19 22 27 28 29
5 7 11 12 15 17 19 22 23 27 29
5 7 11 12 14 17 20 22 23 27 29
6 11 12 14 16 17 18 20 22 23 28
8 9 10 13 16 17 18 21 24 25 26
5 10 11 12 14 17 20 22 23 24 29
5 6 7 11 14 17 20 23 27 28 29
7 10 11 12 14 17 20 22 23 24 27
5 6 7 11 16 17 18 23 27 28 29
3 7 10 11 13 17 21 23 24 27 31
4 9 10 12 13 17 21 22 24 25 30
8 9 12 13 14 17 20 21 22 25 26
7 9 10 12 15 17 19 22 24 25 27
4 5 9 10 13 17 21 24 25 29 30
6 7 9 10 16 17 18 24 25 27 28
7 8 10 11 16 17 18 23 24 26 27
5 6 8 12 16 17 18 22 26 28 29
6 8 11 13 14 17 20 21 23 26 28
5 7 9 12 16 17 18 22 25 27 29
5 6 11 13 16 17 18 21 23 28 29
5 7 8 12 15 17 19 22 26 27 29
8 9 10 14 16 17 18 20 24 25 26
7 8 10 13 14 17 20 21 24 26 27
6 8 9 12 16 17 18 22 25 26 28
6 7 10 13 14 17 20 21 24 27 28
5 10 11 12 13 17 21 22 23 24 29
6 8 9 10 16 17 18 24 25 26 28
7 8 9 11 16 17 18 23 25 26 27
6 10 11 12 16 17 18 22 23 24 28
7 8 10 12 14 17 20 22 24 26 27
5 6 10 15 16 17 18 19 24 28 29
5 8 11 13 15 17 19 21 23 26 29
6 12 13 15 16 17 18 19 21 22 28
9 10 11 13 15 17 19 21 23 24 25
7 9 12 15 16 17 18 19 22 25 27
6 10 13 14 15 17 19 20 21 24 28
7 9 12 13 15 17 19 21 22 25 27
7 11 13 14 16 17 18 20 21 23 27
7 12 13 14 15 17 19 20 21 22 27
8 10 11 15 16 17 18 19 23 24 26
5 10 13 15 16 17 18 19 21 24 29
6 7 12 15 16 17 18 19 22 27 28
6 10 13 15 16 17 18 19 21 24 28
7 9 12 13 16 17 18 21 22 25 27
5 10 11 13 15 17 19 21 23 24 29
7 9 11 13 14 17 20 21 23 25 27
6 7 9 13 16 17 18 21 25 27 28
7 9 12 13 14 17 20 21 22 25 27
7 8 12 13 14 17 20 21 22 26 27
9 10 11 12 15 17 19 22 23 24 25
6 8 12 14 16 17 18 20 22 26 28
6 7 8 13 14 17 20 21 26 27 28
7 9 11 14 16 17 18 20 23 25 27
4 7 8 12 15 17 19 22 26 27 30
5 9 10 14 15 17 19 20 24 25 29
4 8 12 14 16 17 18 20 22 26 30
4 10 12 14 16 17 18 20 22 24 30
6 9 10 14 15 17 19 20 24 25 28
5 7 12 14 15 17 19 20 22 27 29
5 6 10 11 16 17 18 23 24 28 29
5 7 9 11 14 17 20 23 25 27 29
7 8 11 13 15 17 19 21 23 26 27
6 9 13 14 15 17 19 20 21 25 28
5 9 11 13 16 17 18 21 23 25 29
4 12 14 15 16 17 18 19 20 22 30
5 6 8 10 16 17 18 24 26 28 29
8 10 11 12 14 17 20 22 23 24 26
6 7 8 12 14 17 20 22 26 27 28
6 8 10 13 16 17 18 21 24 26 28
8 10 11 12 16 17 18 22 23 24 26
6 9 10 12 16 17 18 22 24 25 28
6 10 12 14 16 17 18 20 22 24 28
8 10 12 13 16 17 18 21 22 24 26
6 9 12 14 16 17 18 20 22 25 28
8 11 12 13 14 17 20 21 22 23 26
7 8 11 12 14 17 20 22 23 26 27
8 10 12 13 14 17 20 21 22 24 26
6 8 10 12 16 17 18 22 24 26 28
4 9 10 14 16 17 18 20 24 25 30
6 8 10 14 16 17 18 20 24 26 28
6 8 11 12 15 17 19 22 23 26 28
7 9 10 14 15 17 19 20 24 25 27
4 7 9 10 13 17 21 24 25 27 30
4 7 12 13 15 17 19 21 22 27 30
7 9 10 12 13 17 21 22 24 25 27
7 8 9 10 14 17 20 24 25 26 27
4 9 10 11 13 17 21 23 24 25 30
4 6 9 10 13 17 21 24 25 28 30
5 6 8 9 11 17 23 25 26 28 29
8 9 10 11 13 17 21 23 24 25 26
6 8 9 11 12 17 22 23 25 26 28
4 8 9 11 14 17 20 23 25 26 30
5 7 11 12 16 17 18 22 23 27 29
4 5 9 12 13 17 21 22 25 29 30
7 8 9 10 16 17 18 24 25 26 27
5 6 7 11 12 17 22 23 27 28 29
5 7 10 12 15 17 19 22 24 27 29
5 6 11 12 16 17 18 22 23 28 29
5 7 10 12 14 17 20 22 24 27 29
7 8 9 10 13 17 21 24 25 26 27
4 7 10 12 13 17 21 22 24 27 30
6 8 9 11 13 17 21 23 25 26 28
5 6 8 9 12 17 22 25 26 28 29
8 9 11 15 16 17 18 19 23 25 26
6 11 12 13 15 17 19 21 22 23 28
7 8 10 14 15 17 19 20 24 26 27
8 9 12 14 16 17 18 20 22 25 26
7 10 11 14 16 17 18 20 23 24 27
8 9 11 14 16 17 18 20 23 25 26
4 5 7 9 12 17 22 25 27 29 30
4 5 6 7 11 17 23 27 28 29 30
5 7 12 13 16 17 18 21 22 27 29
4 7 10 12 16 17 18 22 24 27 30
5 6 9 11 15 17 19 23 25 28 29
5 6 7 11 13 17 21 23 27 28 29
5 7 9 12 13 17 21 22 25 27 29
5 7 8 9 12 17 22 25 26 27 29
6 7 8 9 13 17 21 25 26 27 28
5 6 9 12 15 17 19 22 25 28 29
6 8 9 11 16 17 18 23 25 26 28
5 6 7 10 11 17 23 24 27 28 29
5 11 12 14 15 17 19 20 22 23 29
8 9 10 13 15 17 19 21 24 25 26
8 9 11 13 14 17 20 21 23 25 26
6 7 10 11 14 17 20 23 24 27 28
3 7 8 10 11 17 23 24 26 27 31
4 9 11 13 14 17 20 21 23 25 30
5 7 12 13 14 17 20 21 22 27 29
5 7 9 12 14 17 20 22 25 27 29
5 7 8 12 14 17 20 22 26 27 29
6 9 11 12 13 17 21 22 23 25 28
7 9 10 11 14 17 20 23 24 25 27
6 7 8 10 14 17 20 24 26 27 28
6 7 10 14 16 17 18 20 24 27 28
6 10 11 12 13 17 21 22 23 24 28
5 6 9 11 14 17 20 23 25 28 29
6 8 9 11 15 17 19 23 25 26 28
5 8 9 12 14 17 20 22 25 26 29
6 7 10 11 13 17 21 23 24 27 28
6 7 10 11 16 17 18 23 24 27 28
7 8 9 10 15 17 19 24 25 26 27
4 6 7 10 13 17 21 24 27 28 30
4 9 12 13 15 17 19 21 22 25 30
7 10 12 13 14 17 20 21 22 24 27
5 6 11 14 16 17 18 20 23 28 29
7 8 9 13 16 17 18 21 25 26 27
5 7 10 11 12 17 22 23 24 27 29
5 6 11 12 14 17 20 22 23 28 29
5 8 11 12 13 17 21 22 23 26 29
7 9 10 12 16 17 18 22 24 25 27
8 9 11 12 13 17 21 22 23 25 26
6 8 9 12 13 17 21 22 25 26 28
5 6 8 11 16 17 18 23 26 28 29
5 6 9 11 16 17 18 23 25 28 29
6 9 11 12 16 17 18 22 23 25 28
8 9 10 12 16 17 18 22 24 25 26
5 6 10 11 14 17 20 23 24 28 29
6 10 11 12 14 17 20 22 23 24 28
5 8 9 13 16 17 18 21 25 26 29
6 8 11 12 14 17 20 22 23 26 28
