17 18 19 20 21 22 23 24 25 26
16 18 19 20 21 22 23 24 25 27
16 17 18 20 21 22 23 25 26 27
16 17 18 19 21 22 24 25 26 27
16 17 18 19 20 23 24 25 26 27
16 17 19 20 21 22 23 24 26 27
15 17 19 20 21 22 23 24 26 28
15 17 18 19 21 22 24 25 26 28
15 17 18 19 20 23 24 25 26 28
15 18 19 20 21 22 23 24 25 28
15 17 18 20 21 22 23 25 26 28
15 16 19 20 21 22 23 24 27 28
15 16 17 18 19 24 25 26 27 28
15 16 17 19 20 23 24 26 27 28
15 16 17 20 21 22 23 26 27 28
15 16 17 18 20 23 25 26 27 28
15 16 17 18 21 22 25 26 27 28
15 16 17 19 21 22 24 26 27 28
15 16 18 19 20 23 24 25 27 28
15 16 18 19 21 22 24 25 27 28
15 16 18 20 21 22 23 25 27 28
14 17 18 20 21 22 23 25 26 29
14 16 19 20 21 22 23 24 27 29
14 16 18 19 20 23 24 25 27 29
14 17 18 19 20 23 24 25 26 29
14 17 18 19 21 22 24 25 26 29
14 18 19 20 21 22 23 24 25 29
14 16 18 20 21 22 23 25 27 29
14 16 18 19 21 22 24 25 27 29
14 17 19 20 21 22 23 24 26 29
14 16 17 19 21 22 24 26 27 29
14 16 17 18 19 24 25 26 27 29
14 16 17 20 21 22 23 26 27 29
14 16 17 19 20 23 24 26 27 29
14 16 17 18 21 22 25 26 27 29
14 16 17 18 20 23 25 26 27 29
13 16 19 20 21 22 23 24 27 30
13 16 18 19 21 22 24 25 27 30
13 16 18 19 20 23 24 25 27 30
13 16 18 20 21 22 23 25 27 30
12 17 18 20 21 22 23 25 26 31
12 15 18 20 21 22 23 25 28 31
12 16 17 20 21 22 23 26 27 31
13 14 19 20 21 22 23 24 29 30
12 16 18 20 21 22 23 25 27 31
13 14 18 19 20 23 24 25 29 30
12 14 18 20 21 22 23 25 29 31
12 16 17 18 21 22 25 26 27 31
12 14 16 18 21 22 25 27 29 31
12 15 17 20 21 22 23 26 28 31
12 16 17 18 20 23 25 26 27 31
12 14 16 20 21 22 23 27 29 31
12 15 17 18 21 22 25 26 28 31
13 14 18 19 21 22 24 25 29 30
13 14 18 20 21 22 23 25 29 30
13 18 19 20 21 22 23 24 25 30
11 17 18 19 20 23 24 25 26 32
11 14 17 19 20 23 24 26 29 32
11 15 18 19 20 23 24 25 28 32
10 17 18 19 21 22 24 25 26 33
8 17 19 20 21 22 23 24 26 35
9 16 19 20 21 22 23 24 27 34
12 13 16 20 21 22 23 27 30 31
10 15 16 19 21 22 24 27 28 33
14 15 18 19 21 22 24 25 28 29
14 15 18 19 20 23 24 25 28 29
14 15 16 20 21 22 23 27 28 29
14 15 16 17 19 24 26 27 28 29
14 15 16 17 18 25 26 27 28 29
14 15 17 19 21 22 24 26 28 29
14 15 17 19 20 23 24 26 28 29
14 15 17 18 19 24 25 26 28 29
14 15 16 18 19 24 25 27 28 29
14 15 17 18 21 22 25 26 28 29
14 15 16 18 20 23 25 27 28 29
14 15 16 19 20 23 24 27 28 29
14 15 17 18 20 23 25 26 28 29
14 15 16 17 21 22 26 27 28 29
14 15 16 18 21 22 25 27 28 29
14 15 16 17 20 23 26 27 28 29
13 16 17 19 20 23 24 26 27 30
13 16 17 19 21 22 24 26 27 30
13 16 17 18 21 22 25 26 27 30
13 16 17 18 20 23 25 26 27 30
12 16 18 19 21 22 24 25 27 31
12 15 18 19 21 22 24 25 28 31
13 15 18 19 21 22 24 25 28 30
13 15 18 19 20 23 24 25 28 30
12 16 17 19 21 22 24 26 27 31
12 16 17 19 20 23 24 26 27 31
13 17 18 20 21 22 23 25 26 30
12 17 18 19 21 22 24 25 26 31
12 16 19 20 21 22 23 24 27 31
12 14 19 20 21 22 23 24 29 31
13 14 17 19 20 23 24 26 29 30
13 15 16 19 21 22 24 27 28 30
12 15 17 19 20 23 24 26 28 31
13 15 16 19 20 23 24 27 28 30
13 14 17 19 21 22 24 26 29 30
12 14 18 19 21 22 24 25 29 31
12 14 18 19 20 23 24 25 29 31
12 14 16 19 21 22 24 27 29 31
13 15 16 18 19 24 25 27 28 30
13 15 16 18 21 22 25 27 28 30
12 16 17 18 19 24 25 26 27 31
12 14 16 18 19 24 25 27 29 31
12 15 17 18 19 24 25 26 28 31
13 17 18 19 21 22 24 25 26 30
13 17 18 19 20 23 24 25 26 30
13 15 19 20 21 22 23 24 28 30
12 13 19 20 21 22 23 24 30 31
11 14 17 20 21 22 23 26 29 32
11 14 19 20 21 22 23 24 29 32
11 15 18 20 21 22 23 25 28 32
12 13 15 20 21 22 23 28 30 31
12 18 19 20 21 22 23 24 25 31
11 16 17 19 20 23 24 26 27 32
12 13 14 19 21 22 24 29 30 31
10 17 18 20 21 22 23 25 26 33
10 16 19 20 21 22 23 24 27 33
10 11 17 18 20 23 25 26 32 33
10 16 18 20 21 22 23 25 27 33
10 11 18 19 20 23 24 25 32 33
12 13 17 20 21 22 23 26 30 31
11 12 17 18 21 22 25 26 31 32
10 17 18 19 20 23 24 25 26 33
10 17 19 20 21 22 23 24 26 33
12 13 16 17 20 23 26 27 30 31
10 15 17 20 21 22 23 26 28 33
10 16 18 19 20 23 24 25 27 33
10 15 17 19 20 23 24 26 28 33
12 14 15 20 21 22 23 28 29 31
12 14 15 18 21 22 25 28 29 31
11 14 16 17 20 23 26 27 29 32
11 15 16 18 19 24 25 27 28 32
12 13 14 19 20 23 24 29 30 31
11 14 16 19 20 23 24 27 29 32
10 11 17 19 20 23 24 26 32 33
9 10 11 13 18 25 30 32 33 34
10 11 13 16 18 25 27 30 32 33
13 17 19 20 21 22 23 24 26 30
11 17 19 20 21 22 23 24 26 32
11 15 19 20 21 22 23 24 28 32
11 17 18 20 21 22 23 25 26 32
11 16 17 18 19 24 25 26 27 32
11 13 17 18 20 23 25 26 30 32
10 11 12 15 19 24 28 31 32 33
10 14 15 17 21 22 26 28 29 33
14 15 19 20 21 22 23 24 28 29
14 15 18 20 21 22 23 25 28 29
14 15 17 20 21 22 23 26 28 29
14 15 16 19 21 22 24 27 28 29
13 16 17 20 21 22 23 26 27 30
13 16 17 18 19 24 25 26 27 30
12 17 18 19 20 23 24 25 26 31
12 16 18 19 20 23 24 25 27 31
12 15 18 19 20 23 24 25 28 31
12 15 19 20 21 22 23 24 28 31
13 14 17 20 21 22 23 26 29 30
12 15 17 19 21 22 24 26 28 31
13 15 18 20 21 22 23 25 28 30
13 15 16 18 20 23 25 27 28 30
13 14 17 18 19 24 25 26 29 30
13 14 17 18 20 23 25 26 29 30
13 15 16 20 21 22 23 27 28 30
12 14 16 19 20 23 24 27 29 31
11 15 18 19 21 22 24 25 28 32
10 14 18 20 21 22 23 25 29 33
11 13 14 17 20 23 26 29 30 32
10 15 19 20 21 22 23 24 28 33
11 16 17 18 20 23 25 26 27 32
12 17 19 20 21 22 23 24 26 31
11 16 18 19 20 23 24 25 27 32
10 11 12 13 17 26 30 31 32 33
12 14 15 18 20 23 25 28 29 31
12 13 16 19 21 22 24 27 30 31
11 12 16 17 18 25 26 27 31 32
10 14 17 20 21 22 23 26 29 33
10 13 17 18 19 24 25 26 30 33
10 14 17 18 20 23 25 26 29 33
11 18 19 20 21 22 23 24 25 32
11 17 18 19 21 22 24 25 26 32
11 13 18 20 21 22 23 25 30 32
9 15 18 20 21 22 23 25 28 34
10 11 13 17 18 25 26 30 32 33
9 12 13 15 20 23 28 30 31 34
10 12 13 16 19 24 27 30 31 33
13 15 17 19 21 22 24 26 28 30
13 15 17 19 20 23 24 26 28 30
13 15 17 20 21 22 23 26 28 30
13 15 17 18 20 23 25 26 28 30
13 15 17 18 21 22 25 26 28 30
13 15 17 18 19 24 25 26 28 30
13 15 16 17 18 25 26 27 28 30
13 15 16 17 20 23 26 27 28 30
13 15 16 17 19 24 26 27 28 30
13 14 15 19 21 22 24 28 29 30
13 14 15 19 20 23 24 28 29 30
11 16 17 18 21 22 25 26 27 32
13 14 15 18 19 24 25 28 29 30
13 14 15 18 21 22 25 28 29 30
12 13 14 15 20 23 28 29 30 31
11 13 16 20 21 22 23 27 30 32
12 13 15 17 20 23 26 28 30 31
12 13 15 17 21 22 26 28 30 31
11 13 14 15 20 23 28 29 30 32
11 14 16 20 21 22 23 27 29 32
9 17 18 19 21 22 24 25 26 34
13 15 16 17 21 22 26 27 28 30
12 13 14 15 21 22 28 29 30 31
11 15 16 20 21 22 23 27 28 32
11 15 16 19 21 22 24 27 28 32
11 16 17 20 21 22 23 26 27 32
11 15 16 18 21 22 25 27 28 32
11 16 19 20 21 22 23 24 27 32
13 14 15 20 21 22 23 28 29 30
9 17 18 20 21 22 23 25 26 34
9 17 18 19 20 23 24 25 26 34
9 14 17 18 19 24 25 26 29 34
11 12 16 18 21 22 25 27 31 32
9 13 14 17 19 24 26 29 30 34
10 13 14 15 21 22 28 29 30 33
11 16 18 19 21 22 24 25 27 32
13 14 15 18 20 23 25 28 29 30
11 13 16 18 21 22 25 27 30 32
9 15 17 18 21 22 25 26 28 34
11 16 18 20 21 22 23 25 27 32
12 15 16 18 20 23 25 27 28 31
12 15 16 18 21 22 25 27 28 31
12 14 17 18 20 23 25 26 29 31
10 14 18 19 21 22 24 25 29 33
12 15 16 17 21 22 26 27 28 31
13 14 16 18 21 22 25 27 29 30
12 14 17 18 21 22 25 26 29 31
12 14 16 17 18 25 26 27 29 31
8 15 17 18 21 22 25 26 28 35
12 14 16 17 21 22 26 27 29 31
13 14 16 18 19 24 25 27 29 30
11 15 17 18 19 24 25 26 28 32
10 14 17 19 21 22 24 26 29 33
8 17 18 19 20 23 24 25 26 35
10 11 14 17 18 25 26 29 32 33
10 16 17 18 21 22 25 26 27 33
11 14 17 18 20 23 25 26 29 32
11 14 18 19 20 23 24 25 29 32
11 15 17 18 20 23 25 26 28 32
11 14 17 18 19 24 25 26 29 32
10 14 17 18 19 24 25 26 29 33
8 14 17 18 20 23 25 26 29 35
10 11 13 14 18 25 29 30 32 33
12 13 14 16 20 23 27 29 30 31
10 13 14 18 19 24 25 29 30 33
10 14 16 18 19 24 25 27 29 33
9 12 15 20 21 22 23 28 31 34
10 15 16 18 21 22 25 27 28 33
9 10 13 16 21 22 27 30 33 34
10 16 17 19 21 22 24 26 27 33
10 11 15 18 19 24 25 28 32 33
10 15 17 18 19 24 25 26 28 33
8 11 13 14 18 25 29 30 32 35
12 13 14 18 20 23 25 29 30 31
9 13 16 19 21 22 24 27 30 34
9 10 16 19 21 22 24 27 33 34
10 14 16 17 21 22 26 27 29 33
10 12 13 16 21 22 27 30 31 33
12 13 14 16 21 22 27 29 30 31
12 13 16 18 20 23 25 27 30 31
7 9 10 13 19 24 30 33 34 36
10 13 14 16 18 25 27 29 30 33
11 15 17 19 20 23 24 26 28 32
11 12 17 18 20 23 25 26 31 32
10 12 13 14 21 22 29 30 31 33
8 11 17 18 20 23 25 26 32 35
9 13 14 16 19 24 27 29 30 34
10 12 13 14 18 25 29 30 31 33
10 12 14 17 18 25 26 29 31 33
11 13 14 19 20 23 24 29 30 32
11 12 15 17 18 25 26 28 31 32
10 13 19 20 21 22 23 24 30 33
10 13 16 18 20 23 25 27 30 33
10 13 18 19 20 23 24 25 30 33
10 13 16 19 20 23 24 27 30 33
9 15 16 18 21 22 25 27 28 34
9 14 16 18 19 24 25 27 29 34
10 12 13 16 20 23 27 30 31 33
8 16 17 19 21 22 24 26 27 35
10 11 13 14 21 22 29 30 32 33
10 11 13 18 20 23 25 30 32 33
9 10 14 16 18 25 27 29 33 34
10 11 13 18 21 22 25 30 32 33
10 13 14 20 21 22 23 29 30 33
9 16 18 19 21 22 24 25 27 34
9 16 18 19 20 23 24 25 27 34
12 15 16 20 21 22 23 27 28 31
12 14 16 17 20 23 26 27 29 31
12 15 16 17 18 25 26 27 28 31
8 15 17 19 20 23 24 26 28 35
8 17 18 19 21 22 24 25 26 35
10 11 12 14 17 26 29 31 32 33
9 14 19 20 21 22 23 24 29 34
8 11 14 18 20 23 25 29 32 35
9 12 14 16 20 23 27 29 31 34
10 11 12 13 18 25 30 31 32 33
10 11 15 17 19 24 26 28 32 33
10 15 16 17 19 24 26 27 28 33
10 11 12 15 17 26 28 31 32 33
8 13 19 20 21 22 23 24 30 35
10 15 16 18 19 24 25 27 28 33
9 15 16 19 21 22 24 27 28 34
10 16 17 18 19 24 25 26 27 33
10 11 12 14 18 25 29 31 32 33
9 11 13 14 19 24 29 30 32 34
10 11 14 17 19 24 26 29 32 33
10 12 13 16 18 25 27 30 31 33
8 16 18 19 20 23 24 25 27 35
10 11 14 17 21 22 26 29 32 33
9 12 14 16 18 25 27 29 31 34
8 16 19 20 21 22 23 24 27 35
10 11 17 19 21 22 24 26 32 33
9 14 16 18 21 22 25 27 29 34
9 12 16 18 20 23 25 27 31 34
8 9 14 16 19 24 27 29 34 35
10 12 13 14 20 23 29 30 31 33
12 15 16 19 21 22 24 27 28 31
12 14 17 19 21 22 24 26 29 31
12 14 17 19 20 23 24 26 29 31
13 14 16 17 18 25 26 27 29 30
12 14 16 17 19 24 26 27 29 31
13 14 16 17 21 22 26 27 29 30
13 14 16 17 19 24 26 27 29 30
12 14 17 18 19 24 25 26 29 31
10 15 16 17 20 23 26 27 28 33
10 15 18 19 20 23 24 25 28 33
10 14 17 19 20 23 24 26 29 33
10 14 16 17 20 23 26 27 29 33
12 14 15 17 21 22 26 28 29 31
11 15 17 20 21 22 23 26 28 32
11 12 18 19 20 23 24 25 31 32
11 14 15 18 19 24 25 28 29 32
10 14 15 17 19 24 26 28 29 33
11 12 13 17 18 25 26 30 31 32
10 12 14 15 17 26 28 29 31 33
11 12 15 20 21 22 23 28 31 32
12 13 15 16 21 22 27 28 30 31
11 13 19 20 21 22 23 24 30 32
8 12 19 20 21 22 23 24 31 35
9 14 18 20 21 22 23 25 29 34
12 15 16 19 20 23 24 27 28 31
12 15 16 18 19 24 25 27 28 31
12 15 16 17 19 24 26 27 28 31
11 15 17 19 21 22 24 26 28 32
11 14 17 18 21 22 25 26 29 32
11 14 18 20 21 22 23 25 29 32
11 15 17 18 21 22 25 26 28 32
10 16 17 19 20 23 24 26 27 33
10 15 16 18 20 23 25 27 28 33
11 12 14 15 18 25 28 29 31 32
10 13 15 18 21 22 25 28 30 33
12 13 14 18 19 24 25 29 30 31
12 13 16 18 19 24 25 27 30 31
10 13 15 16 18 25 27 28 30 33
11 13 18 19 21 22 24 25 30 32
11 12 15 19 20 23 24 28 31 32
10 12 16 19 21 22 24 27 31 33
10 16 17 20 21 22 23 26 27 33
10 15 18 20 21 22 23 25 28 33
12 14 15 17 20 23 26 28 29 31
11 13 17 18 19 24 25 26 30 32
11 12 15 17 21 22 26 28 31 32
11 13 14 17 19 24 26 29 30 32
10 12 16 17 20 23 26 27 31 33
9 15 18 19 20 23 24 25 28 34
10 12 15 16 19 24 27 28 31 33
10 16 17 18 20 23 25 26 27 33
10 12 13 18 19 24 25 30 31 33
11 12 14 15 19 24 28 29 31 32
12 14 15 18 19 24 25 28 29 31
11 13 17 20 21 22 23 26 30 32
11 14 15 19 21 22 24 28 29 32
11 13 17 18 21 22 25 26 30 32
10 12 17 19 20 23 24 26 31 33
10 14 15 17 20 23 26 28 29 33
13 14 16 19 20 23 24 27 29 30
13 14 16 20 21 22 23 27 29 30
12 14 17 20 21 22 23 26 29 31
12 15 16 17 20 23 26 27 28 31
9 14 16 19 20 23 24 27 29 34
12 13 18 20 21 22 23 25 30 31
10 11 13 18 19 24 25 30 32 33
8 10 11 15 19 24 28 32 33 35
10 15 18 19 21 22 24 25 28 33
8 14 19 20 21 22 23 24 29 35
10 15 17 18 21 22 25 26 28 33
10 14 16 17 18 25 26 27 29 33
12 13 14 18 21 22 25 29 30 31
10 13 14 19 21 22 24 29 30 33
8 10 11 12 18 25 31 32 33 35
9 13 14 19 21 22 24 29 30 34
10 12 17 18 21 22 25 26 31 33
11 12 15 18 20 23 25 28 31 32
9 16 18 20 21 22 23 25 27 34
10 13 18 20 21 22 23 25 30 33
10 11 17 18 21 22 25 26 32 33
10 11 18 19 21 22 24 25 32 33
8 14 16 19 20 23 24 27 29 35
9 13 16 18 19 24 25 27 30 34
10 11 15 19 21 22 24 28 32 33
13 14 16 18 20 23 25 27 29 30
13 14 16 19 21 22 24 27 29 30
8 15 19 20 21 22 23 24 28 35
9 15 16 19 20 23 24 27 28 34
9 13 16 20 21 22 23 27 30 34
9 12 15 16 20 23 27 28 31 34
8 17 18 20 21 22 23 25 26 35
10 13 14 16 21 22 27 29 30 33
10 14 16 19 21 22 24 27 29 33
8 14 17 19 21 22 24 26 29 35
11 13 14 18 20 23 25 29 30 32
12 13 16 18 21 22 25 27 30 31
8 12 15 17 18 25 26 28 31 35
11 13 18 19 20 23 24 25 30 32
9 12 16 20 21 22 23 27 31 34
8 10 13 14 18 25 29 30 33 35
10 11 12 15 18 25 28 31 32 33
10 13 16 20 21 22 23 27 30 33
8 9 16 19 21 22 24 27 34 35
10 13 14 18 20 23 25 29 30 33
9 10 16 18 21 22 25 27 33 34
8 9 14 17 19 24 26 29 34 35
9 10 13 16 18 25 27 30 33 34
12 13 17 18 21 22 25 26 30 31
12 13 16 17 18 25 26 27 30 31
11 14 18 19 21 22 24 25 29 32
9 12 19 20 21 22 23 24 31 34
9 12 18 20 21 22 23 25 31 34
9 13 18 20 21 22 23 25 30 34
10 12 15 20 21 22 23 28 31 33
8 13 17 20 21 22 23 26 30 35
11 13 14 16 20 23 27 29 30 32
13 14 16 17 20 23 26 27 29 30
12 13 17 18 20 23 25 26 30 31
11 13 17 19 20 23 24 26 30 32
11 13 14 19 21 22 24 29 30 32
10 14 15 19 21 22 24 28 29 33
10 11 13 15 18 25 28 30 32 33
12 13 18 19 21 22 24 25 30 31
12 13 18 19 20 23 24 25 30 31
10 14 19 20 21 22 23 24 29 33
12 14 15 17 18 25 26 28 29 31
10 11 15 18 20 23 25 28 32 33
11 14 15 18 20 23 25 28 29 32
8 16 17 18 20 23 25 26 27 35
10 12 18 19 21 22 24 25 31 33
10 12 17 20 21 22 23 26 31 33
12 13 15 16 20 23 27 28 30 31
10 12 13 17 18 25 26 30 31 33
9 10 13 18 19 24 25 30 33 34
11 12 17 20 21 22 23 26 31 32
10 11 14 16 17 26 27 29 32 33
11 12 15 16 18 25 27 28 31 32
10 14 18 19 20 23 24 25 29 33
10 13 15 18 19 24 25 28 30 33
11 12 17 19 20 23 24 26 31 32
11 12 18 20 21 22 23 25 31 32
10 11 13 17 19 24 26 30 32 33
9 13 18 19 21 22 24 25 30 34
11 13 14 18 21 22 25 29 30 32
11 12 14 18 21 22 25 29 31 32
8 11 17 19 21 22 24 26 32 35
9 13 15 16 19 24 27 28 30 34
11 12 14 19 20 23 24 29 31 32
12 13 17 19 21 22 24 26 30 31
11 13 15 20 21 22 23 28 30 32
10 12 15 19 20 23 24 28 31 33
11 12 17 19 21 22 24 26 31 32
10 13 14 17 20 23 26 29 30 33
10 11 18 20 21 22 23 25 32 33
10 13 17 19 20 23 24 26 30 33
10 11 14 20 21 22 23 29 32 33
10 12 13 17 20 23 26 30 31 33
10 13 17 18 20 23 25 26 30 33
10 11 17 20 21 22 23 26 32 33
10 11 15 20 21 22 23 28 32 33
10 13 17 20 21 22 23 26 30 33
12 14 15 19 20 23 24 28 29 31
12 13 16 17 19 24 26 27 30 31
12 13 15 19 21 22 24 28 30 31
12 13 15 19 20 23 24 28 30 31
11 13 16 17 20 23 26 27 30 32
11 14 15 16 20 23 27 28 29 32
11 13 15 18 21 22 25 28 30 32
11 12 16 18 19 24 25 27 31 32
10 12 18 19 20 23 24 25 31 33
10 12 14 15 20 23 28 29 31 33
8 9 11 13 19 24 30 32 34 35
7 8 11 15 20 23 28 32 35 36
9 10 11 14 19 24 29 32 33 34
9 11 12 15 20 23 28 31 32 34
7 9 10 15 19 24 28 33 34 36
9 10 14 19 21 22 24 29 33 34
9 11 14 19 20 23 24 29 32 34
8 10 11 17 18 25 26 32 33 35
8 10 14 17 18 25 26 29 33 35
8 13 14 19 21 22 24 29 30 35
8 11 13 14 19 24 29 30 32 35
8 9 10 14 19 24 29 33 34 35
9 12 13 20 21 22 23 30 31 34
9 12 13 16 21 22 27 30 31 34
6 14 16 17 20 23 26 27 29 37
9 10 14 16 19 24 27 29 33 34
8 13 14 18 21 22 25 29 30 35
8 13 14 20 21 22 23 29 30 35
8 12 15 20 21 22 23 28 31 35
9 10 12 15 21 22 28 31 33 34
9 10 15 19 21 22 24 28 33 34
8 11 13 19 20 23 24 30 32 35
8 12 13 14 21 22 29 30 31 35
8 11 12 14 20 23 29 31 32 35
8 9 13 19 21 22 24 30 34 35
9 10 15 16 19 24 27 28 33 34
9 10 12 16 21 22 27 31 33 34
9 11 12 13 20 23 30 31 32 34
12 13 17 19 20 23 24 26 30 31
12 14 15 19 21 22 24 28 29 31
11 12 16 17 19 24 26 27 31 32
11 14 15 16 19 24 27 28 29 32
11 14 15 20 21 22 23 28 29 32
11 13 16 17 18 25 26 27 30 32
10 11 16 18 20 23 25 27 32 33
10 12 16 19 20 23 24 27 31 33
11 13 14 17 21 22 26 29 30 32
9 10 13 14 19 24 29 30 33 34
7 10 16 17 21 22 26 27 33 36
8 12 15 17 20 23 26 28 31 35
6 15 16 17 21 22 26 27 28 37
8 10 12 15 18 25 28 31 33 35
9 12 13 14 21 22 29 30 31 34
8 11 12 18 20 23 25 31 32 35
8 10 12 17 18 25 26 31 33 35
9 10 11 15 19 24 28 32 33 34
7 8 9 15 21 22 28 34 35 36
8 9 10 15 19 24 28 33 34 35
7 10 15 17 19 24 26 28 33 36
9 10 12 14 21 22 29 31 33 34
9 11 13 14 20 23 29 30 32 34
7 9 12 13 21 22 30 31 34 36
7 8 15 17 21 22 26 28 35 36
8 11 13 18 19 24 25 30 32 35
7 8 9 13 21 22 30 34 35 36
11 13 17 19 21 22 24 26 30 32
10 11 16 17 20 23 26 27 32 33
12 14 15 17 19 24 26 28 29 31
12 13 17 18 19 24 25 26 30 31
11 14 15 18 21 22 25 28 29 32
9 14 15 18 20 23 25 28 29 34
10 12 19 20 21 22 23 24 31 33
11 13 14 16 17 26 27 29 30 32
12 13 15 16 19 24 27 28 30 31
11 12 15 16 19 24 27 28 31 32
11 12 19 20 21 22 23 24 31 32
13 14 15 17 21 22 26 28 29 30
13 14 15 17 20 23 26 28 29 30
9 13 15 16 17 26 27 28 30 34
13 14 15 17 19 24 26 28 29 30
13 14 15 17 18 25 26 28 29 30
10 13 14 15 17 26 28 29 30 33
9 13 17 18 19 24 25 26 30 34
9 13 17 18 20 23 25 26 30 34
9 14 15 16 19 24 27 28 29 34
9 13 15 16 21 22 27 28 30 34
10 11 14 16 18 25 27 29 32 33
11 12 14 16 18 25 27 29 31 32
11 14 16 17 18 25 26 27 29 32
11 15 16 17 19 24 26 27 28 32
9 10 13 15 21 22 28 30 33 34
9 14 15 17 18 25 26 28 29 34
11 13 14 15 21 22 28 29 30 32
12 13 14 15 19 24 28 29 30 31
11 13 15 16 21 22 27 28 30 32
11 14 15 16 21 22 27 28 29 32
13 14 15 16 21 22 27 28 29 30
10 11 12 13 21 22 30 31 32 33
7 12 17 19 20 23 24 26 31 36
13 14 15 16 17 26 27 28 29 30
13 14 15 16 20 23 27 28 29 30
11 12 13 15 17 26 28 30 31 32
10 11 12 17 21 22 26 31 32 33
11 12 13 15 18 25 28 30 31 32
10 13 16 17 21 22 26 27 30 33
9 10 11 14 18 25 29 32 33 34
11 12 13 14 17 26 29 30 31 32
9 14 17 19 20 23 24 26 29 34
11 12 13 16 20 23 27 30 31 32
12 13 15 17 19 24 26 28 30 31
9 11 17 18 21 22 25 26 32 34
8 10 11 12 21 22 31 32 33 35
13 14 15 16 18 25 27 28 29 30
11 13 15 17 20 23 26 28 30 32
10 11 12 14 21 22 29 31 32 33
7 12 15 17 19 24 26 28 31 36
7 10 13 20 21 22 23 30 33 36
10 11 12 18 21 22 25 31 32 33
10 11 12 15 21 22 28 31 32 33
13 14 15 16 19 24 27 28 29 30
11 13 15 17 18 25 26 28 30 32
9 13 16 17 21 22 26 27 30 34
10 11 13 15 17 26 28 30 32 33
10 13 16 17 19 24 26 27 30 33
12 13 14 16 19 24 27 29 30 31
8 10 12 18 19 24 25 31 33 35
10 13 14 17 19 24 26 29 30 33
11 12 13 16 18 25 27 30 31 32
10 14 15 16 17 26 27 28 29 33
8 11 16 19 20 23 24 27 32 35
8 9 12 17 18 25 26 31 34 35
8 11 14 16 19 24 27 29 32 35
9 10 13 15 19 24 28 30 33 34
9 10 14 18 19 24 25 29 33 34
9 10 12 20 21 22 23 31 33 34
8 11 13 17 19 24 26 30 32 35
9 10 12 18 21 22 25 31 33 34
8 11 15 16 19 24 27 28 32 35
8 9 15 17 18 25 26 28 34 35
8 12 17 18 19 24 25 26 31 35
11 12 15 17 19 24 26 28 31 32
8 13 14 17 21 22 26 29 30 35
9 11 14 15 20 23 28 29 32 34
11 13 14 15 18 25 28 29 30 32
11 13 14 16 21 22 27 29 30 32
9 13 14 16 17 26 27 29 30 34
10 13 14 15 19 24 28 29 30 33
11 12 13 18 19 24 25 30 31 32
11 12 15 16 21 22 27 28 31 32
9 14 15 19 20 23 24 28 29 34
10 14 15 18 19 24 25 28 29 33
11 12 14 15 17 26 28 29 31 32
12 14 15 16 17 26 27 28 29 31
11 12 15 16 20 23 27 28 31 32
8 12 15 16 19 24 27 28 31 35
8 11 16 19 21 22 24 27 32 35
12 13 14 15 16 27 28 29 30 31
8 11 16 17 19 24 26 27 32 35
10 12 15 18 19 24 25 28 31 33
10 11 15 16 18 25 27 28 32 33
11 12 14 16 17 26 27 29 31 32
11 12 14 17 21 22 26 29 31 32
10 11 15 17 20 23 26 28 32 33
11 13 14 17 18 25 26 29 30 32
10 12 15 16 20 23 27 28 31 33
9 12 15 16 17 26 27 28 31 34
10 12 14 15 21 22 28 29 31 33
9 11 14 20 21 22 23 29 32 34
10 12 14 17 20 23 26 29 31 33
11 12 13 17 20 23 26 30 31 32
10 11 14 18 20 23 25 29 32 33
11 12 13 18 21 22 25 30 31 32
11 12 14 18 19 24 25 29 31 32
9 11 15 16 19 24 27 28 32 34
8 10 11 16 19 24 27 32 33 35
8 11 16 18 19 24 25 27 32 35
7 14 15 16 21 22 27 28 29 36
8 9 11 16 19 24 27 32 34 35
8 9 14 17 18 25 26 29 34 35
9 12 13 19 21 22 24 30 31 34
9 10 15 19 20 23 24 28 33 34
12 13 15 16 17 26 27 28 30 31
10 13 15 17 18 25 26 28 30 33
8 13 15 17 20 23 26 28 30 35
9 13 14 15 20 23 28 29 30 34
10 12 14 17 19 24 26 29 31 33
10 13 14 16 17 26 27 29 30 33
9 12 15 16 19 24 27 28 31 34
10 12 13 15 18 25 28 30 31 33
11 13 14 16 19 24 27 29 30 32
12 13 14 16 17 26 27 29 30 31
11 12 13 19 20 23 24 30 31 32
11 12 15 16 17 26 27 28 31 32
10 11 14 15 18 25 28 29 32 33
12 13 15 16 18 25 27 28 30 31
11 14 15 17 18 25 26 28 29 32
12 13 14 17 18 25 26 29 30 31
11 13 14 16 18 25 27 29 30 32
10 12 14 19 21 22 24 29 31 33
10 11 15 16 17 26 27 28 32 33
10 13 15 18 20 23 25 28 30 33
8 9 16 18 19 24 25 27 34 35
10 12 15 16 21 22 27 28 31 33
8 9 13 14 21 22 29 30 34 35
7 8 15 20 21 22 23 28 35 36
8 11 12 15 20 23 28 31 32 35
6 11 14 17 20 23 26 29 32 37
10 11 13 20 21 22 23 30 32 33
10 11 14 15 21 22 28 29 32 33
10 12 13 19 20 23 24 30 31 33
10 11 13 16 20 23 27 30 32 33
9 10 13 18 20 23 25 30 33 34
10 11 16 17 21 22 26 27 32 33
8 11 12 19 20 23 24 31 32 35
8 10 16 17 18 25 26 27 33 35
7 8 15 16 20 23 27 28 35 36
8 13 14 16 21 22 27 29 30 35
8 12 15 16 20 23 27 28 31 35
9 12 13 18 21 22 25 30 31 34
9 10 11 13 19 24 30 32 33 34
10 13 16 17 20 23 26 27 30 33
6 10 16 17 21 22 26 27 33 37
8 12 17 18 20 23 25 26 31 35
9 12 14 20 21 22 23 29 31 34
9 10 12 13 21 22 30 31 33 34
8 9 11 12 20 23 31 32 34 35
9 11 12 14 20 23 29 31 32 34
8 10 15 17 18 25 26 28 33 35
8 9 12 13 21 22 30 31 34 35
6 11 15 17 20 23 26 28 32 37
9 14 15 16 18 25 27 28 29 34
10 11 13 17 21 22 26 30 32 33
9 10 16 18 20 23 25 27 33 34
10 11 13 15 21 22 28 30 32 33
9 11 16 18 21 22 25 27 32 34
9 10 12 19 21 22 24 31 33 34
9 10 15 18 19 24 25 28 33 34
9 10 14 19 20 23 24 29 33 34
8 11 13 19 21 22 24 30 32 35
9 11 14 18 20 23 25 29 32 34
9 11 12 20 21 22 23 31 32 34
9 10 14 15 19 24 28 29 33 34
9 15 16 17 19 24 26 27 28 34
11 14 16 18 19 24 25 27 29 32
11 14 16 18 20 23 25 27 29 32
12 14 15 16 21 22 27 28 29 31
11 13 15 19 20 23 24 28 30 32
11 12 16 18 20 23 25 27 31 32
11 13 16 18 19 24 25 27 30 32
11 12 13 14 19 24 29 30 31 32
9 10 11 15 18 25 28 32 33 34
9 11 13 14 21 22 29 30 32 34
8 11 12 17 19 24 26 31 32 35
9 16 17 18 21 22 25 26 27 34
9 16 17 18 20 23 25 26 27 34
10 11 15 16 21 22 27 28 32 33
10 11 14 16 21 22 27 29 32 33
11 15 16 17 20 23 26 27 28 32
8 13 17 18 20 23 25 26 30 35
8 12 15 16 18 25 27 28 31 35
9 11 12 13 19 24 30 31 32 34
8 12 15 16 21 22 27 28 31 35
9 12 17 20 21 22 23 26 31 34
9 10 17 19 21 22 24 26 33 34
9 10 15 18 21 22 25 28 33 34
10 14 15 18 21 22 25 28 29 33
10 11 12 14 19 24 29 31 32 33
10 12 14 15 18 25 28 29 31 33
11 12 14 16 20 23 27 29 31 32
9 14 16 17 18 25 26 27 29 34
10 11 13 16 21 22 27 30 32 33
10 11 16 19 21 22 24 27 32 33
8 10 15 19 20 23 24 28 33 35
12 14 15 16 20 23 27 28 29 31
9 11 12 13 18 25 30 31 32 34
11 13 16 19 20 23 24 27 30 32
11 12 16 17 20 23 26 27 31 32
9 10 12 13 18 25 30 31 33 34
9 11 16 19 20 23 24 27 32 34
9 12 15 19 20 23 24 28 31 34
12 13 14 17 20 23 26 29 30 31
12 13 14 17 21 22 26 29 30 31
11 14 16 18 21 22 25 27 29 32
11 13 16 19 21 22 24 27 30 32
9 15 17 18 19 24 25 26 28 34
9 12 17 18 21 22 25 26 31 34
12 13 15 17 18 25 26 28 30 31
10 13 14 15 18 25 28 29 30 33
10 12 13 14 17 26 29 30 31 33
12 14 15 16 18 25 27 28 29 31
10 11 13 16 19 24 27 30 32 33
10 11 12 14 20 23 29 31 32 33
10 11 16 18 21 22 25 27 32 33
10 11 12 15 20 23 28 31 32 33
10 11 13 15 19 24 28 30 32 33
11 14 15 17 19 24 26 28 29 32
11 13 15 18 19 24 25 28 30 32
10 14 15 17 18 25 26 28 29 33
10 12 14 18 19 24 25 29 31 33
9 11 13 16 19 24 27 30 32 34
10 12 13 14 19 24 29 30 31 33
9 12 15 17 21 22 26 28 31 34
10 11 14 15 17 26 28 29 32 33
10 11 12 13 19 24 30 31 32 33
7 14 18 19 21 22 24 25 29 36
10 11 12 17 20 23 26 31 32 33
11 15 16 17 18 25 26 27 28 32
10 13 16 17 18 25 26 27 30 33
12 13 15 18 21 22 25 28 30 31
11 14 15 17 20 23 26 28 29 32
10 12 14 16 19 24 27 29 31 33
9 11 13 14 18 25 29 30 32 34
10 11 12 18 20 23 25 31 32 33
8 10 11 12 19 24 31 32 33 35
10 14 15 16 18 25 27 28 29 33
12 13 15 18 20 23 25 28 30 31
10 12 13 16 17 26 27 30 31 33
9 15 16 17 18 25 26 27 28 34
11 12 16 20 21 22 23 27 31 32
9 14 17 18 20 23 25 26 29 34
11 15 16 17 21 22 26 27 28 32
9 11 17 18 20 23 25 26 32 34
10 13 15 17 20 23 26 28 30 33
10 13 15 19 20 23 24 28 30 33
8 12 14 16 19 24 27 29 31 35
11 14 15 17 21 22 26 28 29 32
10 14 15 18 20 23 25 28 29 33
12 13 15 18 19 24 25 28 30 31
12 14 15 16 19 24 27 28 29 31
10 11 13 16 17 26 27 30 32 33
10 12 14 15 19 24 28 29 31 33
10 11 12 19 20 23 24 31 32 33
9 10 13 15 18 25 28 30 33 34
10 13 15 16 20 23 27 28 30 33
8 12 16 19 21 22 24 27 31 35
11 13 15 19 21 22 24 28 30 32
11 12 13 19 21 22 24 30 31 32
10 12 14 19 20 23 24 29 31 33
11 13 16 17 19 24 26 27 30 32
9 13 15 18 21 22 25 28 30 34
9 11 15 16 17 26 27 28 32 34
11 12 16 19 20 23 24 27 31 32
10 12 13 15 20 23 28 30 31 33
10 13 15 20 21 22 23 28 30 33
11 14 15 16 18 25 27 28 29 32
9 10 13 15 20 23 28 30 33 34
8 12 16 18 19 24 25 27 31 35
10 11 13 15 20 23 28 30 32 33
12 13 14 17 19 24 26 29 30 31
11 12 13 17 19 24 26 30 31 32
9 12 13 15 19 24 28 30 31 34
10 11 16 20 21 22 23 27 32 33
9 13 15 17 18 25 26 28 30 34
7 9 10 14 19 24 29 33 34 36
8 11 13 15 19 24 28 30 32 35
9 10 14 17 19 24 26 29 33 34
8 10 14 15 18 25 28 29 33 35
9 11 14 16 20 23 27 29 32 34
9 10 11 12 21 22 31 32 33 34
12 13 14 15 17 26 28 29 30 31
11 13 15 17 21 22 26 28 30 32
7 8 10 15 20 23 28 33 35 36
8 10 13 17 18 25 26 30 33 35
9 12 13 15 21 22 28 30 31 34
9 10 12 17 21 22 26 31 33 34
10 11 12 19 21 22 24 31 32 33
7 10 16 17 18 25 26 27 33 36
9 12 13 17 21 22 26 30 31 34
9 12 13 17 18 25 26 30 31 34
9 13 16 17 18 25 26 27 30 34
7 10 12 17 19 24 26 31 33 36
8 11 13 16 19 24 27 30 32 35
8 14 17 18 21 22 25 26 29 35
8 10 11 14 18 25 29 32 33 35
8 11 15 17 19 24 26 28 32 35
8 11 15 19 20 23 24 28 32 35
8 12 14 17 20 23 26 29 31 35
10 12 14 17 21 22 26 29 31 33
11 12 14 18 20 23 25 29 31 32
8 11 17 18 19 24 25 26 32 35
11 12 14 17 20 23 26 29 31 32
10 11 13 14 19 24 29 30 32 33
8 15 16 19 20 23 24 27 28 35
10 13 14 19 20 23 24 29 30 33
8 10 12 13 18 25 30 31 33 35
10 15 16 17 18 25 26 27 28 33
10 12 16 17 21 22 26 27 31 33
8 10 14 18 19 24 25 29 33 35
8 11 14 17 18 25 26 29 32 35
8 11 15 17 18 25 26 28 32 35
10 11 14 18 19 24 25 29 32 33
10 12 15 18 21 22 25 28 31 33
6 13 16 19 21 22 24 27 30 37
10 12 14 16 17 26 27 29 31 33
11 12 13 14 18 25 29 30 31 32
10 12 15 16 17 26 27 28 31 33
9 10 11 13 21 22 30 32 33 34
7 9 10 16 19 24 27 33 34 36
11 12 14 17 18 25 26 29 31 32
11 13 14 18 19 24 25 29 30 32
12 13 14 16 18 25 27 29 30 31
10 12 15 16 18 25 27 28 31 33
8 15 17 18 20 23 25 26 28 35
11 12 13 18 20 23 25 30 31 32
10 11 12 13 20 23 30 31 32 33
9 10 11 13 20 23 30 32 33 34
8 10 11 13 21 22 30 32 33 35
9 10 13 14 20 23 29 30 33 34
10 13 14 16 20 23 27 29 30 33
8 10 14 16 19 24 27 29 33 35
10 11 14 19 21 22 24 29 32 33
9 10 13 20 21 22 23 30 33 34
9 13 14 16 18 25 27 29 30 34
8 11 14 16 18 25 27 29 32 35
9 11 13 16 21 22 27 30 32 34
9 13 14 15 21 22 28 29 30 34
10 13 15 16 17 26 27 28 30 33
12 13 14 15 18 25 28 29 30 31
11 13 14 15 19 24 28 29 30 32
9 13 14 17 20 23 26 29 30 34
8 14 16 19 21 22 24 27 29 35
9 14 16 18 20 23 25 27 29 34
9 10 13 19 21 22 24 30 33 34
10 11 15 17 18 25 26 28 32 33
10 11 14 18 21 22 25 29 32 33
11 12 15 17 20 23 26 28 31 32
9 12 15 16 21 22 27 28 31 34
9 13 14 20 21 22 23 29 30 34
9 15 16 18 19 24 25 27 28 34
10 11 13 19 21 22 24 30 32 33
9 13 14 16 21 22 27 29 30 34
8 12 14 17 21 22 26 29 31 35
8 12 14 17 18 25 26 29 31 35
9 12 16 18 21 22 25 27 31 34
10 11 15 17 21 22 26 28 32 33
10 13 14 16 19 24 27 29 30 33
9 13 14 16 20 23 27 29 30 34
10 14 16 17 19 24 26 27 29 33
10 12 13 18 21 22 25 30 31 33
9 13 16 18 21 22 25 27 30 34
10 12 13 20 21 22 23 30 31 33
8 9 12 17 21 22 26 31 34 35
7 10 14 19 21 22 24 29 33 36
9 12 13 16 18 25 27 30 31 34
9 10 15 16 18 25 27 28 33 34
7 13 14 16 21 22 27 29 30 36
9 12 15 16 18 25 27 28 31 34
10 12 13 18 20 23 25 30 31 33
8 10 13 20 21 22 23 30 33 35
10 11 15 18 21 22 25 28 32 33
10 11 13 19 20 23 24 30 32 33
9 11 14 16 18 25 27 29 32 34
9 11 14 17 18 25 26 29 32 34
10 11 12 20 21 22 23 31 32 33
8 9 16 17 18 25 26 27 34 35
8 9 13 17 21 22 26 30 34 35
7 8 14 15 21 22 28 29 35 36
8 13 14 15 21 22 28 29 30 35
9 11 14 17 20 23 26 29 32 34
9 11 12 13 21 22 30 31 32 34
8 11 13 14 21 22 29 30 32 35
8 11 12 13 19 24 30 31 32 35
9 11 12 16 20 23 27 31 32 34
8 10 12 15 20 23 28 31 33 35
9 10 12 14 19 24 29 31 33 34
8 10 11 12 20 23 31 32 33 35
9 10 15 17 19 24 26 28 33 34
9 10 12 15 19 24 28 31 33 34
7 12 17 18 19 24 25 26 31 36
11 13 14 15 17 26 28 29 30 32
10 11 12 16 21 22 27 31 32 33
8 11 12 16 19 24 27 31 32 35
8 9 13 17 18 25 26 30 34 35
10 13 14 15 20 23 28 29 30 33
11 13 15 16 19 24 27 28 30 32
11 12 13 16 19 24 27 30 31 32
10 11 12 16 20 23 27 31 32 33
11 12 13 15 19 24 28 30 31 32
9 12 13 15 18 25 28 30 31 34
9 14 15 17 19 24 26 28 29 34
9 12 15 17 19 24 26 28 31 34
9 11 16 17 20 23 26 27 32 34
11 14 15 16 17 26 27 28 29 32
11 13 15 16 17 26 27 28 30 32
7 12 13 17 19 24 26 30 31 36
