17 18 19 20 21 22
16 18 19 20 21 23
16 17 19 20 22 23
15 18 19 20 21 24
11 15 19 20 24 28
6 7 19 20 32 33
12 14 16 23 25 27
10 12 16 23 27 29
14 18 19 20 21 25
14 16 17 22 23 25
10 14 16 23 25 29
12 14 17 22 25 27
14 16 19 20 23 25
15 16 18 21 23 24
14 16 18 21 23 25
14 17 19 20 22 25
9 12 17 22 27 30
16 17 18 21 22 23
9 10 16 23 29 30
15 17 19 20 22 24
14 15 19 20 24 25
12 16 18 21 23 27
10 11 15 24 28 29
11 15 16 23 24 28
14 17 18 21 22 25
12 14 19 20 25 27
10 11 16 23 28 29
12 14 18 21 25 27
10 15 16 23 24 29
12 18 19 20 21 27
15 17 18 21 22 24
10 16 17 22 23 29
9 16 17 22 23 30
12 16 17 22 23 27
15 16 17 22 23 24
12 17 19 20 22 27
10 16 18 21 23 29
14 15 18 21 24 25
14 15 17 22 24 25
11 16 19 20 23 28
15 16 19 20 23 24
11 15 18 21 24 28
13 17 19 20 22 26
13 16 17 22 23 26
13 15 19 20 24 26
13 15 16 23 24 26
13 14 17 22 25 26
13 17 18 21 22 26
13 16 19 20 23 26
13 16 18 21 23 26
13 15 18 21 24 26
13 18 19 20 21 26
12 13 18 21 26 27
11 15 17 22 24 28
10 16 19 20 23 29
12 14 15 24 25 27
11 12 15 24 27 28
9 18 19 20 21 30
10 14 19 20 25 29
12 15 19 20 24 27
11 16 17 22 23 28
12 15 18 21 24 27
10 11 17 22 28 29
12 15 16 23 24 27
11 14 16 23 25 28
12 15 17 22 24 27
11 14 18 21 25 28
8 10 16 23 29 31
11 14 15 24 25 28
11 14 19 20 25 28
11 17 18 21 22 28
11 12 17 22 27 28
11 17 19 20 22 28
11 14 17 22 25 28
9 15 18 21 24 30
8 14 17 22 25 31
8 10 18 21 29 31
12 13 14 25 26 27
10 14 15 24 25 29
10 12 17 22 27 29
11 12 16 23 27 28
9 10 19 20 29 30
9 12 18 21 27 30
7 12 19 20 27 32
11 13 17 22 26 28
12 13 15 24 26 27
10 13 16 23 26 29
6 15 18 21 24 33
8 11 19 20 28 31
