9 13 17 21 25 29
9 15 17 21 23 29
9 11 15 23 27 29
13 15 17 21 23 25
11 13 15 23 25 27
11 13 17 21 25 27
7 15 17 21 23 31
9 11 13 25 27 29
11 15 17 21 23 27
9 13 15 23 25 29
9 10 11 27 28 29
8 11 14 24 27 30
16 17 18 20 21 22
8 9 11 27 29 30
9 10 16 22 28 29
15 17 18 20 21 23
15 16 18 20 22 23
14 15 18 20 23 24
8 11 17 21 27 30
9 10 12 26 28 29
9 10 17 21 28 29
7 10 12 26 28 31
14 17 18 20 21 24
13 17 18 20 21 25
14 15 17 21 23 24
13 16 17 21 22 25
13 15 16 22 23 25
14 16 17 21 22 24
15 16 17 21 22 23
13 15 18 20 23 25
12 17 18 20 21 26
10 15 16 22 23 28
11 14 17 21 24 27
11 14 18 20 24 27
11 12 17 21 26 27
13 14 15 23 24 25
10 16 17 21 22 28
14 15 16 22 23 24
10 13 17 21 25 28
13 14 18 20 24 25
11 17 18 20 21 27
11 15 18 20 23 27
13 16 18 20 22 25
9 10 15 23 28 29
12 16 17 21 22 26
8 11 12 26 27 30
9 10 13 25 28 29
8 11 18 20 27 30
13 14 16 22 24 25
12 15 17 21 23 26
13 14 17 21 24 25
12 15 18 20 23 26
14 16 18 20 22 24
12 16 18 20 22 26
10 13 14 24 25 28
9 12 18 20 26 29
11 12 16 22 26 27
12 13 17 21 25 26
11 16 18 20 22 27
11 12 14 24 26 27
12 14 18 20 24 26
12 14 16 22 24 26
9 15 18 20 23 29
11 16 17 21 22 27
10 16 18 20 22 28
11 13 16 22 25 27
12 14 17 21 24 26
12 13 18 20 25 26
12 13 16 22 25 26
10 17 18 20 21 28
10 15 18 20 23 28
12 13 15 23 25 26
8 11 15 23 27 30
9 10 14 24 28 29
11 15 16 22 23 27
10 11 16 22 27 28
12 14 15 23 24 26
10 14 16 22 24 28
12 13 14 24 25 26
10 14 18 20 24 28
8 14 16 22 24 30
6 7 13 25 31 32
11 13 14 24 25 27
11 12 15 23 26 27
10 13 15 23 25 28
8 13 17 21 25 30
10 12 16 22 26 28
10 11 17 21 27 28
9 14 15 23 24 29
9 11 18 20 27 29
9 10 18 20 28 29
8 12 18 20 26 30
