8 12 13 14 15 19
8 11 12 15 16 19
7 12 13 14 15 20
8 9 10 17 18 19
6 10 11 16 17 21
7 8 12 15 19 20
8 9 11 16 18 19
8 10 12 13 14 15 17 19
8 9 12 13 14 15 18 19
8 11 12 13 14 15 16 19
7 11 12 13 14 15 16 20
8 10 11 12 15 16 17 19
7 10 11 12 15 16 17 20
7 10 12 13 14 15 17 20
4 11 12 13 14 15 16 23
8 9 10 13 14 17 18 19
8 9 10 12 15 17 18 19
7 9 11 12 15 16 18 20
8 9 10 11 16 17 18 19
7 9 11 13 14 16 18 20
7 8 12 13 14 15 19 20
7 8 11 12 15 16 19 20
8 9 11 12 15 16 18 19
8 9 11 13 14 16 18 19
7 9 12 13 14 15 18 20
7 9 10 13 14 17 18 20
7 8 9 12 15 18 19 20
7 8 10 12 15 17 19 20
7 9 10 11 16 17 18 20
7 8 9 11 16 18 19 20
8 10 11 12 13 14 15 16 17 19
7 10 11 12 13 14 15 16 17 20
8 9 11 12 13 14 15 16 18 19
8 9 10 11 13 14 16 17 18 19
8 9 10 11 12 15 16 17 18 19
7 9 11 12 13 14 15 16 18 20
8 9 10 12 13 14 15 17 18 19
7 8 11 12 13 14 15 16 19 20
7 8 9 10 13 14 17 18 19 20
7 9 10 12 13 14 15 17 18 20
7 9 10 11 13 14 16 17 18 20
7 8 10 12 13 14 15 17 19 20
7 9 10 11 12 15 16 17 18 20
7 8 10 11 12 15 16 17 19 20
7 8 9 11 13 14 16 18 19 20
7 8 9 11 12 15 16 18 19 20
7 8 9 10 12 15 17 18 19 20
7 8 9 10 11 16 17 18 19 20
7 8 9 12 13 14 15 18 19 20
8 9 10 11 12 13 14 15 16 17 18 19
7 8 10 11 12 13 14 15 16 17 19 20
7 9 10 11 12 13 14 15 16 17 18 20
7 8 9 11 12 13 14 15 16 18 19 20
7 8 9 10 12 13 14 15 17 18 19 20
7 8 9 10 11 13 14 16 17 18 19 20
7 8 9 10 11 12 15 16 17 18 19 20
