4 8 10 12 14 18
4 8 10 11 12 14 18
4 5 7 10 12 15 17 18
4 6 7 10 12 15 16 18
3 4 8 10 12 14 18 19
4 6 7 9 13 15 16 18
3 4 7 10 12 15 18 19
4 5 8 9 13 14 17 18
4 8 9 10 12 13 14 18
4 7 8 10 12 14 15 18
4 6 9 10 12 13 16 18
4 6 8 10 12 14 16 18
4 6 7 10 11 12 15 16 18
4 5 7 10 11 12 15 17 18
4 6 7 9 11 13 15 16 18
3 4 8 10 11 12 14 18 19
3 5 8 10 11 12 14 17 19
3 4 7 10 11 12 15 18 19
4 6 7 8 11 14 15 16 18
4 7 8 10 11 12 14 15 18
4 5 8 9 11 13 14 17 18
4 8 9 10 11 12 13 14 18
4 6 9 10 11 12 13 16 18
4 6 8 10 11 12 14 16 18
4 7 8 9 11 13 14 15 18
3 4 5 8 11 14 17 18 19
4 5 6 7 11 15 16 17 18
