5 10 11 12 14 15 16 21
3 8 11 12 14 15 18 23
5 6 10 11 15 16 20 21
5 10 11 12 13 14 15 16 21
5 6 8 9 13 17 18 20 21
4 5 6 8 13 18 20 21 22
5 7 10 12 13 14 16 19 21
4 5 6 9 13 17 20 21 22
5 8 10 12 13 14 16 18 21
3 8 11 12 13 14 15 18 23
5 6 8 12 13 14 18 20 21
5 7 8 12 13 14 18 19 21
4 5 9 10 13 16 17 21 22
4 5 9 12 13 14 17 21 22
5 6 8 10 13 16 18 20 21
5 8 10 11 13 15 16 18 21
5 6 10 11 13 15 16 20 21
4 8 11 12 13 14 15 18 22
5 8 9 10 13 16 17 18 21
3 7 8 10 13 16 18 19 23
5 6 7 8 13 18 19 20 21
