8 16
11 12 13
10 12 14
9 12 15
8 12 16
6 11 13 18
10 11 13 14
9 10 14 15
4 11 13 20
4 9 15 20
4 6 18 20
8 10 14 16
8 11 13 16
8 9 15 16
6 8 16 18
4 8 16 20
10 11 12 13 14
9 11 12 13 15
9 10 12 14 15
5 11 12 13 19
4 9 12 15 20
4 11 12 13 20
7 9 12 15 17
8 11 12 13 16
8 9 12 15 16
8 10 12 14 16
5 6 7 17 18 19
9 10 11 13 14 15
4 5 11 13 19 20
4 7 9 15 17 20
3 9 10 14 15 21
4 6 11 13 18 20
3 4 9 15 20 21
4 5 7 17 19 20
2 9 10 14 15 22
6 8 11 13 16 18
8 10 11 13 14 16
3 8 9 15 16 21
8 9 10 14 15 16
8 9 11 13 15 16
5 7 8 16 17 19
7 8 11 13 16 17
4 8 9 15 16 20
4 8 11 13 16 20
4 6 8 16 18 20
9 10 11 12 13 14 15
4 5 11 12 13 19 20
4 7 9 12 15 17 20
3 5 11 12 13 19 21
8 10 11 12 13 14 16
8 9 11 12 13 15 16
8 9 10 12 14 15 16
3 4 5 11 13 19 20 21
4 5 6 7 17 18 19 20
2 3 9 10 14 15 21 22
5 6 7 8 16 17 18 19
8 9 10 11 13 14 15 16
3 8 9 10 14 15 16 21
3 4 8 9 15 16 20 21
4 5 7 8 16 17 19 20
4 6 8 11 13 16 18 20
2 4 8 10 14 16 20 22
3 4 5 11 12 13 19 20 21
8 9 10 11 12 13 14 15 16
4 5 6 7 8 16 17 18 19 20
2 4 8 9 10 14 15 16 20 22
